1,83,692.6,381.7,1,0,2,1
2,83,693.1,382,1,2,2,1
3,83,693.8,382.3,1,4,2,1
4,83,694.3,382.9,1,8,2,1
5,83,694.3,383,1,10,2,1
6,83,694.2,383.2,1,12,2,1
7,83,694,383.4,1,14,2,1
8,83,693.8,383.6,1,16,2,1
9,83,693.6,383.8,1,18,2,1
10,83,693.4,383.9,1,20,2,1
11,83,693.2,384,1,22,2,1
12,83,693.2,384.2,1,24,2,1
13,83,693.2,384.4,1,26,2,1
14,83,693.4,384.6,1,28,2,1
15,83,693.7,384.6,1,30,2,1
16,83,694,384.6,1,32,2,1
17,83,694.3,384.5,2,34,2,1
18,83,694.7,384.4,2,36,2,1
19,83,695,384.1,2,38,2,1
20,83,695.3,383.7,2,40,2,1
21,83,695.4,383.4,2,42,2,1
22,83,695.3,383,2,44,2,1
23,83,695.3,382.5,2,46,2,1
24,83,695.4,381.6,2,48,2,1
25,83,695.5,380.9,2,50,2,1
26,83,695.5,380.1,2,52,2,1
27,83,695.5,379.4,2,54,2,1
28,83,695.2,378.4,2,56,2,1
29,83,694.8,377.3,2,58,2,1
30,83,693.1,376.5,2,60,2,1
31,83,690.4,376,2,62,2,1
32,83,687.6,375.6,2,64,2,1
33,83,684.4,375.1,2,66,2,1
34,83,681.3,374.3,3,68,2,1
35,83,678.6,373.8,3,70,2,1
36,83,676,373.5,3,72,2,1
37,83,674.6,372.6,3,74,2,1
38,83,674.2,371.8,3,76,2,1
39,83,674,371,3,78,2,1
40,83,674.3,370.3,3,80,2,1
41,83,675.1,369.9,3,82,2,1
42,83,675.8,369.5,3,84,2,1
43,83,676.5,369.1,3,86,2,1
44,83,676.9,369.3,3,88,2,1
45,83,677.2,369.5,3,90,2,1
46,83,677.4,369.5,3,92,2,1
47,83,677.2,369.6,3,94,2,1
48,83,676.3,369.5,3,96,2,1
49,83,675.3,369.2,3,98,2,1
50,83,674.3,368.7,4,100,2,1
51,83,673.7,368.2,4,102,2,1
52,83,673,367.5,4,104,2,1
53,83,672.3,366.9,4,106,2,1
54,83,671.9,366.4,4,108,2,1
55,83,672,366,4,110,2,1
56,83,672.2,365.7,4,112,2,1
57,83,672.5,365.6,4,114,2,1
58,83,672.9,365.6,4,116,2,1
59,83,673.3,365.7,4,118,2,1
60,83,673.6,365.9,4,120,2,1
61,83,673.9,366,4,122,2,1
62,83,674.1,366,4,124,2,1
63,83,674,365.6,4,126,2,1
64,83,673.9,365.5,4,128,2,1
65,83,673.6,365.4,4,130,2,1
66,83,673.4,365.4,4,132,2,1
67,83,673.1,365.5,5,134,2,1
68,83,672.9,365.7,5,136,2,1
69,83,672.8,365.8,5,138,2,1
70,83,672.7,365.9,5,140,2,1
71,83,672.8,366,5,142,2,1
72,83,672.9,366.1,5,144,2,1
73,83,673,366,5,146,2,1
74,83,673.2,366,5,148,2,1
75,83,673.4,366,5,150,2,1
76,83,673.5,365.9,5,152,2,1
77,83,673.8,365.4,5,154,2,1
78,83,674.1,364.9,5,156,2,1
79,83,674.4,364.5,5,158,2,1
80,83,674.9,364.2,5,160,2,1
81,83,675.3,363.8,5,162,2,1
82,83,675.6,363.5,5,164,2,1
83,83,676.1,363.4,5,166,2,1
84,83,676.4,363.8,6,168,2,1
85,83,676.7,364.2,6,170,2,1
86,83,677,364.7,6,172,2,1
87,83,677.1,365.2,6,174,2,1
88,83,677.2,365.8,6,176,2,1
89,83,677.2,366.2,6,178,2,1
90,83,677,366.5,6,180,2,1
91,83,676.7,366.5,6,182,2,1
92,83,676.3,366.5,6,184,2,1
93,83,675.8,366.6,6,186,2,1
94,83,675.6,366.5,6,188,2,1
95,83,675.5,366.5,6,190,2,1
96,83,675.6,366.6,6,192,2,1
97,83,675.7,366.8,6,194,2,1
98,83,675.8,366.9,6,196,2,1
99,83,675.9,367.1,6,198,2,1
100,83,675.9,367.2,7,200,2,1
101,83,675.7,367.3,7,202,2,1
102,83,675.4,367.4,7,204,2,1
103,83,675.1,367.4,7,206,2,1
104,83,674.8,367.4,7,208,2,1
105,83,674.6,367.5,7,210,2,1
106,83,674.5,367.7,7,212,2,1
107,83,674.3,367.8,7,214,2,1
108,83,674.2,368.1,7,216,2,1
109,83,674,368.2,7,218,2,1
110,83,673.7,368.3,7,220,2,1
111,83,673.4,368.4,7,222,2,1
112,83,673.1,368.5,7,224,2,1
113,83,672.8,368.5,7,226,2,1
114,83,672.4,368.5,7,228,2,1
115,83,672.3,368.5,7,230,2,1
116,83,672.3,368.5,7,232,2,1
117,83,672.5,368.6,8,234,2,1
118,83,672.7,368.4,8,236,2,1
119,83,672.9,368.3,8,238,2,1
120,83,673.1,368.2,8,240,2,1
121,83,673.3,368.1,8,242,2,1
122,83,673.5,367.9,8,244,2,1
123,83,673.5,367.9,8,246,2,1
124,83,673.4,368.1,8,248,2,1
125,83,673.4,368.3,8,250,2,1
126,83,673.5,368.6,8,252,2,1
127,83,673.7,368.7,8,254,2,1
128,83,673.9,368.9,8,256,2,1
129,83,674,368.9,8,258,2,1
130,83,674,368.7,8,260,2,1
131,83,674,368.5,8,262,2,1
132,83,673.9,368.3,8,264,2,1
133,83,673.7,368.1,8,266,2,1
134,83,673.3,367.9,9,268,2,1
135,83,672.9,367.8,9,270,2,1
136,83,672.5,367.8,9,272,2,1
137,83,672.2,367.8,9,274,2,1
138,83,672,367.8,9,276,2,1
139,83,671.9,367.7,9,278,2,1
140,83,671.8,367.5,9,280,2,1
141,83,671.8,367.3,9,282,2,1
142,83,671.9,367.2,9,284,2,1
143,83,672.1,367,9,286,2,1
144,83,672.3,367.1,9,288,2,1
145,83,672.4,367.2,9,290,2,1
146,83,672.7,367.5,9,292,2,1
147,83,673,367.6,9,294,2,1
148,83,673.3,367.5,9,296,2,1
149,83,673.6,367.6,9,298,2,1
150,83,674,367.7,10,300,2,1
151,83,674.4,367.6,10,302,2,1
152,83,674.8,367.6,10,304,2,1
153,83,675,367.6,10,306,2,1
154,83,675.2,367.7,10,308,2,1
155,83,675.3,368,10,310,2,1
156,83,675.4,368.2,10,312,2,1
157,83,675.5,368.3,10,314,2,1
158,83,675.6,368.5,10,316,2,1
159,83,675.7,368.6,10,318,2,1
160,83,676.1,368.7,10,320,2,1
161,83,676.5,368.7,10,322,2,1
162,83,677,368.7,10,324,2,1
163,83,677.3,368.7,10,326,2,1
164,83,677.7,368.8,10,328,2,1
165,83,677.9,368.8,10,330,2,1
166,83,678.2,368.7,10,332,2,1
167,83,678.2,368.4,11,334,2,1
168,83,678.4,367.9,11,336,2,1
169,83,678.7,367.3,11,338,2,1
170,83,679,366.7,11,340,2,1
171,83,679.4,366.2,11,342,2,1
172,83,679.8,366.4,11,344,2,1
173,83,680.3,366.8,11,346,2,1
174,83,680.6,367.4,11,348,2,1
175,83,681,368.1,11,350,2,1
176,83,681.1,368.9,11,352,2,1
177,83,681.3,369.4,11,354,2,1
178,83,681.1,369.8,11,356,2,1
179,83,681,369.6,11,358,2,1
180,83,680.8,369.3,11,360,2,1
181,83,680.8,368.9,11,362,2,1
182,83,680.7,368.5,11,364,2,1
183,83,680.7,368.1,11,366,2,1
184,83,680.7,367.6,12,368,2,1
185,83,681,367,12,370,2,1
186,83,681.3,366.3,12,372,2,1
187,83,681.5,365.7,12,374,2,1
188,83,681.9,365,12,376,2,1
189,83,682.3,364.5,12,378,2,1
190,83,682.7,364.2,12,380,2,1
191,83,683.1,364,12,382,2,1
192,83,683.3,364.1,12,384,2,1
193,83,683.6,364.3,12,386,2,1
194,83,684,364.4,12,388,2,1
195,83,684.2,364.5,12,390,2,1
196,83,684.4,364.6,12,392,2,1
197,83,684.5,364.9,12,394,2,1
198,83,684.6,365.1,12,396,2,1
199,83,684.8,365.4,12,398,2,1
200,83,684.8,365.4,13,400,2,1
201,83,684.8,365.4,13,402,2,1
202,83,684.8,365.5,13,404,2,1
203,83,684.7,365.5,13,406,2,1
204,83,684.8,365.4,13,408,2,1
205,83,684.9,365.3,13,410,2,1
206,83,685.1,365,13,412,2,1
207,83,685.2,365.3,13,414,2,1
208,83,685.3,365.6,13,416,2,1
209,83,685.4,365.8,13,418,2,1
210,83,685.5,366,13,420,2,1
211,83,685.7,365.7,13,422,2,1
212,83,685.8,365.4,13,424,2,1
213,83,685.8,365.1,13,426,2,1
214,83,685.9,364.5,13,428,2,1
215,83,686,363.7,13,430,2,1
216,83,686.1,363.4,13,432,2,1
217,83,686.1,363,14,434,2,1
218,83,686,363.1,14,436,2,1
219,83,685.9,363.1,14,438,2,1
220,83,686.1,363.3,14,440,2,1
221,83,686.2,363.5,14,442,2,1
222,83,686.3,363.9,14,444,2,1
223,83,686.3,364.4,14,446,2,1
224,83,686,364.7,14,448,2,1
225,83,685.7,365,14,450,2,1
226,83,685.5,365.2,14,452,2,1
227,83,685,365.5,14,454,2,1
228,83,684.6,365.7,14,456,2,1
229,83,684.2,365.9,14,458,2,1
230,83,683.8,366.1,14,460,2,1
231,83,683.6,366.2,14,462,2,1
232,83,681.3,365.5,14,464,2,1
233,83,678.1,365.1,14,466,2,1
234,83,674.5,364.5,15,468,2,1
235,83,668.1,363.6,15,470,2,1
236,83,660.5,362.7,15,472,2,1
237,83,650.5,360.2,15,474,2,1
238,83,638,357.7,15,476,2,1
239,83,625.8,356,15,478,2,1
240,83,613.9,354.1,15,480,2,1
241,83,600.8,352.2,15,482,2,1
242,83,588.7,350.3,15,484,2,1
243,83,577.6,348.3,15,486,2,1
244,83,568.8,347.9,15,488,2,1
245,83,562.8,347.5,15,490,2,1
246,83,558.5,346.7,15,492,2,1
247,83,555.1,346,15,494,2,1
248,83,553.4,344.9,15,496,2,1
249,83,553.3,344,15,498,2,1
250,83,553.6,343.1,16,500,2,1
251,83,553.9,342.3,16,502,2,1
252,83,554.2,341.7,16,504,2,1
253,83,554.5,341.6,16,506,2,1
254,83,554.4,341.6,16,508,2,1
255,83,554.1,342,16,510,2,1
256,83,553.6,342.3,16,512,2,1
257,83,553.1,342.4,16,514,2,1
258,83,552.6,342.7,16,516,2,1
259,83,552.1,343,16,518,2,1
260,83,551.6,343.3,16,520,2,1
261,83,551.2,343.5,16,522,2,1
262,83,550.9,343.7,16,524,2,1
263,83,550.9,343.9,16,526,2,1
264,83,550.8,344,16,528,2,1
265,83,550.7,344,16,530,2,1
266,83,550.7,343.8,16,532,2,1
267,83,550.7,343.7,17,534,2,1
268,83,551.1,343.6,17,536,2,1
269,83,551.6,343.4,17,538,2,1
270,83,552.1,343.4,17,540,2,1
271,83,552.6,343.4,17,542,2,1
272,83,553,343.4,17,544,2,1
273,83,553.4,343.2,17,546,2,1
274,83,553.8,343,17,548,2,1
275,83,553.8,342.7,17,550,2,1
276,83,553.9,342.5,17,552,2,1
277,83,554.1,342.2,17,554,2,1
278,83,554.4,341.9,17,556,2,1
279,83,554.7,341.7,17,558,2,1
280,83,554.9,341.6,17,560,2,1
281,83,555.2,341.7,17,562,2,1
282,83,555.4,341.6,17,564,2,1
283,83,555.5,341.4,17,566,2,1
284,83,555.6,341,18,568,2,1
285,83,555.6,340.6,18,570,2,1
286,83,555.6,340.2,18,572,2,1
287,83,555.7,339.7,18,574,2,1
288,83,555.7,339.4,18,576,2,1
289,83,555.7,339.2,18,578,2,1
290,83,555.8,339.1,18,580,2,1
291,83,555.9,339.1,18,582,2,1
292,83,556,339.2,18,584,2,1
293,83,556.2,339.2,18,586,2,1
294,83,556.3,339.1,18,588,2,1
295,83,556.4,339,18,590,2,1
296,83,556.6,338.9,18,592,2,1
297,83,556.6,338.8,18,594,2,1
298,83,556.6,339,18,596,2,1
299,83,556.5,339.2,18,598,2,1
300,83,556.5,339.4,19,600,2,1
301,83,556.5,339.6,19,602,2,1
302,83,556.6,339.6,19,604,2,1
303,83,556.8,339.7,19,606,2,1
304,83,557.1,339.6,19,608,2,1
305,83,557.3,339.5,19,610,2,1
306,83,557.4,339.4,19,612,2,1
307,83,557.5,339.2,19,614,2,1
308,83,557.6,339.3,19,616,2,1
309,83,557.7,339.5,19,618,2,1
310,83,558,339.6,19,620,2,1
311,83,558.2,339.7,19,622,2,1
312,83,558.4,339.5,19,624,2,1
313,83,558.6,339.4,19,626,2,1
314,83,558.7,339.2,19,628,2,1
315,83,558.8,338.5,19,630,2,1
316,83,558.7,337.8,19,632,2,1
317,83,559,337.1,20,634,2,1
318,83,559.5,336.5,20,636,2,1
319,83,560.2,336.2,20,638,2,1
320,83,561.1,335.8,20,640,2,1
321,83,562.1,335.5,20,642,2,1
322,83,563.1,335.4,20,644,2,1
323,83,564.2,335.6,20,646,2,1
324,83,564.7,335.9,20,648,2,1
325,83,564.9,336.2,20,650,2,1
326,83,564.9,336.6,20,652,2,1
327,83,564.9,337,20,654,2,1
328,83,565,337.3,20,656,2,1
329,83,565.3,337.2,20,658,2,1
330,83,565.7,337.1,20,660,2,1
331,83,567.4,335.3,20,662,2,1
332,83,569.9,331.4,20,664,2,1
333,83,573.5,324.5,20,666,2,1
334,83,577.3,316.4,21,668,2,1
335,83,581.1,307.9,21,670,2,1
336,83,585.5,299.6,21,672,2,1
337,83,589.8,291.5,21,674,2,1
338,83,592.8,285,21,676,2,1
339,83,595,280.4,21,678,2,1
340,83,596.2,279.1,21,680,2,1
341,83,597.2,279.1,21,682,2,1
342,83,597.9,279.7,21,684,2,1
343,83,597.8,280.4,21,686,2,1
344,83,597.8,281,21,688,2,1
345,83,597.7,281.4,21,690,2,1
346,83,597.6,281.7,21,692,2,1
347,83,597.7,281.7,21,694,2,1
348,83,597.9,281.5,21,696,2,1
349,83,598.3,280.6,21,698,2,1
350,83,598.9,279.6,22,700,2,1
351,83,599.5,278.5,22,702,2,1
352,83,600.2,277.5,22,704,2,1
353,83,600.9,276.6,22,706,2,1
354,83,601.6,275.8,22,708,2,1
355,83,602.1,275,22,710,2,1
356,83,602.4,274.4,22,712,2,1
357,83,602.7,273.9,22,714,2,1
358,83,603,273.2,22,716,2,1
359,83,603.3,272.6,22,718,2,1
360,83,603.3,272,22,720,2,1
361,83,603.4,271.6,22,722,2,1
362,83,603.5,271.3,22,724,2,1
363,83,603.5,271.3,22,726,2,1
364,83,603.8,271.3,22,728,2,1
365,83,604,271.5,22,730,2,1
366,83,604.3,271.8,22,732,2,1
367,83,604.7,272.1,23,734,2,1
368,83,605,272.5,23,736,2,1
369,83,605.3,273.1,23,738,2,1
370,83,605.3,273.2,23,740,2,1
371,83,605.2,272.7,23,742,2,1
372,83,605.1,272.2,23,744,2,1
373,83,604.9,271.4,23,746,2,1
374,83,604.6,270.6,23,748,2,1
375,83,604.4,269.8,23,750,2,1
376,83,604.4,269.1,23,752,2,1
377,83,604.6,268.4,23,754,2,1
378,83,605.1,267.8,23,756,2,1
379,83,605.6,267.5,23,758,2,1
380,83,606.2,267.6,23,760,2,1
381,83,606.9,267.7,23,762,2,1
382,83,607.5,267.6,23,764,2,1
383,83,608.1,267.2,23,766,2,1
384,83,608.6,266.6,24,768,2,1
385,83,608.6,266.5,24,770,2,1
386,83,608.6,266.4,24,772,2,1
387,83,608.5,266.1,24,774,2,1
388,83,608.2,265.7,24,776,2,1
389,83,607.7,265.6,24,778,2,1
390,83,607.2,265.7,24,780,2,1
391,83,606.7,265.8,24,782,2,1
392,83,606.2,265.7,24,784,2,1
393,83,605.9,265.5,24,786,2,1
394,83,605.8,265.5,24,788,2,1
395,83,606.1,265.8,24,790,2,1
396,83,606.6,266.2,24,792,2,1
397,83,607.8,266.4,24,794,2,1
398,83,609.2,266.3,24,796,2,1
399,83,610.5,266.1,24,798,2,1
400,83,611.7,265.7,25,800,2,1
401,83,612.5,265.4,25,802,2,1
402,83,612.6,265.2,25,804,2,1
403,83,612.7,264.9,25,806,2,1
404,83,612.1,264.5,25,808,2,1
405,83,611.2,263.8,25,810,2,1
406,83,610.5,263.2,25,812,2,1
407,83,609.9,262.6,25,814,2,1
408,83,609.5,262.5,25,816,2,1
409,83,609.6,262.3,25,818,2,1
410,83,609.8,262.3,25,820,2,1
411,83,609.9,262.3,25,822,2,1
412,83,610.1,262.6,25,824,2,1
413,83,610.4,262.9,25,826,2,1
414,83,610.6,263.1,25,828,2,1
415,83,610.8,263.2,25,830,2,1
416,83,611.1,262.8,25,832,2,1
417,83,611.4,262.4,26,834,2,1
418,83,612,261.8,26,836,2,1
419,83,612.6,261.5,26,838,2,1
420,83,613.2,261.3,26,840,2,1
421,83,613.7,261.2,26,842,2,1
422,83,614.4,259.3,26,844,2,1
423,83,615.1,256.5,26,846,2,1
424,83,615.7,252.6,26,848,2,1
425,83,615.2,247.7,26,850,2,1
426,83,614.9,241.4,26,852,2,1
427,83,614.7,233.7,26,854,2,1
428,83,614.5,225.9,26,856,2,1
429,83,614.3,219.2,26,858,2,1
430,83,614.8,213.7,26,860,2,1
431,83,615.3,209.5,26,862,2,1
432,83,616.4,206.5,26,864,2,1
433,83,617.3,205,26,866,2,1
434,83,618,205.1,27,868,2,1
435,83,618.7,205.2,27,870,2,1
436,83,619,205.9,27,872,2,1
437,83,618.4,206.6,27,874,2,1
438,83,617.7,207.4,27,876,2,1
439,83,617.1,208,27,878,2,1
440,83,616.5,208.4,27,880,2,1
441,83,616,208.8,27,882,2,1
442,83,615.6,209.3,27,884,2,1
443,83,615.2,208.2,27,886,2,1
444,83,615.1,207,27,888,2,1
445,83,615.2,205.4,27,890,2,1
446,83,615.4,203.9,27,892,2,1
447,83,615.7,202.4,27,894,2,1
448,83,616.1,200.6,27,896,2,1
449,83,616.6,198.6,27,898,2,1
450,83,617.3,197.6,28,900,2,1
451,83,617.8,196.9,28,902,2,1
452,83,618.3,196.5,28,904,2,1
453,83,618.6,196.2,28,906,2,1
454,83,618.8,196,28,908,2,1
455,83,618.8,196,28,910,2,1
456,83,618.8,196,28,912,2,1
457,83,618.8,196.5,28,914,2,1
458,83,618.7,196.6,28,916,2,1
459,83,618.8,196.5,28,918,2,1
460,83,618.8,196.3,28,920,2,1
461,83,619,196,28,922,2,1
462,83,619.1,195.7,28,924,2,1
463,83,619.4,195.3,28,926,2,1
464,83,619.6,195,28,928,2,1
465,83,620.1,194.7,28,930,2,1
466,83,620.5,194.4,28,932,2,1
467,83,621,193.9,29,934,2,1
468,83,621.1,193.4,29,936,2,1
469,83,621.1,193.1,29,938,2,1
470,83,621,193.2,29,940,2,1
471,83,621,193.3,29,942,2,1
472,83,620.8,193.6,29,944,2,1
473,83,620.9,193.7,29,946,2,1
474,83,620.9,194.1,29,948,2,1
475,83,621.4,194.3,29,950,2,1
476,83,622.1,194.6,29,952,2,1
477,83,622.7,194.4,29,954,2,1
478,83,623.3,194.2,29,956,2,1
479,83,623.8,193.9,29,958,2,1
480,83,624.1,193.6,29,960,2,1
481,83,624.3,193.4,29,962,2,1
482,83,624.4,193.2,29,964,2,1
483,83,624.2,193,29,966,2,1
484,83,624,192.9,30,968,2,1
485,83,623.7,193,30,970,2,1
486,83,623.3,193.2,30,972,2,1
487,83,622.9,193.3,30,974,2,1
488,83,622.6,193.5,30,976,2,1
489,83,622.6,193.7,30,978,2,1
490,83,622.8,193.2,30,980,2,1
491,83,623.2,191.9,30,982,2,1
492,83,623.7,189.9,30,984,2,1
493,83,624.4,186,30,986,2,1
494,83,625.5,179,30,988,2,1
495,83,626.5,171.4,30,990,2,1
496,83,627.5,161.2,30,992,2,1
497,83,628.6,150.5,30,994,2,1
498,83,629.6,139.8,30,996,2,1
499,83,630.8,128,30,998,2,1
500,83,631.8,118.3,31,1000,2,1
501,83,632.4,111.3,31,1002,2,1
502,83,632.9,105.2,31,1004,2,1
503,83,633,101.5,31,1006,2,1
504,83,632.3,99,31,1008,2,1
505,83,631.5,97.3,31,1010,2,1
506,83,630.6,96.9,31,1012,2,1
507,83,629.6,96.8,31,1014,2,1
508,83,628.7,96.7,31,1016,2,1
509,83,628,96.5,31,1018,2,1
510,83,627.4,96.6,31,1020,2,1
511,83,628.2,96.7,31,1022,2,1
512,83,628.9,96.8,31,1024,2,1
513,83,629.5,96.8,31,1026,2,1
514,83,630.2,97,31,1028,2,1
515,83,630.7,97.1,31,1030,2,1
516,83,631.3,97.2,31,1032,2,1
517,83,631.8,96.9,32,1034,2,1
518,83,631.6,96.6,32,1036,2,1
519,83,631.5,96.1,32,1038,2,1
520,83,631.4,95.5,32,1040,2,1
521,83,631.4,94.8,32,1042,2,1
522,83,631.5,94.1,32,1044,2,1
523,83,631.6,93.3,32,1046,2,1
524,83,631.7,93.1,32,1048,2,1
525,83,631.9,93.1,32,1050,2,1
526,83,632.1,93.3,32,1052,2,1
527,83,632.2,93.7,32,1054,2,1
528,83,632.3,94.1,32,1056,2,1
529,83,632.4,94.6,32,1058,2,1
530,83,632.4,95.1,32,1060,2,1
531,83,632.5,95.1,32,1062,2,1
532,83,632.7,94.4,32,1064,2,1
533,83,633.1,93.5,32,1066,2,1
534,83,633.6,92.5,33,1068,2,1
535,83,634.1,91.4,33,1070,2,1
536,83,634.6,90.3,33,1072,2,1
537,83,635.1,89,33,1074,2,1
538,83,635.5,88.2,33,1076,2,1
539,83,635.8,88,33,1078,2,1
540,83,635.9,87.9,33,1080,2,1
541,83,635.9,87.9,33,1082,2,1
542,83,635.9,87.9,33,1084,2,1
543,83,635.9,88,33,1086,2,1
544,83,636,88.1,33,1088,2,1
545,83,636,88.3,33,1090,2,1
546,83,636,88.3,33,1092,2,1
547,83,636,88.4,33,1094,2,1
548,83,635.9,88.3,33,1096,2,1
549,83,635.8,88.3,33,1098,2,1
550,83,635.6,88.3,34,1100,2,1
551,83,635.4,88.3,34,1102,2,1
552,83,635.2,88.1,34,1104,2,1
553,83,634.9,88.3,34,1106,2,1
554,83,634.6,88.6,34,1108,2,1
555,83,634.4,88.9,34,1110,2,1
556,83,634.2,88.9,34,1112,2,1
557,83,634.1,88.8,34,1114,2,1
558,83,634,88.7,34,1116,2,1
559,83,634,88.5,34,1118,2,1
560,83,634.1,88.1,34,1120,2,1
561,83,634.4,87.9,34,1122,2,1
562,83,634.9,87.8,34,1124,2,1
563,83,635.3,87.9,34,1126,2,1
564,83,635.7,87.8,34,1128,2,1
565,83,636.1,87.7,34,1130,2,1
566,83,635.8,87.8,34,1132,2,1
567,83,635.4,88,35,1134,2,1
568,83,635.1,88.4,35,1136,2,1
569,83,634.6,88.7,35,1138,2,1
570,83,634.2,89.2,35,1140,2,1
571,83,633.7,89.9,35,1142,2,1
572,83,633.1,90.7,35,1144,2,1
573,83,633.1,90.8,35,1146,2,1
574,83,633.1,90.8,35,1148,2,1
575,83,633,90.5,35,1150,2,1
576,83,632.9,90.4,35,1152,2,1
577,83,632.6,90.1,35,1154,2,1
578,83,632.4,89.8,35,1156,2,1
579,83,632.4,89.3,35,1158,2,1
580,83,632.3,89.3,35,1160,2,1
581,83,632.2,89,35,1162,2,1
582,83,631.9,88.7,35,1164,2,1
583,83,631.6,88.3,35,1166,2,1
584,83,631.4,87.9,36,1168,2,1
585,83,631.3,87.7,36,1170,2,1
586,83,631.3,87.8,36,1172,2,1
587,83,631.3,87.9,36,1174,2,1
588,83,631.3,88.3,36,1176,2,1
589,83,631.5,88.8,36,1178,2,1
590,83,631.7,89.4,36,1180,2,1
591,83,631.8,90,36,1182,2,1
592,83,631.9,90.4,36,1184,2,1
593,83,631.8,90.5,36,1186,2,1
594,83,631.1,90.8,36,1188,2,1
595,83,630.3,91,36,1190,2,1
596,83,629.6,91,36,1192,2,1
597,83,629,91.1,36,1194,2,1
598,83,628.6,90.8,36,1196,2,1
599,83,628.3,90.7,36,1198,2,1
600,83,627.9,90.8,37,1200,2,1
601,83,628.1,91.1,37,1202,2,1
602,83,628.2,91.6,37,1204,2,1
603,83,628.2,92,37,1206,2,1
604,83,628.1,92.5,37,1208,2,1
605,83,627.8,93.1,37,1210,2,1
606,83,627.4,93.7,37,1212,2,1
607,83,627,94.5,37,1214,2,1
608,83,626.6,95.2,37,1216,2,1
609,83,626.4,95.6,37,1218,2,1
610,83,626.3,96,37,1220,2,1
611,83,626.2,96.3,37,1222,2,1
612,83,626.2,96.4,37,1224,2,1
613,83,626.1,96.7,37,1226,2,1
614,83,625.9,96.7,37,1228,2,1
615,83,625.8,96.7,37,1230,2,1
616,83,625.5,96.6,37,1232,2,1
617,83,625.3,96.6,38,1234,2,1
618,83,624.9,96.8,38,1236,2,1
619,83,624.6,97,38,1238,2,1
620,83,624.2,97.3,38,1240,2,1
621,83,624,97.4,38,1242,2,1
622,83,623.9,97.3,38,1244,2,1
623,83,623.7,97.3,38,1246,2,1
624,83,623.4,97.3,38,1248,2,1
625,83,622.8,97.2,38,1250,2,1
626,83,622.1,97.1,38,1252,2,1
627,83,621.4,96.9,38,1254,2,1
628,83,620.7,96.9,38,1256,2,1
629,83,620,97.2,38,1258,2,1
630,83,619.5,97.5,38,1260,2,1
631,83,619.5,97.8,38,1262,2,1
632,83,619.9,98.3,38,1264,2,1
633,83,620.3,98.9,38,1266,2,1
634,83,620.5,99.2,39,1268,2,1
635,83,620.8,99.6,39,1270,2,1
636,83,621,99.9,39,1272,2,1
637,83,621.1,100.5,39,1274,2,1
638,83,620.3,101.2,39,1276,2,1
639,83,619.5,102.1,39,1278,2,1
640,83,618.2,102.9,39,1280,2,1
641,83,617,103.6,39,1282,2,1
642,83,615.9,104.3,39,1284,2,1
643,83,614.9,105,39,1286,2,1
644,83,614.2,105.6,39,1288,2,1
645,83,613.9,106.5,39,1290,2,1
646,83,613.8,106.8,39,1292,2,1
647,83,614.2,107.3,39,1294,2,1
648,83,614.5,107.7,39,1296,2,1
649,83,614.8,108.2,39,1298,2,1
650,83,614.8,108.5,40,1300,2,1
651,83,614.3,108.6,40,1302,2,1
652,83,613.8,108.4,40,1304,2,1
653,83,613.2,108.3,40,1306,2,1
654,83,612.7,108.2,40,1308,2,1
655,83,612.4,108.2,40,1310,2,1
656,83,612.1,108.2,40,1312,2,1
657,83,612,108.3,40,1314,2,1
658,83,611.6,108.5,40,1316,2,1
659,83,611.1,108.8,40,1318,2,1
660,83,610.6,108.9,40,1320,2,1
661,83,610.2,108.8,40,1322,2,1
662,83,609.6,109,40,1324,2,1
663,83,609.1,109.3,40,1326,2,1
664,83,608.4,110.1,40,1328,2,1
665,83,608.3,111.3,40,1330,2,1
666,83,607.9,112.5,40,1332,2,1
667,83,607.5,113.7,41,1334,2,1
668,83,607.1,114.9,41,1336,2,1
669,83,606.7,115.9,41,1338,2,1
670,83,606.5,117,41,1340,2,1
671,83,606.3,117.8,41,1342,2,1
672,83,606.3,118.3,41,1344,2,1
673,83,606.5,118.9,41,1346,2,1
674,83,606.6,120,41,1348,2,1
675,83,606.8,121.1,41,1350,2,1
676,83,606.9,122,41,1352,2,1
677,83,607,122.9,41,1354,2,1
678,83,607,123.6,41,1356,2,1
679,83,607,124.2,41,1358,2,1
680,83,606.8,124.5,41,1360,2,1
681,83,606.3,124.5,41,1362,2,1
682,83,605.8,124.9,41,1364,2,1
683,83,605.1,125.7,41,1366,2,1
684,83,604.5,126.5,42,1368,2,1
685,83,603.9,127.2,42,1370,2,1
686,83,603.4,128,42,1372,2,1
687,83,602.9,128.8,42,1374,2,1
688,83,602.7,130,42,1376,2,1
689,83,602.5,130.7,42,1378,2,1
690,83,602.3,131.3,42,1380,2,1
691,83,602.1,132,42,1382,2,1
692,83,601.9,132.9,42,1384,2,1
693,83,601.6,133.4,42,1386,2,1
694,83,601.3,134.9,42,1388,2,1
695,83,601,136.6,42,1390,2,1
696,83,600.8,138.3,42,1392,2,1
697,83,600.5,140.1,42,1394,2,1
698,83,600.1,142.4,42,1396,2,1
699,83,599.6,144.6,42,1398,2,1
700,83,598.8,146.7,43,1400,2,1
701,83,598.2,147.3,43,1402,2,1
702,83,597.6,148,43,1404,2,1
703,83,597.1,149,43,1406,2,1
704,83,596.5,149.9,43,1408,2,1
705,83,596,150.1,43,1410,2,1
706,83,595.6,150.3,43,1412,2,1
707,83,595.4,150.6,43,1414,2,1
708,83,595.3,150.9,43,1416,2,1
709,83,595,151.2,43,1418,2,1
710,83,594.5,152.1,43,1420,2,1
711,83,594,153,43,1422,2,1
712,83,593.5,154.2,43,1424,2,1
713,83,593,155.2,43,1426,2,1
714,83,592.5,156.6,43,1428,2,1
715,83,591.7,158.5,43,1430,2,1
716,83,590.6,160.9,43,1432,2,1
717,83,589,163.1,44,1434,2,1
718,83,585.9,165.8,44,1436,2,1
719,83,581.7,170,44,1438,2,1
720,83,575.4,175.6,44,1440,2,1
721,83,566.4,184.9,44,1442,2,1
722,83,554.9,198.4,44,1444,2,1
723,83,540.3,214.5,44,1446,2,1
724,83,522.2,236,44,1448,2,1
725,83,503.7,259.8,44,1450,2,1
726,83,485,285.3,44,1452,2,1
727,83,466.6,312.9,44,1454,2,1
728,83,449.5,340.6,44,1456,2,1
729,83,434.8,366.8,44,1458,2,1
730,83,420.5,394.4,44,1460,2,1
731,83,408.9,419.1,44,1462,2,1
732,83,398.5,443.5,44,1464,2,1
733,83,388.9,465.6,44,1466,2,1
734,83,380.8,484.1,45,1468,2,1
735,83,373.8,501.2,45,1470,2,1
736,83,366.2,515.3,45,1472,2,1
737,83,361.2,525,45,1474,2,1
738,83,358.1,531.9,45,1476,2,1
739,83,355.5,537,45,1478,2,1
740,83,353.5,541,45,1480,2,1
741,83,351.8,545,45,1482,2,1
742,83,350.6,546,45,1484,2,1
743,83,350.2,547.3,45,1486,2,1
744,83,350.7,548.5,45,1488,2,1
745,83,351.1,549.8,45,1490,2,1
746,83,351.6,550.7,45,1492,2,1
747,83,352,551.7,45,1494,2,1
748,83,352.3,552.9,45,1496,2,1
749,83,352.4,554.2,45,1498,2,1
750,83,352.3,554.7,46,1500,2,1
751,83,351.7,555.4,46,1502,2,1
752,83,351.1,555.9,46,1504,2,1
753,83,350.4,556.7,46,1506,2,1
754,83,349.9,557.2,46,1508,2,1
755,83,349.3,557.5,46,1510,2,1
756,83,348.7,557.9,46,1512,2,1
757,83,348.2,558.5,46,1514,2,1
758,83,347.8,559.6,46,1516,2,1
759,83,347.5,560.7,46,1518,2,1
760,83,347.3,561.6,46,1520,2,1
761,83,347.1,562.5,46,1522,2,1
762,83,347,563.2,46,1524,2,1
763,83,346.9,563.4,46,1526,2,1
764,83,347.1,563.4,46,1528,2,1
765,83,347.3,562.9,46,1530,2,1
766,83,347.4,562.3,46,1532,2,1
767,83,347.6,561.9,47,1534,2,1
768,83,347.7,561.5,47,1536,2,1
769,83,347.8,561.2,47,1538,2,1
770,83,347.9,561.4,47,1540,2,1
771,83,348,562.1,47,1542,2,1
772,83,348,562.6,47,1544,2,1
773,83,348.1,563,47,1546,2,1
774,83,348.3,563.3,47,1548,2,1
775,83,348.4,563.5,47,1550,2,1
776,83,348.5,563.7,47,1552,2,1
777,83,348.7,563.8,47,1554,2,1
778,83,349.1,563.5,47,1556,2,1
779,83,349.4,563.2,47,1558,2,1
780,83,350,563.1,47,1560,2,1
781,83,350.6,563,47,1562,2,1
782,83,351.4,563,47,1564,2,1
783,83,352.2,562.9,47,1566,2,1
784,83,352.8,562.8,48,1568,2,1
785,83,353.4,562.4,48,1570,2,1
786,83,353.9,562.1,48,1572,2,1
787,83,354.1,561.8,48,1574,2,1
788,83,354.1,561.6,48,1576,2,1
789,83,353.9,561.6,48,1578,2,1
790,83,353.6,561.7,48,1580,2,1
791,83,353.4,562.1,48,1582,2,1
792,83,353.3,562.6,48,1584,2,1
793,83,353.2,563.3,48,1586,2,1
794,83,353.2,563.9,48,1588,2,1
795,83,353.3,564.4,48,1590,2,1
796,83,353.2,564.7,48,1592,2,1
797,83,352.7,565,48,1594,2,1
798,83,352.2,565.1,48,1596,2,1
799,83,351.8,565.2,48,1598,2,1
800,83,351.3,565.2,49,1600,2,1
801,83,350.8,565.3,49,1602,2,1
802,83,350.4,565.3,49,1604,2,1
803,83,350.5,565.5,49,1606,2,1
804,83,350.9,565.7,49,1608,2,1
805,83,351.3,565.8,49,1610,2,1
806,83,351.9,566,49,1612,2,1
807,83,352.5,566.3,49,1614,2,1
808,83,353.1,566.6,49,1616,2,1
809,83,353.9,566.9,49,1618,2,1
810,83,354.3,567.2,49,1620,2,1
811,83,354.5,567.1,49,1622,2,1
812,83,354.8,567,49,1624,2,1
813,83,354.8,566.8,49,1626,2,1
814,83,354.9,566.7,49,1628,2,1
815,83,355,566.4,49,1630,2,1
816,83,355.3,566.1,49,1632,2,1
817,83,355.6,565.9,50,1634,2,1
818,83,356,565.7,50,1636,2,1
819,83,356.4,565.5,50,1638,2,1
820,83,356.9,565.4,50,1640,2,1
821,83,357.3,565.2,50,1642,2,1
822,83,357.7,565.2,50,1644,2,1
823,83,357.7,565.2,50,1646,2,1
824,83,357.6,565.3,50,1648,2,1
825,83,357.6,565.3,50,1650,2,1
826,83,357.4,565.5,50,1652,2,1
827,83,357.2,565.9,50,1654,2,1
828,83,357,566.4,50,1656,2,1
829,83,356.8,566.7,50,1658,2,1
830,83,356.8,566.6,50,1660,2,1
831,83,356.7,566.5,50,1662,2,1
832,83,356.7,566.3,50,1664,2,1
833,83,356.6,565.9,50,1666,2,1
834,83,356.6,565.4,51,1668,2,1
835,83,356.5,564.8,51,1670,2,1
836,83,356.2,564.5,51,1672,2,1
837,83,355.9,564.5,51,1674,2,1
838,83,355.7,564.4,51,1676,2,1
839,83,355.5,564.4,51,1678,2,1
840,83,355.7,564.3,51,1680,2,1
841,83,355.8,564.2,51,1682,2,1
842,83,356.1,564.1,51,1684,2,1
843,83,356.4,563.7,51,1686,2,1
844,83,356.7,563.3,51,1688,2,1
845,83,357,562.6,51,1690,2,1
846,83,357.3,562,51,1692,2,1
847,83,357.2,561.6,51,1694,2,1
848,83,357.2,561.2,51,1696,2,1
849,83,357.1,561.2,51,1698,2,1
850,83,357,561.3,52,1700,2,1
851,83,356.7,561.5,52,1702,2,1
852,83,356.5,561.9,52,1704,2,1
853,83,356.2,562.3,52,1706,2,1
854,83,356,562.6,52,1708,2,1
855,83,356,562.8,52,1710,2,1
856,83,356.1,562.7,52,1712,2,1
857,83,356.5,562.6,52,1714,2,1
858,83,357,562.7,52,1716,2,1
859,83,358,562.9,52,1718,2,1
860,83,358.9,563.4,52,1720,2,1
861,83,360.1,564.2,52,1722,2,1
862,83,361.1,564.9,52,1724,2,1
863,83,362,565.5,52,1726,2,1
864,83,362.5,566.3,52,1728,2,1
865,83,363.1,566.9,52,1730,2,1
866,83,363.2,567.4,52,1732,2,1
867,83,363.4,567.6,53,1734,2,1
868,83,363.4,567.8,53,1736,2,1
869,83,363.4,568,53,1738,2,1
870,83,363.5,568.4,53,1740,2,1
871,83,363.6,568.6,53,1742,2,1
872,83,363.7,568.7,53,1744,2,1
873,83,364,569,53,1746,2,1
874,83,364.2,569.1,53,1748,2,1
875,83,364.5,569.2,53,1750,2,1
876,83,364.6,569.1,53,1752,2,1
877,83,364.7,568.8,53,1754,2,1
878,83,364.9,568.4,53,1756,2,1
879,83,365,567.9,53,1758,2,1
880,83,365,567.3,53,1760,2,1
881,83,365,566.7,53,1762,2,1
882,83,364.9,566.1,53,1764,2,1
883,83,365,565.8,53,1766,2,1
884,83,365.2,565.9,54,1768,2,1
885,83,365.4,566,54,1770,2,1
886,83,365.6,566.4,54,1772,2,1
887,83,366,566.9,54,1774,2,1
888,83,366.5,567.5,54,1776,2,1
889,83,366.9,567.9,54,1778,2,1
890,83,367.3,568.5,54,1780,2,1
891,83,367.6,569,54,1782,2,1
892,83,367.9,569.6,54,1784,2,1
893,83,368.3,570.1,54,1786,2,1
894,83,368.5,570.5,54,1788,2,1
895,83,368.6,570.8,54,1790,2,1
896,83,368.7,571.1,54,1792,2,1
897,83,368.9,570.9,54,1794,2,1
898,83,369.1,570.6,54,1796,2,1
899,83,369.3,570.1,54,1798,2,1
900,83,369.5,569.5,55,1800,2,1
901,83,369.8,569,55,1802,2,1
902,83,370.2,568.5,55,1804,2,1
903,83,370.5,568,55,1806,2,1
904,83,370.8,567.9,55,1808,2,1
905,83,371.1,567.7,55,1810,2,1
906,83,371.4,567.6,55,1812,2,1
907,83,371.4,567.6,55,1814,2,1
908,83,371.2,567.7,55,1816,2,1
909,83,370.5,568.2,55,1818,2,1
910,83,369.8,568.6,55,1820,2,1
911,83,369,569.1,55,1822,2,1
912,83,368.3,569.6,55,1824,2,1
913,83,367.4,570.3,55,1826,2,1
914,83,366.8,570.9,55,1828,2,1
915,83,366.4,571.5,55,1830,2,1
916,83,366.5,571.8,55,1832,2,1
917,83,366.7,572.3,56,1834,2,1
918,83,366.9,572.6,56,1836,2,1
919,83,367.2,573,56,1838,2,1
920,83,367.5,573.1,56,1840,2,1
921,83,367.8,572.9,56,1842,2,1
922,83,368,572.5,56,1844,2,1
923,83,368.3,572.1,56,1846,2,1
924,83,368.6,571.5,56,1848,2,1
925,83,368.8,571,56,1850,2,1
926,83,368.9,570.2,56,1852,2,1
927,83,369.1,569.7,56,1854,2,1
928,83,369.2,569.5,56,1856,2,1
929,83,369.2,569.3,56,1858,2,1
930,83,369.1,569.2,56,1860,2,1
931,83,369,569.2,56,1862,2,1
932,83,368.8,569.3,56,1864,2,1
933,83,368.6,569.5,56,1866,2,1
934,83,368.4,569.6,57,1868,2,1
935,83,368.4,569.4,57,1870,2,1
936,83,368.5,569.2,57,1872,2,1
937,83,368.9,568.7,57,1874,2,1
938,83,369.5,569.1,57,1876,2,1
939,83,370.1,569.6,57,1878,2,1
940,83,370.7,570.1,57,1880,2,1
941,83,371.2,570.8,57,1882,2,1
942,83,371.7,571.7,57,1884,2,1
943,83,372,572.6,57,1886,2,1
944,83,372.1,573.3,57,1888,2,1
945,83,371.9,573,57,1890,2,1
946,83,371.6,572.5,57,1892,2,1
947,83,371.4,572,57,1894,2,1
948,83,371.4,571.3,57,1896,2,1
949,83,371.4,570.5,57,1898,2,1
950,83,371.7,569.9,58,1900,2,1
951,83,372.1,569.4,58,1902,2,1
952,83,372.6,568.9,58,1904,2,1
953,83,373.1,568.6,58,1906,2,1
954,83,373.5,568.5,58,1908,2,1
955,83,373.9,568.5,58,1910,2,1
956,83,374.2,568.9,58,1912,2,1
957,83,374.2,569.3,58,1914,2,1
958,83,374.1,569.9,58,1916,2,1
959,83,373.9,570.5,58,1918,2,1
960,83,373.8,570.9,58,1920,2,1
961,83,373.7,571.1,58,1922,2,1
962,83,373.6,571.1,58,1924,2,1
963,83,373.6,570.8,58,1926,2,1
964,83,373.6,570.5,58,1928,2,1
965,83,373.7,569.9,58,1930,2,1
966,83,373.8,569.4,58,1932,2,1
967,83,374,568.9,59,1934,2,1
968,83,374.2,568.7,59,1936,2,1
969,83,374.4,568.4,59,1938,2,1
970,83,374.8,568.2,59,1940,2,1
971,83,375.1,568,59,1942,2,1
972,83,375.4,567.9,59,1944,2,1
973,83,375.6,567.9,59,1946,2,1
974,83,375.8,568,59,1948,2,1
975,83,375.9,568,59,1950,2,1
976,83,375.9,568.1,59,1952,2,1
977,83,375.8,568.1,59,1954,2,1
978,83,375.6,568.3,59,1956,2,1
979,83,375.6,568.3,59,1958,2,1
980,83,375.6,568.2,59,1960,2,1
981,83,375.4,568,59,1962,2,1
982,83,375.3,567.7,59,1964,2,1
983,83,375.2,567.3,59,1966,2,1
984,83,375.1,566.6,60,1968,2,1
985,83,375.1,566.1,60,1970,2,1
986,83,375,565.8,60,1972,2,1
987,83,375.1,565.7,60,1974,2,1
988,83,375.6,565.7,60,1976,2,1
989,83,376.3,565.9,60,1978,2,1
990,83,377,566.1,60,1980,2,1
991,83,377.7,566.5,60,1982,2,1
992,83,378.4,566.3,60,1984,2,1
993,83,379.1,565.8,60,1986,2,1
994,83,379.7,565.4,60,1988,2,1
995,83,380,565,60,1990,2,1
996,83,379.9,564.5,60,1992,2,1
997,83,379.8,564,60,1994,2,1
998,83,379.6,563.5,60,1996,2,1
999,83,379.3,563.3,60,1998,2,1
1000,83,378.9,563.2,61,2000,2,1
1001,83,378.6,562.9,61,2002,2,1
1002,83,378.4,562.3,61,2004,2,1
1003,83,378.2,561.6,61,2006,2,1
1004,83,378.1,560.9,61,2008,2,1
1005,83,378,560.5,61,2010,2,1
1006,83,377.9,560.1,61,2012,2,1
1007,83,378.2,559.9,61,2014,2,1
1008,83,378.6,560,61,2016,2,1
1009,83,379.1,560.4,61,2018,2,1
1010,83,379.6,560.8,61,2020,2,1
1011,83,380.1,561,61,2022,2,1
1012,83,380.5,561,61,2024,2,1
1013,83,380.7,561,61,2026,2,1
1014,83,380.6,561,61,2028,2,1
1015,83,380.5,560.7,61,2030,2,1
1016,83,380.4,560.4,61,2032,2,1
1017,83,380.3,560.2,62,2034,2,1
1018,83,380.3,559.9,62,2036,2,1
1019,83,380.3,559.7,62,2038,2,1
1020,83,380.5,559.7,62,2040,2,1
1021,83,380.8,559.7,62,2042,2,1
1022,83,381,559.8,62,2044,2,1
1023,83,381.2,559.8,62,2046,2,1
1024,83,381.5,559.9,62,2048,2,1
1025,83,381.8,560,62,2050,2,1
1026,83,382,560,62,2052,2,1
1027,83,382.3,559.9,62,2054,2,1
1028,83,382.5,559.8,62,2056,2,1
1029,83,382.5,559.8,62,2058,2,1
1030,83,382.6,560.1,62,2060,2,1
1031,83,382.5,560.6,62,2062,2,1
1032,83,382.4,561.2,62,2064,2,1
1033,83,382.2,561.8,62,2066,2,1
1034,83,381.9,562.3,63,2068,2,1
1035,83,381.7,562.7,63,2070,2,1
1036,83,381.7,563.2,63,2072,2,1
1037,83,381.5,563.6,63,2074,2,1
1038,83,381.2,563.5,63,2076,2,1
1039,83,380,563.4,63,2078,2,1
1040,83,378.5,562.9,63,2080,2,1
1041,83,375.7,562.5,63,2082,2,1
1042,83,372,562,63,2084,2,1
1043,83,365.1,560.4,63,2086,2,1
1044,83,356.3,558.3,63,2088,2,1
1045,83,346.9,555.9,63,2090,2,1
1046,83,335.7,550.9,63,2092,2,1
1047,83,323.2,546.1,63,2094,2,1
1048,83,309.2,540,63,2096,2,1
1049,83,294.5,534.1,63,2098,2,1
1050,83,281.4,529.5,64,2100,2,1
1051,83,267.8,525.5,64,2102,2,1
1052,83,253.6,521.9,64,2104,2,1
1053,83,241.9,520.7,64,2106,2,1
1054,83,231.7,519.7,64,2108,2,1
1055,83,223.6,519.9,64,2110,2,1
1056,83,216.2,520.2,64,2112,2,1
1057,83,210.3,520.4,64,2114,2,1
1058,83,206.9,520.7,64,2116,2,1
1059,83,204.9,520.8,64,2118,2,1
1060,83,202.7,520.8,64,2120,2,1
1061,83,200.6,520.9,64,2122,2,1
1062,83,199.4,520.1,64,2124,2,1
1063,83,199,519.2,64,2126,2,1
1064,83,198.7,518.2,64,2128,2,1
1065,83,198.4,517.2,64,2130,2,1
1066,83,198.2,516.5,64,2132,2,1
1067,83,198.1,515.9,65,2134,2,1
1068,83,198.2,515.3,65,2136,2,1
1069,83,198.2,515.8,65,2138,2,1
1070,83,198.2,516.2,65,2140,2,1
1071,83,198.2,516.7,65,2142,2,1
1072,83,198.1,517.1,65,2144,2,1
1073,83,198.1,517.4,65,2146,2,1
1074,83,198,517.7,65,2148,2,1
1075,83,197.7,517.9,65,2150,2,1
1076,83,197.5,518,65,2152,2,1
1077,83,197.3,518.1,65,2154,2,1
1078,83,197.2,518.1,65,2156,2,1
1079,83,197.1,518.1,65,2158,2,1
1080,83,196.8,518.1,65,2160,2,1
1081,83,196.4,518.1,65,2162,2,1
1082,83,196.1,518.1,65,2164,2,1
1083,83,195.7,518.2,65,2166,2,1
1084,83,195.4,518.2,66,2168,2,1
1085,83,195.1,518.3,66,2170,2,1
1086,83,194.7,518.5,66,2172,2,1
1087,83,194.4,518.4,66,2174,2,1
1088,83,194,518.3,66,2176,2,1
1089,83,193.5,518,66,2178,2,1
1090,83,192.9,517.8,66,2180,2,1
1091,83,192.3,517.6,66,2182,2,1
1092,83,191.8,517.3,66,2184,2,1
1093,83,191.4,517,66,2186,2,1
1094,83,191.2,517.1,66,2188,2,1
1095,83,191.3,517.3,66,2190,2,1
1096,83,191.6,517.5,66,2192,2,1
1097,83,191.9,517.6,66,2194,2,1
1098,83,192.4,517.8,66,2196,2,1
1099,83,192.8,518.1,66,2198,2,1
1100,83,192.9,518.4,67,2200,2,1
1101,83,192.6,518.7,67,2202,2,1
1102,83,192.1,518.7,67,2204,2,1
1103,83,191.6,518.9,67,2206,2,1
1104,83,191,519.2,67,2208,2,1
1105,83,190.4,519.5,67,2210,2,1
1106,83,189.9,519.7,67,2212,2,1
1107,83,189.6,520.2,67,2214,2,1
1108,83,189.8,520.6,67,2216,2,1
1109,83,189.9,521.1,67,2218,2,1
1110,83,190,521.4,67,2220,2,1
1111,83,190.4,522.1,67,2222,2,1
1112,83,190.8,522.7,67,2224,2,1
1113,83,191,523.3,67,2226,2,1
1114,83,191.2,523.7,67,2228,2,1
1115,83,191.3,524,67,2230,2,1
1116,83,191.4,524.4,67,2232,2,1
1117,83,191.6,524.7,68,2234,2,1
1118,83,191.7,524.9,68,2236,2,1
1119,83,191.7,525,68,2238,2,1
1120,83,191.7,525,68,2240,2,1
1121,83,191.9,525,68,2242,2,1
1122,83,192.3,525,68,2244,2,1
1123,83,192.6,524.6,68,2246,2,1
1124,83,192.7,524.1,68,2248,2,1
1125,83,193,523.8,68,2250,2,1
1126,83,193.3,523.4,68,2252,2,1
1127,83,193.6,523.1,68,2254,2,1
1128,83,193.8,523,68,2256,2,1
1129,83,193.8,522.8,68,2258,2,1
1130,83,194,523.2,68,2260,2,1
1131,83,194.1,523.7,68,2262,2,1
1132,83,194.2,524,68,2264,2,1
1133,83,193.9,524.2,68,2266,2,1
1134,83,193.4,524.4,69,2268,2,1
1135,83,192.7,524.4,69,2270,2,1
1136,83,192.1,524.4,69,2272,2,1
1137,83,191.4,524.4,69,2274,2,1
1138,83,190.7,524.4,69,2276,2,1
1139,83,190,524.6,69,2278,2,1
1140,83,189.6,524.7,69,2280,2,1
1141,83,189.7,524.8,69,2282,2,1
1142,83,189.9,524.9,69,2284,2,1
1143,83,190.2,525.1,69,2286,2,1
1144,83,190.5,525.3,69,2288,2,1
1145,83,190.7,525.5,69,2290,2,1
1146,83,191,525.7,69,2292,2,1
1147,83,191.2,525.6,69,2294,2,1
1148,83,190.8,525.2,69,2296,2,1
1149,83,190.6,525.1,69,2298,2,1
1150,83,190.3,525,70,2300,2,1
1151,83,190,524.8,70,2302,2,1
1152,83,189.8,524.4,70,2304,2,1
1153,83,189.6,523.9,70,2306,2,1
1154,83,189,523.5,70,2308,2,1
1155,83,188.6,522.9,70,2310,2,1
1156,83,188.3,522.2,70,2312,2,1
1157,83,188.6,521.6,70,2314,2,1
1158,83,189,521.1,70,2316,2,1
1159,83,189.2,520.7,70,2318,2,1
1160,83,189.3,520.6,70,2320,2,1
1161,83,189.6,520.5,70,2322,2,1
1162,83,189.8,520.8,70,2324,2,1
1163,83,189.9,521.4,70,2326,2,1
1164,83,189.5,522.1,70,2328,2,1
1165,83,189.1,522.7,70,2330,2,1
1166,83,189,523.3,70,2332,2,1
1167,83,188.9,523.8,71,2334,2,1
1168,83,189,524.3,71,2336,2,1
1169,83,189,524.7,71,2338,2,1
1170,83,189.1,524.8,71,2340,2,1
1171,83,189.3,524.8,71,2342,2,1
1172,83,189.5,525.5,71,2344,2,1
1173,83,189.7,526.1,71,2346,2,1
1174,83,189.8,526.7,71,2348,2,1
1175,83,191.8,527.2,71,2350,2,1
1176,83,195.1,527.7,71,2352,2,1
1177,83,199.9,527.8,71,2354,2,1
1178,83,207.8,527.7,71,2356,2,1
1179,83,219.1,526.2,71,2358,2,1
1180,83,234,524.5,71,2360,2,1
1181,83,253.2,520.8,71,2362,2,1
1182,83,275.8,515.3,71,2364,2,1
1183,83,300.2,508,71,2366,2,1
1184,83,326.3,500.7,72,2368,2,1
1185,83,352.1,493.6,72,2370,2,1
1186,83,376.2,487.3,72,2372,2,1
1187,83,400.1,481,72,2374,2,1
1188,83,423.7,476.4,72,2376,2,1
1189,83,445.1,473.4,72,2378,2,1
1190,83,466.8,471.9,72,2380,2,1
1191,83,488.5,470.4,72,2382,2,1
1192,83,509.5,469,72,2384,2,1
1193,83,532.4,467.7,72,2386,2,1
1194,83,551.7,466.9,72,2388,2,1
1195,83,567,467.4,72,2390,2,1
1196,83,579,468,72,2392,2,1
1197,83,587.5,469.8,72,2394,2,1
1198,83,592.6,471.9,72,2396,2,1
1199,83,594.6,474.1,72,2398,2,1
1200,83,593.3,475.6,73,2400,2,1
1201,83,592,476.8,73,2402,2,1
1202,83,590.8,477,73,2404,2,1
1203,83,590.2,477,73,2406,2,1
1204,83,590.4,476,73,2408,2,1
1205,83,590.9,474.9,73,2410,2,1
1206,83,592.3,474,73,2412,2,1
1207,83,594.3,473.8,73,2414,2,1
1208,83,596.7,473.6,73,2416,2,1
1209,83,599.1,473.8,73,2418,2,1
1210,83,600.6,474,73,2420,2,1
1211,83,601.2,474.4,73,2422,2,1
1212,83,601.7,474.9,73,2424,2,1
1213,83,602.1,475.4,73,2426,2,1
1214,83,601.2,475.8,73,2428,2,1
1215,83,600,475.9,73,2430,2,1
1216,83,598.6,475.6,73,2432,2,1
1217,83,597.6,475.3,74,2434,2,1
1218,83,596.7,474.8,74,2436,2,1
1219,83,596,474.4,74,2438,2,1
1220,83,595.3,473.9,74,2440,2,1
1221,83,595.4,473.5,74,2442,2,1
1222,83,595.5,473.4,74,2444,2,1
1223,83,595.5,473.2,74,2446,2,1
1224,83,595.5,473,74,2448,2,1
1225,83,595.5,472.9,74,2450,2,1
1226,83,595.4,472.8,74,2452,2,1
1227,83,595.5,472.8,74,2454,2,1
1228,83,595.3,473.2,74,2456,2,1
1229,83,595.2,473.6,74,2458,2,1
1230,83,595.2,474,74,2460,2,1
1231,83,595.2,474.5,74,2462,2,1
1232,83,595.3,475.1,74,2464,2,1
1233,83,595.4,475.7,74,2466,2,1
1234,83,595.5,476.3,75,2468,2,1
1235,83,595.7,476.4,75,2470,2,1
1236,83,596.6,476.4,75,2472,2,1
1237,83,597.4,476.5,75,2474,2,1
1238,83,598.3,476.5,75,2476,2,1
1239,83,599,476.4,75,2478,2,1
1240,83,599.5,476.4,75,2480,2,1
1241,83,599.9,476.3,75,2482,2,1
1242,83,600.4,476.3,75,2484,2,1
1243,83,600.2,476.2,75,2486,2,1
1244,83,600.1,476.1,75,2488,2,1
1245,83,599.9,476.1,75,2490,2,1
1246,83,599.4,476.3,75,2492,2,1
1247,83,599.2,476.5,75,2494,2,1
1248,83,598.8,477.2,75,2496,2,1
1249,83,598.8,477.9,75,2498,2,1
1250,83,598.8,478.8,76,2500,2,1
1251,83,598.9,479.5,76,2502,2,1
1252,83,599,480,76,2504,2,1
1253,83,599.5,480.3,76,2506,2,1
1254,83,600.4,480.6,76,2508,2,1
1255,83,601.3,480.5,76,2510,2,1
1256,83,601.8,480.3,76,2512,2,1
1257,83,602.2,480.1,76,2514,2,1
1258,83,602.6,479.9,76,2516,2,1
1259,83,602.9,479.8,76,2518,2,1
1260,83,603.2,479.6,76,2520,2,1
1261,83,603.1,479.5,76,2522,2,1
1262,83,603,479.4,76,2524,2,1
1263,83,602.9,479.4,76,2526,2,1
1264,83,602.7,479.5,76,2528,2,1
1265,83,602.6,479.7,76,2530,2,1
1266,83,602.5,479.9,76,2532,2,1
1267,83,602.3,480,77,2534,2,1
1268,83,602.2,480,77,2536,2,1
1269,83,602.1,480,77,2538,2,1
1270,83,602.3,479.9,77,2540,2,1
1271,83,602.5,479.6,77,2542,2,1
1272,83,602.7,479.3,77,2544,2,1
1273,83,603.1,479.1,77,2546,2,1
1274,83,603.5,479.5,77,2548,2,1
1275,83,604.2,479.9,77,2550,2,1
1276,83,605,480.5,77,2552,2,1
1277,83,605.6,481,77,2554,2,1
1278,83,606.3,481.4,77,2556,2,1
1279,83,607.1,481.4,77,2558,2,1
1280,83,607.7,481.4,77,2560,2,1
1281,83,608.2,480.8,77,2562,2,1
1282,83,608.4,480.2,77,2564,2,1
1283,83,608.7,479.6,78,2566,2,1
1284,83,608.7,478.8,78,2568,2,1
1285,83,608.7,478.3,78,2570,2,1
1286,83,608.7,477.9,78,2572,2,1
1287,83,608.7,477.5,78,2574,2,1
1288,83,608.6,477,78,2576,2,1
1289,83,608.6,476.6,78,2578,2,1
1290,83,608.5,476.8,78,2580,2,1
1291,83,608.4,477.3,78,2582,2,1
1292,83,608.3,478,78,2584,2,1
1293,83,608.2,478.6,78,2586,2,1
1294,83,608.1,479.2,78,2588,2,1
1295,83,608,479.7,78,2590,2,1
1296,83,607.9,480.3,78,2592,2,1
1297,83,607.8,480.3,78,2594,2,1
1298,83,607.6,480.1,78,2596,2,1
1299,83,607.5,479.9,78,2598,2,1
1300,83,607.4,479.5,79,2600,2,1
1301,83,607.3,479.2,79,2602,2,1
1302,83,607.2,478.9,79,2604,2,1
1303,83,607,478.7,79,2606,2,1
1304,83,606.9,478.8,79,2608,2,1
1305,83,606.8,479,79,2610,2,1
1306,83,606.7,479.3,79,2612,2,1
1307,83,606.5,479.9,79,2614,2,1
1308,83,606.2,480.4,79,2616,2,1
1309,83,606.1,480.9,79,2618,2,1
1310,83,606,481.4,79,2620,2,1
1311,83,605.9,481.7,79,2622,2,1
1312,83,605.9,481.7,79,2624,2,1
1313,83,606,481.3,79,2626,2,1
1314,83,606.1,480.7,79,2628,2,1
1315,83,606.2,480.1,79,2630,2,1
1316,83,606.4,479.4,79,2632,2,1
1317,83,606.5,478.7,80,2634,2,1
1318,83,606.7,478,80,2636,2,1
1319,83,607,477.4,80,2638,2,1
1320,83,607.2,476.5,80,2640,2,1
1321,83,607.5,475.9,80,2642,2,1
1322,83,607.9,475.2,80,2644,2,1
1323,83,608,474.8,80,2646,2,1
1324,83,608,474.5,80,2648,2,1
1325,83,607.4,474.4,80,2650,2,1
1326,83,606.6,474.5,80,2652,2,1
1327,83,605.7,475.3,80,2654,2,1
1328,83,604.8,475.9,80,2656,2,1
1329,83,603.9,476.6,80,2658,2,1
1330,83,603.2,477,80,2660,2,1
1331,83,602.6,477.2,80,2662,2,1
1332,83,602.6,477.3,80,2664,2,1
1333,83,602.7,477.1,81,2666,2,1
1334,83,602.7,476.9,81,2668,2,1
1335,83,602.9,476.7,81,2670,2,1
1336,83,603,476.5,81,2672,2,1
1337,83,603.1,476.4,81,2674,2,1
1338,83,603.2,476.5,81,2676,2,1
1339,83,603.3,476.7,81,2678,2,1
1340,83,603.5,477,81,2680,2,1
1341,83,603.4,477.1,81,2682,2,1
1342,83,603.3,477.2,81,2684,2,1
1343,83,603.1,477.3,81,2686,2,1
1344,83,602.9,477.2,81,2688,2,1
1345,83,602.4,477.2,81,2690,2,1
1346,83,601.6,477.1,81,2692,2,1
1347,83,600.7,476.8,81,2694,2,1
1348,83,600,476.6,81,2696,2,1
1349,83,599.3,476.2,81,2698,2,1
1350,83,598.5,475.8,82,2700,2,1
1351,83,597.9,475.3,82,2702,2,1
1352,83,597.5,474.8,82,2704,2,1
1353,83,597.5,474.4,82,2706,2,1
1354,83,597.4,474.3,82,2708,2,1
1355,83,597,474.5,82,2710,2,1
1356,83,595.7,474.9,82,2712,2,1
1357,83,594.3,475.5,82,2714,2,1
1358,83,591.1,476.1,82,2716,2,1
1359,83,586.9,475.3,82,2718,2,1
1360,83,581.6,474.6,82,2720,2,1
1361,83,574.8,473.2,82,2722,2,1
1362,83,566,471.6,82,2724,2,1
1363,83,556.2,470,82,2726,2,1
1364,83,545.5,468.3,82,2728,2,1
1365,83,535.4,466.3,82,2730,2,1
1366,83,526.4,465.7,82,2732,2,1
1367,83,518.2,464.8,83,2734,2,1
1368,83,511.8,464.1,83,2736,2,1
1369,83,507.4,463.3,83,2738,2,1
1370,83,505.9,462.4,83,2740,2,1
1371,83,505.5,461.6,83,2742,2,1
1372,83,506.2,461.3,83,2744,2,1
1373,83,506.9,461,83,2746,2,1
1374,83,507.7,460.8,83,2748,2,1
1375,83,508.2,460.7,83,2750,2,1
1376,83,508.7,460.6,83,2752,2,1
1377,83,508.3,460.6,83,2754,2,1
1378,83,507.9,460.4,83,2756,2,1
1379,83,506.8,460.1,83,2758,2,1
1380,83,505.8,459.6,83,2760,2,1
1381,83,504.6,459.1,83,2762,2,1
1382,83,503.7,458.4,83,2764,2,1
1383,83,502.9,457.9,84,2766,2,1
1384,83,502.3,457.5,84,2768,2,1
1385,83,501.8,457,84,2770,2,1
1386,83,501.7,456.5,84,2772,2,1
1387,83,501.9,456.1,84,2774,2,1
1388,83,502.2,455.7,84,2776,2,1
1389,83,502.6,455.4,84,2778,2,1
1390,83,502.9,455.1,84,2780,2,1
1391,83,503,454.9,84,2782,2,1
1392,83,503.1,454.8,84,2784,2,1
1393,83,503.2,454.9,84,2786,2,1
1394,83,503,455,84,2788,2,1
1395,83,502.9,455.1,84,2790,2,1
1396,83,502.7,454.7,84,2792,2,1
1397,83,502.5,454.2,84,2794,2,1
1398,83,502.3,453.7,84,2796,2,1
1399,83,502.2,453,84,2798,2,1
1400,83,502.1,452.2,85,2800,2,1
1401,83,501.9,451.4,85,2802,2,1
1402,83,501.5,450.5,85,2804,2,1
1403,83,501,450.4,85,2806,2,1
1404,83,500.5,449.9,85,2808,2,1
1405,83,499.7,449.4,85,2810,2,1
1406,83,499,449,85,2812,2,1
1407,83,498.5,448.5,85,2814,2,1
1408,83,498.2,448,85,2816,2,1
1409,83,498.2,447.5,85,2818,2,1
1410,83,498.3,446.8,85,2820,2,1
1411,83,498.4,446.3,85,2822,2,1
1412,83,499,446,85,2824,2,1
1413,83,499.5,445.7,85,2826,2,1
1414,83,499.9,445.1,85,2828,2,1
1415,83,500,444.2,85,2830,2,1
1416,83,500,443.4,85,2832,2,1
1417,83,500.1,442.7,86,2834,2,1
1418,83,500.1,442,86,2836,2,1
1419,83,499.9,441.2,86,2838,2,1
1420,83,499.9,440.7,86,2840,2,1
1421,83,499.8,440.6,86,2842,2,1
1422,83,499.7,440.9,86,2844,2,1
1423,83,499.6,441.2,86,2846,2,1
1424,83,499.5,441.5,86,2848,2,1
1425,83,499.5,441.7,86,2850,2,1
1426,83,499.5,441.7,86,2852,2,1
1427,83,499.5,441.3,86,2854,2,1
1428,83,499.7,440.8,86,2856,2,1
1429,83,499.9,440.1,86,2858,2,1
1430,83,500.2,439.2,86,2860,2,1
1431,83,500.6,438.6,86,2862,2,1
1432,83,500.9,438.1,86,2864,2,1
1433,83,500.9,437.9,87,2866,2,1
1434,83,500.8,438.1,87,2868,2,1
1435,83,500.7,438.2,87,2870,2,1
1436,83,500.3,438.3,87,2872,2,1
1437,83,500,438.2,87,2874,2,1
1438,83,499.7,438,87,2876,2,1
1439,83,499.1,437.7,87,2878,2,1
1440,83,498.6,437.4,87,2880,2,1
1441,83,498.2,437,87,2882,2,1
1442,83,497.8,436.7,87,2884,2,1
1443,83,497.4,436.2,87,2886,2,1
1444,83,497.1,435.6,87,2888,2,1
1445,83,496.7,435,87,2890,2,1
1446,83,496.7,434.4,87,2892,2,1
1447,83,496.8,434,87,2894,2,1
1448,83,496.7,433.4,87,2896,2,1
1449,83,496.5,432.8,87,2898,2,1
1450,83,496.2,432.4,88,2900,2,1
1451,83,496,432,88,2902,2,1
1452,83,495.7,431.7,88,2904,2,1
1453,83,495.5,431.4,88,2906,2,1
1454,83,495.2,431.2,88,2908,2,1
1455,83,495.1,431.1,88,2910,2,1
1456,83,495.1,431,88,2912,2,1
1457,83,495.2,430.9,88,2914,2,1
1458,83,495.1,431,88,2916,2,1
1459,83,495.1,431.1,88,2918,2,1
1460,83,494.8,431.3,88,2920,2,1
1461,83,494.4,431.2,88,2922,2,1
1462,83,494,431.1,88,2924,2,1
1463,83,493.5,430.9,88,2926,2,1
1464,83,493.1,430.6,88,2928,2,1
1465,83,492.8,430.1,88,2930,2,1
1466,83,492.7,429.6,88,2932,2,1
1467,83,492.8,429.1,89,2934,2,1
1468,83,493,428.7,89,2936,2,1
1469,83,493.3,428.3,89,2938,2,1
1470,83,493.6,427.9,89,2940,2,1
1471,83,493.8,427.6,89,2942,2,1
1472,83,493.9,427.5,89,2944,2,1
1473,83,493.6,427.3,89,2946,2,1
1474,83,493.2,427.2,89,2948,2,1
1475,83,492.9,426.7,89,2950,2,1
1476,83,492.5,426.3,89,2952,2,1
1477,83,492.2,425.8,89,2954,2,1
1478,83,491.9,425.4,89,2956,2,1
1479,83,491.6,425,89,2958,2,1
1480,83,491.5,424.6,89,2960,2,1
1481,83,491.3,424.2,89,2962,2,1
1482,83,490.6,424.4,89,2964,2,1
1483,83,487.7,424.7,90,2966,2,1
1484,83,483.3,425.2,90,2968,2,1
1485,83,476.2,428,90,2970,2,1
1486,83,466.6,431.4,90,2972,2,1
1487,83,452.9,435.7,90,2974,2,1
1488,83,435.5,440.9,90,2976,2,1
1489,83,415.2,446.1,90,2978,2,1
1490,83,393.5,452.1,90,2980,2,1
1491,83,370.2,458.8,90,2982,2,1
1492,83,346.1,463.9,90,2984,2,1
1493,83,321,470,90,2986,2,1
1494,83,297.6,475.8,90,2988,2,1
1495,83,275.4,482.2,90,2990,2,1
1496,83,253.2,488.7,90,2992,2,1
1497,83,234.5,494.3,90,2994,2,1
1498,83,218.1,499.4,90,2996,2,1
1499,83,203.3,503.8,90,2998,2,1
1500,83,191.2,506.6,91,3000,2,1
1501,83,181.7,508.3,91,3002,2,1
1502,83,174.8,508.4,91,3004,2,1
1503,83,171.4,506.6,91,3006,2,1
1504,83,168,504.8,91,3008,2,1
1505,83,165.5,503.1,91,3010,2,1
1506,83,165.1,501.6,91,3012,2,1
1507,83,165.3,501,91,3014,2,1
1508,83,165.5,500.8,91,3016,2,1
1509,83,165.5,501.3,91,3018,2,1
1510,83,165.4,503.5,91,3020,2,1
1511,83,165.2,505.9,91,3022,2,1
1512,83,165,508.2,91,3024,2,1
1513,83,164.7,510.4,91,3026,2,1
1514,83,164.3,511.6,91,3028,2,1
1515,83,163.7,512.7,91,3030,2,1
1516,83,163.1,513.3,91,3032,2,1
1517,83,162.5,513.7,92,3034,2,1
1518,83,162,514,92,3036,2,1
1519,83,161.6,514.4,92,3038,2,1
1520,83,161.5,514.3,92,3040,2,1
1521,83,161.5,514.1,92,3042,2,1
1522,83,161.5,513.7,92,3044,2,1
1523,83,161.5,513.3,92,3046,2,1
1524,83,161.2,512.7,92,3048,2,1
1525,83,160.9,512.2,92,3050,2,1
1526,83,160.5,511.9,92,3052,2,1
1527,83,159.9,511.9,92,3054,2,1
1528,83,159.3,512,92,3056,2,1
1529,83,158.8,512.4,92,3058,2,1
1530,83,158.4,512.9,92,3060,2,1
1531,83,158.5,513.5,92,3062,2,1
1532,83,158.2,513.8,92,3064,2,1
1533,83,157.8,513.7,93,3066,2,1
1534,83,157.4,513.6,93,3068,2,1
1535,83,157.8,513.6,93,3070,2,1
1536,83,158.2,513.5,93,3072,2,1
1537,83,158.6,513.7,93,3074,2,1
1538,83,158.9,513.9,93,3076,2,1
1539,83,159.2,514.1,93,3078,2,1
1540,83,159.6,514.1,93,3080,2,1
1541,83,160,514,93,3082,2,1
1542,83,159.8,513.9,93,3084,2,1
1543,83,159.6,513.9,93,3086,2,1
1544,83,159.5,513.6,93,3088,2,1
1545,83,159.6,513.3,93,3090,2,1
1546,83,159.8,513.2,93,3092,2,1
1547,83,160,513.3,93,3094,2,1
1548,83,160.2,513.8,93,3096,2,1
1549,83,160.3,514.3,93,3098,2,1
1550,83,160.6,515,94,3100,2,1
1551,83,161.1,515.7,94,3102,2,1
1552,83,161.4,516.4,94,3104,2,1
1553,83,161.6,516.7,94,3106,2,1
1554,83,161.7,516.9,94,3108,2,1
1555,83,161.5,516.4,94,3110,2,1
1556,83,161.2,515.8,94,3112,2,1
1557,83,160.9,515.1,94,3114,2,1
1558,83,159.9,514.5,94,3116,2,1
1559,83,159,513.8,94,3118,2,1
1560,83,158.2,513.3,94,3120,2,1
1561,83,157.6,512.9,94,3122,2,1
1562,83,157.4,513,94,3124,2,1
1563,83,157.3,513.3,94,3126,2,1
1564,83,157.3,513.8,94,3128,2,1
1565,83,157.7,514.8,94,3130,2,1
1566,83,158,515.5,94,3132,2,1
1567,83,158.2,516.2,95,3134,2,1
1568,83,158.3,516.8,95,3136,2,1
1569,83,158.4,517.5,95,3138,2,1
1570,83,158,518.7,95,3140,2,1
1571,83,157.5,519.7,95,3142,2,1
1572,83,156.9,520.3,95,3144,2,1
1573,83,156.1,520.9,95,3146,2,1
1574,83,155.3,521.3,95,3148,2,1
1575,83,154.7,521.4,95,3150,2,1
1576,83,154.2,521.4,95,3152,2,1
1577,83,154.1,520.9,95,3154,2,1
1578,83,153.9,520.1,95,3156,2,1
1579,83,153.5,519.4,95,3158,2,1
1580,83,153,518.7,95,3160,2,1
1581,83,152.5,518.1,95,3162,2,1
1582,83,152,517.9,95,3164,2,1
1583,83,151.5,517.8,96,3166,2,1
1584,83,151.1,517.6,96,3168,2,1
1585,83,150.7,517.6,96,3170,2,1
1586,83,150.7,517.6,96,3172,2,1
1587,83,150.8,517.6,96,3174,2,1
1588,83,150.8,517.5,96,3176,2,1
1589,83,150.7,517.7,96,3178,2,1
1590,83,151.6,518.2,96,3180,2,1
1591,83,152.6,518.7,96,3182,2,1
1592,83,153.4,519.2,96,3184,2,1
1593,83,154.3,519.6,96,3186,2,1
1594,83,154.8,519.8,96,3188,2,1
1595,83,155.2,519.8,96,3190,2,1
1596,83,155.6,519.3,96,3192,2,1
1597,83,155.2,518.8,96,3194,2,1
1598,83,154.8,518.2,96,3196,2,1
1599,83,154.5,517.6,96,3198,2,1
1600,83,154.2,517.2,97,3200,2,1
1601,83,154.1,517.2,97,3202,2,1
1602,83,153.8,516.9,97,3204,2,1
1603,83,153.6,516.7,97,3206,2,1
1604,83,153.2,516.7,97,3208,2,1
1605,83,152.9,516.8,97,3210,2,1
1606,83,152.9,517.2,97,3212,2,1
1607,83,153.2,518.3,97,3214,2,1
1608,83,153.7,519.4,97,3216,2,1
1609,83,154.1,520.5,97,3218,2,1
1610,83,154.3,521.6,97,3220,2,1
1611,83,154.5,522.6,97,3222,2,1
1612,83,154.6,523.5,97,3224,2,1
1613,83,154.5,524,97,3226,2,1
1614,83,154,523.8,97,3228,2,1
1615,83,153.4,523.3,97,3230,2,1
1616,83,152.8,522.7,97,3232,2,1
1617,83,152.4,522.1,98,3234,2,1
1618,83,151.9,521.5,98,3236,2,1
1619,83,151.5,521.1,98,3238,2,1
1620,83,151.3,520.8,98,3240,2,1
1621,83,151.1,520.5,98,3242,2,1
1622,83,150.8,520.4,98,3244,2,1
1623,83,150.5,520.3,98,3246,2,1
1624,83,150.2,520.3,98,3248,2,1
1625,83,150,520.3,98,3250,2,1
1626,83,149.7,520.4,98,3252,2,1
1627,83,149.4,520.4,98,3254,2,1
1628,83,149.2,520.3,98,3256,2,1
1629,83,149,520.2,98,3258,2,1
1630,83,149.1,520.1,98,3260,2,1
1631,83,149.1,520.1,98,3262,2,1
1632,83,149,519.9,98,3264,2,1
1633,83,148.8,519.4,99,3266,2,1
1634,83,148.6,518.9,99,3268,2,1
1635,83,148.5,518.5,99,3270,2,1
1636,83,148.3,518.3,99,3272,2,1
1637,83,148,518.3,99,3274,2,1
1638,83,147.8,518.3,99,3276,2,1
1639,83,147.6,518.3,99,3278,2,1
1640,83,147.5,518.6,99,3280,2,1
1641,83,147.3,519.3,99,3282,2,1
1642,83,147.1,520.4,99,3284,2,1
1643,83,146.7,521.5,99,3286,2,1
1644,83,146.5,522.4,99,3288,2,1
1645,83,146.3,523.3,99,3290,2,1
1646,83,146.1,524,99,3292,2,1
1647,83,146,524.3,99,3294,2,1
1648,83,146.3,524.5,99,3296,2,1
1649,83,146.8,524,99,3298,2,1
1650,83,149.6,523.2,100,3300,2,1
1651,83,154.1,522.3,100,3302,2,1
1652,83,160.6,519.7,100,3304,2,1
1653,83,172,516.5,100,3306,2,1
1654,83,186.2,511.4,100,3308,2,1
1655,83,206.1,502.4,100,3310,2,1
1656,83,229.3,491.6,100,3312,2,1
1657,83,253.8,476.5,100,3314,2,1
1658,83,280.5,459.5,100,3316,2,1
1659,83,306.6,442,100,3318,2,1
1660,83,329.9,425.1,100,3320,2,1
1661,83,353,410.1,100,3322,2,1
1662,83,370.6,398.9,100,3324,2,1
1663,83,387.2,389,100,3326,2,1
1664,83,401.2,383.7,100,3328,2,1
1665,83,412.6,380.2,100,3330,2,1
1666,83,423.5,378.9,100,3332,2,1
1667,83,432.1,377.9,101,3334,2,1
1668,83,437.9,377,101,3336,2,1
1669,83,442.8,376.4,101,3338,2,1
1670,83,445.1,376.2,101,3340,2,1
1671,83,446.4,376,101,3342,2,1
1672,83,446.3,375.5,101,3344,2,1
1673,83,445.3,375.2,101,3346,2,1
1674,83,444.2,375,101,3348,2,1
1675,83,443.4,374.4,101,3350,2,1
1676,83,443.3,373.6,101,3352,2,1
1677,83,443.3,373,101,3354,2,1
1678,83,443.6,372.3,101,3356,2,1
1679,83,444.1,371.9,101,3358,2,1
1680,83,444.5,371.4,101,3360,2,1
1681,83,445,370.9,101,3362,2,1
1682,83,445.4,370.8,101,3364,2,1
1683,83,445.7,370.8,102,3366,2,1
1684,83,445.9,370.6,102,3368,2,1
1685,83,446.1,370.4,102,3370,2,1
1686,83,446.1,370.3,102,3372,2,1
1687,83,446.1,370.5,102,3374,2,1
1688,83,446.2,370.6,102,3376,2,1
1689,83,446.2,370.8,102,3378,2,1
1690,83,446.1,371.1,102,3380,2,1
1691,83,446.1,371.3,102,3382,2,1
1692,83,446,371.6,102,3384,2,1
1693,83,445.9,371.8,102,3386,2,1
1694,83,446,371.8,102,3388,2,1
1695,83,446,371.7,102,3390,2,1
1696,83,446.2,371.6,102,3392,2,1
1697,83,446.4,371.6,102,3394,2,1
1698,83,446.7,371.7,102,3396,2,1
1699,83,447,371.8,102,3398,2,1
1700,83,447.2,371.9,103,3400,2,1
1701,83,447.4,372,103,3402,2,1
1702,83,447.6,372.2,103,3404,2,1
1703,83,447.8,372.5,103,3406,2,1
1704,83,447.8,372.7,103,3408,2,1
1705,83,447.8,372.9,103,3410,2,1
1706,83,447.8,373,103,3412,2,1
1707,83,447.9,372.9,103,3414,2,1
1708,83,448.1,372.9,103,3416,2,1
1709,83,448.2,372.8,103,3418,2,1
1710,83,448,372.7,103,3420,2,1
1711,83,447.8,372.4,103,3422,2,1
1712,83,447.5,372.2,103,3424,2,1
1713,83,447.2,372.2,103,3426,2,1
1714,83,446.9,372.5,103,3428,2,1
1715,83,446.6,372.7,103,3430,2,1
1716,83,446.3,372.8,103,3432,2,1
1717,83,446.2,373,104,3434,2,1
1718,83,446.1,373.3,104,3436,2,1
1719,83,446.1,373.6,104,3438,2,1
1720,83,445.9,374.4,104,3440,2,1
1721,83,445.8,375,104,3442,2,1
1722,83,445.7,375.6,104,3444,2,1
1723,83,446,376.1,104,3446,2,1
1724,83,446.3,376.4,104,3448,2,1
1725,83,446.6,376,104,3450,2,1
1726,83,446.9,375.5,104,3452,2,1
1727,83,447.3,374.5,104,3454,2,1
1728,83,447.6,373.6,104,3456,2,1
1729,83,447.8,372.7,104,3458,2,1
1730,83,447.1,372,104,3460,2,1
1731,83,446.4,371.4,104,3462,2,1
1732,83,445.8,371.6,104,3464,2,1
1733,83,445.2,371.9,105,3466,2,1
1734,83,444.7,372.1,105,3468,2,1
1735,83,444.4,372,105,3470,2,1
1736,83,444.3,371.8,105,3472,2,1
1737,83,444.7,371.5,105,3474,2,1
1738,83,445.3,371.2,105,3476,2,1
1739,83,445.9,370.9,105,3478,2,1
1740,83,446.5,371,105,3480,2,1
1741,83,446.9,371.1,105,3482,2,1
1742,83,447.4,371.6,105,3484,2,1
1743,83,447.8,372.2,105,3486,2,1
1744,83,448.3,372.6,105,3488,2,1
1745,83,448.5,372.9,105,3490,2,1
1746,83,448.6,373.1,105,3492,2,1
1747,83,448.7,372.9,105,3494,2,1
1748,83,448.8,372.9,105,3496,2,1
1749,83,448.7,373.4,105,3498,2,1
1750,83,448.7,374.1,106,3500,2,1
1751,83,448.3,374.9,106,3502,2,1
1752,83,447.7,375.8,106,3504,2,1
1753,83,446.9,376.6,106,3506,2,1
1754,83,446.1,377.4,106,3508,2,1
1755,83,445.3,378,106,3510,2,1
1756,83,444.6,378.1,106,3512,2,1
1757,83,443.9,378.7,106,3514,2,1
1758,83,443.4,379,106,3516,2,1
1759,83,443.3,379.4,106,3518,2,1
1760,83,443.3,380,106,3520,2,1
1761,83,443.4,380.5,106,3522,2,1
1762,83,443.6,380.9,106,3524,2,1
1763,83,443.6,381.3,106,3526,2,1
1764,83,443.5,381.4,106,3528,2,1
1765,83,443,381.3,106,3530,2,1
1766,83,442.6,381.1,106,3532,2,1
1767,83,442.3,380.4,107,3534,2,1
1768,83,442,380,107,3536,2,1
1769,83,441.6,379.5,107,3538,2,1
1770,83,441.3,378.9,107,3540,2,1
1771,83,441,378.3,107,3542,2,1
1772,83,441,377.8,107,3544,2,1
1773,83,440.9,377.6,107,3546,2,1
1774,83,440.9,377.8,107,3548,2,1
1775,83,441,378.1,107,3550,2,1
1776,83,441,378.3,107,3552,2,1
1777,83,441.1,378.3,107,3554,2,1
1778,83,441.2,378.4,107,3556,2,1
1779,83,441.3,378.4,107,3558,2,1
1780,83,441.3,378.3,107,3560,2,1
1781,83,441.2,378.3,107,3562,2,1
1782,83,441.1,378.2,107,3564,2,1
1783,83,440.8,378.3,108,3566,2,1
1784,83,440.5,378.7,108,3568,2,1
1785,83,440.2,379.1,108,3570,2,1
1786,83,439.8,379.3,108,3572,2,1
1787,83,439.6,379.5,108,3574,2,1
1788,83,439.5,379.7,108,3576,2,1
1789,83,439.8,379.9,108,3578,2,1
1790,83,440.2,379.9,108,3580,2,1
1791,83,440.6,380,108,3582,2,1
1792,83,440.8,380.1,108,3584,2,1
1793,83,441,380.5,108,3586,2,1
1794,83,441,380.8,108,3588,2,1
1795,83,441,381.2,108,3590,2,1
1796,83,440.5,381.6,108,3592,2,1
1797,83,440,382.1,108,3594,2,1
1798,83,439.5,382.5,108,3596,2,1
1799,83,439.3,382.8,108,3598,2,1
1800,83,439.1,382.9,109,3600,2,1
1801,83,438.9,382.8,109,3602,2,1
1802,83,438.7,382.7,109,3604,2,1
1803,83,438.6,382.6,109,3606,2,1
1804,83,438.4,382.4,109,3608,2,1
1805,83,438.2,382.1,109,3610,2,1
1806,83,438.1,381.9,109,3612,2,1
1807,83,437.9,381.8,109,3614,2,1
1808,83,437.8,381.7,109,3616,2,1
1809,83,437.7,381.8,109,3618,2,1
1810,83,437.6,381.8,109,3620,2,1
1811,83,437.5,381.9,109,3622,2,1
1812,83,437.4,382,109,3624,2,1
1813,83,437.3,382.1,109,3626,2,1
1814,83,437.1,382,109,3628,2,1
1815,83,436.9,381.7,109,3630,2,1
1816,83,436.7,381.5,109,3632,2,1
1817,83,436.6,381.3,110,3634,2,1
1818,83,436.4,381.1,110,3636,2,1
1819,83,436.3,380.8,110,3638,2,1
1820,83,436.1,380.5,110,3640,2,1
1821,83,435.9,380.3,110,3642,2,1
1822,83,435.7,380.3,110,3644,2,1
1823,83,435.5,380.4,110,3646,2,1
1824,83,434.5,380.5,110,3648,2,1
1825,83,433.1,380.5,110,3650,2,1
1826,83,431.2,382.2,110,3652,2,1
1827,83,429,385.6,110,3654,2,1
1828,83,425.4,390.6,110,3656,2,1
1829,83,421.6,396.9,110,3658,2,1
1830,83,416.6,403.2,110,3660,2,1
1831,83,411.5,410.3,110,3662,2,1
1832,83,406.8,417.3,110,3664,2,1
1833,83,402.7,422.7,111,3666,2,1
1834,83,399.1,426.2,111,3668,2,1
1835,83,397.6,427.7,111,3670,2,1
1836,83,396.2,427.8,111,3672,2,1
1837,83,396,427.7,111,3674,2,1
1838,83,397,426.5,111,3676,2,1
1839,83,398.2,425.3,111,3678,2,1
1840,83,399.3,424.2,111,3680,2,1
1841,83,400.5,423.4,111,3682,2,1
1842,83,401.7,423.1,111,3684,2,1
1843,83,402.7,422.6,111,3686,2,1
1844,83,403.6,422.5,111,3688,2,1
1845,83,404.2,422.7,111,3690,2,1
1846,83,404.4,423,111,3692,2,1
1847,83,404.2,424.1,111,3694,2,1
1848,83,403.9,425.3,111,3696,2,1
1849,83,403.2,426.6,111,3698,2,1
1850,83,402.5,427.7,112,3700,2,1
1851,83,401.8,428.5,112,3702,2,1
1852,83,401.1,429,112,3704,2,1
1853,83,400.5,429.6,112,3706,2,1
1854,83,400.4,429.4,112,3708,2,1
1855,83,400.4,429.2,112,3710,2,1
1856,83,400.6,429,112,3712,2,1
1857,83,401.1,428.9,112,3714,2,1
1858,83,401.6,428.4,112,3716,2,1
1859,83,402.1,427.8,112,3718,2,1
1860,83,402.2,427.1,112,3720,2,1
1861,83,402.2,426.5,112,3722,2,1
1862,83,402.3,425.9,112,3724,2,1
1863,83,402.2,425.4,112,3726,2,1
1864,83,402.1,424.9,112,3728,2,1
1865,83,401.9,424.5,112,3730,2,1
1866,83,401.7,424.3,112,3732,2,1
1867,83,402,424.2,113,3734,2,1
1868,83,402.3,424.6,113,3736,2,1
1869,83,402.6,425.1,113,3738,2,1
1870,83,402.8,425.5,113,3740,2,1
1871,83,403.1,426.2,113,3742,2,1
1872,83,403.2,426.9,113,3744,2,1
1873,83,403.3,427.5,113,3746,2,1
1874,83,403.3,427.9,113,3748,2,1
1875,83,403.4,428.1,113,3750,2,1
1876,83,403.6,428.2,113,3752,2,1
1877,83,402.9,428.4,113,3754,2,1
1878,83,402.2,428.6,113,3756,2,1
1879,83,401.6,429,113,3758,2,1
1880,83,400.9,429.2,113,3760,2,1
1881,83,400.1,429.4,113,3762,2,1
1882,83,399.4,429.6,113,3764,2,1
1883,83,398.6,429.8,114,3766,2,1
1884,83,398.5,430.1,114,3768,2,1
1885,83,398.5,430.4,114,3770,2,1
1886,83,398.7,430.9,114,3772,2,1
1887,83,398.7,431.3,114,3774,2,1
1888,83,399,431.7,114,3776,2,1
1889,83,399.3,432,114,3778,2,1
1890,83,399.6,432.3,114,3780,2,1
1891,83,399.9,432.5,114,3782,2,1
1892,83,400.1,432.1,114,3784,2,1
1893,83,400.2,431.3,114,3786,2,1
1894,83,399.7,430.4,114,3788,2,1
1895,83,397.8,430,114,3790,2,1
1896,83,394.7,431.2,114,3792,2,1
1897,83,389,433.7,114,3794,2,1
1898,83,380.7,438.7,114,3796,2,1
1899,83,368.7,445.9,114,3798,2,1
1900,83,353.9,455.1,115,3800,2,1
1901,83,337.4,464.5,115,3802,2,1
1902,83,318.8,474.2,115,3804,2,1
1903,83,298.6,483.2,115,3806,2,1
1904,83,279.3,493.5,115,3808,2,1
1905,83,260.4,502.5,115,3810,2,1
1906,83,242.8,510.7,115,3812,2,1
1907,83,226.5,517.9,115,3814,2,1
1908,83,210.6,524.9,115,3816,2,1
1909,83,196.6,530.7,115,3818,2,1
1910,83,184.6,535.4,115,3820,2,1
1911,83,173,537.4,115,3822,2,1
1912,83,163.7,537.4,115,3824,2,1
1913,83,157.1,536.3,115,3826,2,1
1914,83,152.5,535.2,115,3828,2,1
1915,83,149.8,534.1,115,3830,2,1
1916,83,148.3,533.2,115,3832,2,1
1917,83,148.2,532.4,116,3834,2,1
1918,83,149.3,531.6,116,3836,2,1
1919,83,150.2,532.2,116,3838,2,1
1920,83,150.7,532.8,116,3840,2,1
1921,83,151.1,533.7,116,3842,2,1
1922,83,151.2,534.8,116,3844,2,1
1923,83,151,535.8,116,3846,2,1
1924,83,150,536.9,116,3848,2,1
1925,83,149,537.9,116,3850,2,1
1926,83,147.8,538.7,116,3852,2,1
1927,83,146.6,539.5,116,3854,2,1
1928,83,145.5,539.9,116,3856,2,1
1929,83,144.5,540.1,116,3858,2,1
1930,83,143.9,540.1,116,3860,2,1
1931,83,143.5,539.9,116,3862,2,1
1932,83,143.3,539.7,116,3864,2,1
1933,83,143.3,539.3,117,3866,2,1
1934,83,144,538.8,117,3868,2,1
1935,83,144.6,538.3,117,3870,2,1
1936,83,145.2,537.9,117,3872,2,1
1937,83,145.9,537.7,117,3874,2,1
1938,83,146.5,537.7,117,3876,2,1
1939,83,147.1,537.7,117,3878,2,1
1940,83,147.5,537.7,117,3880,2,1
1941,83,147.7,537.8,117,3882,2,1
1942,83,147.9,538,117,3884,2,1
1943,83,148.1,538.1,117,3886,2,1
1944,83,148.4,538,117,3888,2,1
1945,83,148.8,537.9,117,3890,2,1
1946,83,149.3,537.8,117,3892,2,1
1947,83,149.7,537.8,117,3894,2,1
1948,83,150.7,537.8,117,3896,2,1
1949,83,151.6,537.9,117,3898,2,1
1950,83,152.6,538.2,118,3900,2,1
1951,83,153.5,538.6,118,3902,2,1
1952,83,153.8,539,118,3904,2,1
1953,83,154.1,539.3,118,3906,2,1
1954,83,154.4,539.5,118,3908,2,1
1955,83,153.9,539.8,118,3910,2,1
1956,83,153.3,540,118,3912,2,1
1957,83,152.8,539.8,118,3914,2,1
1958,83,152.5,539.6,118,3916,2,1
1959,83,152.4,539.3,118,3918,2,1
1960,83,152.2,539,118,3920,2,1
1961,83,151.9,538.7,118,3922,2,1
1962,83,151.7,538.4,118,3924,2,1
1963,83,151.7,538.1,118,3926,2,1
1964,83,151.7,538.2,118,3928,2,1
1965,83,151.7,538.5,118,3930,2,1
1966,83,151.8,538.7,118,3932,2,1
1967,83,151.9,539.1,119,3934,2,1
1968,83,152,539.3,119,3936,2,1
1969,83,151.9,539.5,119,3938,2,1
1970,83,151.8,539.5,119,3940,2,1
1971,83,151.6,539.5,119,3942,2,1
1972,83,151.2,539.3,119,3944,2,1
1973,83,150.7,539.2,119,3946,2,1
1974,83,150.2,538.9,119,3948,2,1
1975,83,149.8,538.7,119,3950,2,1
1976,83,149.6,538.4,119,3952,2,1
1977,83,149.3,538.1,119,3954,2,1
1978,83,149,537.8,119,3956,2,1
1979,83,149.1,537.6,119,3958,2,1
1980,83,149.3,537.4,119,3960,2,1
1981,83,149.4,537,119,3962,2,1
1982,83,149.6,536.7,119,3964,2,1
1983,83,149.7,536.4,120,3966,2,1
1984,83,150.1,536.2,120,3968,2,1
1985,83,150.6,536,120,3970,2,1
1986,83,151,535.8,120,3972,2,1
1987,83,151.3,535.7,120,3974,2,1
1988,83,151.4,535.8,120,3976,2,1
1989,83,151.5,535.9,120,3978,2,1
1990,83,151.4,536,120,3980,2,1
1991,83,151.2,536.2,120,3982,2,1
1992,83,151,536.5,120,3984,2,1
1993,83,150.7,537.2,120,3986,2,1
1994,83,150.6,537.8,120,3988,2,1
1995,83,150.8,538.3,120,3990,2,1
1996,83,151,538.7,120,3992,2,1
1997,83,151.4,538.9,120,3994,2,1
1998,83,151.7,539,120,3996,2,1
1999,83,152,539,120,3998,2,1
2000,83,152.3,538.7,121,4000,2,1
2001,83,152.6,538.3,121,4002,2,1
2002,83,152.8,537.9,121,4004,2,1
2003,83,153,537.7,121,4006,2,1
2004,83,153,537.7,121,4008,2,1
2005,83,153.1,537.9,121,4010,2,1
2006,83,153.2,538.1,121,4012,2,1
2007,83,153.4,538.3,121,4014,2,1
2008,83,153.4,538.5,121,4016,2,1
2009,83,153.4,538.7,121,4018,2,1
2010,83,153.5,539,121,4020,2,1
2011,83,153.6,539.2,121,4022,2,1
2012,83,153.7,539.6,121,4024,2,1
2013,83,153.8,540.1,121,4026,2,1
2014,83,153.8,540.5,121,4028,2,1
2015,83,153.7,541.2,121,4030,2,1
2016,83,153.6,541.8,121,4032,2,1
2017,83,153.2,542.4,122,4034,2,1
2018,83,152.7,543,122,4036,2,1
2019,83,152.3,543.2,122,4038,2,1
2020,83,151.7,543.5,122,4040,2,1
2021,83,151.1,543.6,122,4042,2,1
2022,83,150.6,543.6,122,4044,2,1
2023,83,150.1,543.5,122,4046,2,1
2024,83,149.8,543.5,122,4048,2,1
2025,83,149.4,543.3,122,4050,2,1
2026,83,149,543.1,122,4052,2,1
2027,83,148.6,542.9,122,4054,2,1
2028,83,148.3,542.9,122,4056,2,1
2029,83,148.1,543,122,4058,2,1
2030,83,148,543.2,122,4060,2,1
2031,83,148.1,543.4,122,4062,2,1
2032,83,148.3,543.8,122,4064,2,1
2033,83,148.5,544.3,123,4066,2,1
2034,83,148.9,544.9,123,4068,2,1
2035,83,149.5,545.3,123,4070,2,1
2036,83,149.9,545.7,123,4072,2,1
2037,83,150.3,546,123,4074,2,1
2038,83,150.4,546.1,123,4076,2,1
2039,83,150.6,545.9,123,4078,2,1
2040,83,150.7,545.4,123,4080,2,1
2041,83,150.6,544.8,123,4082,2,1
2042,83,150.6,544.4,123,4084,2,1
2043,83,150.8,544,123,4086,2,1
2044,83,150.9,543.5,123,4088,2,1
2045,83,151,543,123,4090,2,1
2046,83,151,542.8,123,4092,2,1
2047,83,150.9,542.6,123,4094,2,1
2048,83,150.9,542.4,123,4096,2,1
2049,83,150.9,542.3,123,4098,2,1
2050,83,150.9,542.6,124,4100,2,1
2051,83,151,543,124,4102,2,1
2052,83,151,543.3,124,4104,2,1
2053,83,151.3,543.8,124,4106,2,1
2054,83,151.6,544.3,124,4108,2,1
2055,83,151.9,544.7,124,4110,2,1
2056,83,152,545.1,124,4112,2,1
2057,83,152.1,545.2,124,4114,2,1
2058,83,152.1,545.4,124,4116,2,1
2059,83,152,545.5,124,4118,2,1
2060,83,151.7,545.7,124,4120,2,1
2061,83,151.5,545.9,124,4122,2,1
2062,83,151.2,546.1,124,4124,2,1
2063,83,150.9,546.1,124,4126,2,1
2064,83,150.7,546.1,124,4128,2,1
2065,83,150.6,546,124,4130,2,1
2066,83,150.7,545.8,124,4132,2,1
2067,83,150.8,545.3,125,4134,2,1
2068,83,151,544.8,125,4136,2,1
2069,83,151.2,544.2,125,4138,2,1
2070,83,151.4,543.6,125,4140,2,1
2071,83,151.6,543.2,125,4142,2,1
2072,83,151.8,542.8,125,4144,2,1
2073,83,151.9,543,125,4146,2,1
2074,83,152.1,543.3,125,4148,2,1
2075,83,152.2,543.7,125,4150,2,1
2076,83,152.3,544,125,4152,2,1
2077,83,152.5,544.4,125,4154,2,1
2078,83,152.6,544.7,125,4156,2,1
2079,83,153.1,545,125,4158,2,1
2080,83,153.6,544.9,125,4160,2,1
2081,83,153.9,544.8,125,4162,2,1
2082,83,154,544.6,125,4164,2,1
2083,83,154.1,544.7,126,4166,2,1
2084,83,154.1,544.8,126,4168,2,1
2085,83,153.9,545,126,4170,2,1
2086,83,153.1,545.2,126,4172,2,1
2087,83,152.4,545.5,126,4174,2,1
2088,83,151.8,545.7,126,4176,2,1
2089,83,151.5,546,126,4178,2,1
2090,83,151.4,546.4,126,4180,2,1
2091,83,151.3,546.4,126,4182,2,1
2092,83,151.5,546.3,126,4184,2,1
2093,83,151.7,545.8,126,4186,2,1
2094,83,151.9,545.1,126,4188,2,1
2095,83,151.9,544.5,126,4190,2,1
2096,83,151.9,543.6,126,4192,2,1
2097,83,151.9,542.7,126,4194,2,1
2098,83,152.3,542,126,4196,2,1
2099,83,152.7,541.5,126,4198,2,1
2100,83,153.2,542,127,4200,2,1
2101,83,153.8,542.4,127,4202,2,1
2102,83,154.4,542.8,127,4204,2,1
2103,83,154.9,543.3,127,4206,2,1
2104,83,155.3,543.8,127,4208,2,1
2105,83,155.3,544.1,127,4210,2,1
2106,83,155.4,543.9,127,4212,2,1
2107,83,155.6,543.5,127,4214,2,1
2108,83,155.9,543,127,4216,2,1
2109,83,156.1,542.5,127,4218,2,1
2110,83,156.3,542,127,4220,2,1
2111,83,156.4,541.6,127,4222,2,1
2112,83,156.3,541,127,4224,2,1
2113,83,156.3,541.2,127,4226,2,1
2114,83,156.3,541.4,127,4228,2,1
2115,83,156.2,541.8,127,4230,2,1
2116,83,156.2,542.2,127,4232,2,1
2117,83,156.2,542.6,128,4234,2,1
2118,83,156.4,542.9,128,4236,2,1
2119,83,156.7,543.2,128,4238,2,1
2120,83,157.1,543.6,128,4240,2,1
2121,83,157.4,544,128,4242,2,1
2122,83,158.3,544.1,128,4244,2,1
2123,83,159.2,544.3,128,4246,2,1
2124,83,161.8,544.6,128,4248,2,1
2125,83,166.3,544.5,128,4250,2,1
2126,83,173.1,544.1,128,4252,2,1
2127,83,183.4,542.5,128,4254,2,1
2128,83,196.8,540.8,128,4256,2,1
2129,83,213.5,537.6,128,4258,2,1
2130,83,233.1,534.3,128,4260,2,1
2131,83,254.3,530.6,128,4262,2,1
2132,83,274.5,527.3,128,4264,2,1
2133,83,294.8,524.3,129,4266,2,1
2134,83,312.4,522.6,129,4268,2,1
2135,83,328.8,521,129,4270,2,1
2136,83,342.1,521.2,129,4272,2,1
2137,83,353.2,521.5,129,4274,2,1
2138,83,361.6,522.2,129,4276,2,1
2139,83,369.6,522.8,129,4278,2,1
2140,83,375.1,523.5,129,4280,2,1
2141,83,380.2,523.7,129,4282,2,1
2142,83,383.2,524.1,129,4284,2,1
2143,83,385.4,524.3,129,4286,2,1
2144,83,386.8,524.5,129,4288,2,1
2145,83,387.7,524.7,129,4290,2,1
2146,83,387.7,524.6,129,4292,2,1
2147,83,387.8,524.6,129,4294,2,1
2148,83,387.6,524.5,129,4296,2,1
2149,83,387.7,524.6,129,4298,2,1
2150,83,387.8,524.5,130,4300,2,1
2151,83,388,524.3,130,4302,2,1
2152,83,388,524.8,130,4304,2,1
2153,83,388,525.5,130,4306,2,1
2154,83,388,526.3,130,4308,2,1
2155,83,388.1,527,130,4310,2,1
2156,83,388,527.9,130,4312,2,1
2157,83,388.4,528.6,130,4314,2,1
2158,83,388.9,529.3,130,4316,2,1
2159,83,389.5,529.5,130,4318,2,1
2160,83,390,529.7,130,4320,2,1
2161,83,390.5,530,130,4322,2,1
2162,83,390.9,530.3,130,4324,2,1
2163,83,391.2,530.7,130,4326,2,1
2164,83,390.9,531,130,4328,2,1
2165,83,390.8,531.4,130,4330,2,1
2166,83,390.6,531.8,130,4332,2,1
2167,83,391.3,532.1,131,4334,2,1
2168,83,392.1,532.2,131,4336,2,1
2169,83,393,532.2,131,4338,2,1
2170,83,393.9,532.1,131,4340,2,1
2171,83,394.6,532,131,4342,2,1
2172,83,395.2,531.9,131,4344,2,1
2173,83,395.8,531.7,131,4346,2,1
2174,83,395.6,531.9,131,4348,2,1
2175,83,395.4,532.2,131,4350,2,1
2176,83,395.1,532.4,131,4352,2,1
2177,83,395,533.1,131,4354,2,1
2178,83,394.9,533.6,131,4356,2,1
2179,83,394.9,534,131,4358,2,1
2180,83,394.9,534.1,131,4360,2,1
2181,83,394.8,533.9,131,4362,2,1
2182,83,394.6,533.7,131,4364,2,1
2183,83,394.4,533.5,132,4366,2,1
2184,83,394.3,533,132,4368,2,1
2185,83,394,532.5,132,4370,2,1
2186,83,393.8,532.1,132,4372,2,1
2187,83,393.7,532.1,132,4374,2,1
2188,83,393.6,532,132,4376,2,1
2189,83,393.6,532,132,4378,2,1
2190,83,393.6,532.4,132,4380,2,1
2191,83,393.6,532.8,132,4382,2,1
2192,83,393.5,533.2,132,4384,2,1
2193,83,393.4,533.6,132,4386,2,1
2194,83,393.3,534,132,4388,2,1
2195,83,393.2,534.4,132,4390,2,1
2196,83,393,534.8,132,4392,2,1
2197,83,392.9,535.1,132,4394,2,1
2198,83,392.8,535.3,132,4396,2,1
2199,83,392.7,535.5,132,4398,2,1
2200,83,392.8,535.7,133,4400,2,1
2201,83,392.9,536,133,4402,2,1
2202,83,393,536.3,133,4404,2,1
2203,83,393.1,536.7,133,4406,2,1
2204,83,393.3,537.2,133,4408,2,1
2205,83,393.3,537.6,133,4410,2,1
2206,83,393.3,538,133,4412,2,1
2207,83,393.1,538.4,133,4414,2,1
2208,83,392.9,538.7,133,4416,2,1
2209,83,392.7,538.9,133,4418,2,1
2210,83,392.5,539.2,133,4420,2,1
2211,83,392.5,539.2,133,4422,2,1
2212,83,392.5,539.3,133,4424,2,1
2213,83,392.6,539.3,133,4426,2,1
2214,83,392.8,539.4,133,4428,2,1
2215,83,393,539.4,133,4430,2,1
2216,83,392.9,539.4,133,4432,2,1
2217,83,392.9,539.2,134,4434,2,1
2218,83,392.6,539,134,4436,2,1
2219,83,392.3,538.8,134,4438,2,1
2220,83,391.8,538.6,134,4440,2,1
2221,83,391.5,538.4,134,4442,2,1
2222,83,391,538.2,134,4444,2,1
2223,83,390.9,538.1,134,4446,2,1
2224,83,390.9,538.3,134,4448,2,1
2225,83,390.9,538.5,134,4450,2,1
2226,83,390.9,538.7,134,4452,2,1
2227,83,390.9,538.9,134,4454,2,1
2228,83,391,539.3,134,4456,2,1
2229,83,390.9,539.6,134,4458,2,1
2230,83,390.9,540,134,4460,2,1
2231,83,390.5,540.4,134,4462,2,1
2232,83,390.1,540.6,134,4464,2,1
2233,83,389.8,540.8,135,4466,2,1
2234,83,389.4,541,135,4468,2,1
2235,83,389,541,135,4470,2,1
2236,83,388.6,541,135,4472,2,1
2237,83,388.3,541.1,135,4474,2,1
2238,83,388.4,541.3,135,4476,2,1
2239,83,388.3,541.5,135,4478,2,1
2240,83,388.3,541.8,135,4480,2,1
2241,83,388.2,542,135,4482,2,1
2242,83,388.1,542.3,135,4484,2,1
2243,83,387.9,542.6,135,4486,2,1
2244,83,387.7,542.9,135,4488,2,1
2245,83,387.5,543.1,135,4490,2,1
2246,83,387.2,543.1,135,4492,2,1
2247,83,387.1,543.2,135,4494,2,1
2248,83,387.1,543.1,135,4496,2,1
2249,83,387.2,542.8,135,4498,2,1
2250,83,387.2,542.3,136,4500,2,1
2251,83,387.2,541.8,136,4502,2,1
2252,83,387.3,541.4,136,4504,2,1
2253,83,387.6,541.3,136,4506,2,1
2254,83,387.7,541.6,136,4508,2,1
2255,83,387.8,541.9,136,4510,2,1
2256,83,388,542.5,136,4512,2,1
2257,83,388.2,542.7,136,4514,2,1
2258,83,388.5,542.9,136,4516,2,1
2259,83,388.6,542.9,136,4518,2,1
2260,83,388.8,542.9,136,4520,2,1
2261,83,388.8,542.5,136,4522,2,1
2262,83,388.7,542.2,136,4524,2,1
2263,83,388.4,542.1,136,4526,2,1
2264,83,388.1,542.3,136,4528,2,1
2265,83,387.8,542.6,136,4530,2,1
2266,83,387.5,542.9,136,4532,2,1
2267,83,387.2,543.3,137,4534,2,1
2268,83,387,543.4,137,4536,2,1
2269,83,386.5,543.4,137,4538,2,1
2270,83,386,543.2,137,4540,2,1
2271,83,385.5,542.7,137,4542,2,1
2272,83,385.1,542.2,137,4544,2,1
2273,83,384.6,541.6,137,4546,2,1
2274,83,384.4,541.3,137,4548,2,1
2275,83,384.4,541,137,4550,2,1
2276,83,384.6,540.8,137,4552,2,1
2277,83,384.8,540.3,137,4554,2,1
2278,83,385,539.8,137,4556,2,1
2279,83,385,539.3,137,4558,2,1
2280,83,385.1,538.8,137,4560,2,1
2281,83,385.2,538.9,137,4562,2,1
2282,83,385.6,539,137,4564,2,1
2283,83,386,539.1,138,4566,2,1
2284,83,386.5,539.5,138,4568,2,1
2285,83,386.9,539.9,138,4570,2,1
2286,83,387.2,540.2,138,4572,2,1
2287,83,387.4,540.4,138,4574,2,1
2288,83,387.5,540.1,138,4576,2,1
2289,83,387.4,539.6,138,4578,2,1
2290,83,387.3,539.2,138,4580,2,1
2291,83,387.2,538.5,138,4582,2,1
2292,83,387.3,537.7,138,4584,2,1
2293,83,387.4,537,138,4586,2,1
2294,83,387.5,536.5,138,4588,2,1
2295,83,387.7,535.8,138,4590,2,1
2296,83,387.7,535.4,138,4592,2,1
2297,83,387.7,535.2,138,4594,2,1
2298,83,387.6,535.5,138,4596,2,1
2299,83,387.3,535.9,138,4598,2,1
2300,83,387,536.2,139,4600,2,1
2301,83,386.8,536.2,139,4602,2,1
2302,83,386.5,536.2,139,4604,2,1
2303,83,386.2,536.2,139,4606,2,1
2304,83,385.9,536.3,139,4608,2,1
2305,83,385.5,536.2,139,4610,2,1
2306,83,385.3,536.1,139,4612,2,1
2307,83,385.2,536,139,4614,2,1
2308,83,385.1,536.1,139,4616,2,1
2309,83,385.3,536,139,4618,2,1
2310,83,385.6,535.9,139,4620,2,1
2311,83,385.9,535.7,139,4622,2,1
2312,83,386.2,535.3,139,4624,2,1
2313,83,386.7,534.9,139,4626,2,1
2314,83,387.1,534.6,139,4628,2,1
2315,83,387.4,534.4,139,4630,2,1
2316,83,387.5,534.3,139,4632,2,1
2317,83,387.2,534.5,140,4634,2,1
2318,83,386.8,534.6,140,4636,2,1
2319,83,386.5,535,140,4638,2,1
2320,83,386.2,535.4,140,4640,2,1
2321,83,385.9,535.9,140,4642,2,1
2322,83,385.6,536.3,140,4644,2,1
2323,83,385.4,536.7,140,4646,2,1
2324,83,385.7,536.9,140,4648,2,1
2325,83,385.9,537.1,140,4650,2,1
2326,83,386,536.8,140,4652,2,1
2327,83,386.1,536.5,140,4654,2,1
2328,83,386.3,535.8,140,4656,2,1
2329,83,386.4,535.2,140,4658,2,1
2330,83,386.5,534.5,140,4660,2,1
2331,83,386.3,533.9,140,4662,2,1
2332,83,385.9,533.4,140,4664,2,1
2333,83,385.4,533.1,141,4666,2,1
2334,83,384.9,532.6,141,4668,2,1
2335,83,384.3,532.6,141,4670,2,1
2336,83,384.3,532.6,141,4672,2,1
2337,83,384.2,532.7,141,4674,2,1
2338,83,384.5,532.7,141,4676,2,1
2339,83,384.9,532.8,141,4678,2,1
2340,83,385.5,533.1,141,4680,2,1
2341,83,386,533.4,141,4682,2,1
2342,83,386.5,533.7,141,4684,2,1
2343,83,386.5,534.1,141,4686,2,1
2344,83,386.5,534.3,141,4688,2,1
2345,83,386.5,534.3,141,4690,2,1
2346,83,386.6,534.3,141,4692,2,1
2347,83,386.7,534.1,141,4694,2,1
2348,83,386.6,533.8,141,4696,2,1
2349,83,386.6,533.5,141,4698,2,1
2350,83,386.6,533.1,142,4700,2,1
2351,83,386.6,532.9,142,4702,2,1
2352,83,386.4,533.1,142,4704,2,1
2353,83,386.2,533.3,142,4706,2,1
2354,83,386,533.2,142,4708,2,1
2355,83,385.7,533,142,4710,2,1
2356,83,385.5,532.8,142,4712,2,1
2357,83,385.3,532.6,142,4714,2,1
2358,83,385.1,532.3,142,4716,2,1
2359,83,385.1,532.1,142,4718,2,1
2360,83,385,531.8,142,4720,2,1
2361,83,384.7,532.7,142,4722,2,1
2362,83,384.1,533.8,142,4724,2,1
2363,83,380.8,537.5,142,4726,2,1
2364,83,375.6,542.8,142,4728,2,1
2365,83,367.3,550.2,142,4730,2,1
2366,83,356.9,560.1,142,4732,2,1
2367,83,343.3,573.3,143,4734,2,1
2368,83,326.9,587.4,143,4736,2,1
2369,83,307.9,603.8,143,4738,2,1
2370,83,289.7,619.3,143,4740,2,1
2371,83,270.6,633.5,143,4742,2,1
2372,83,252,647.7,143,4744,2,1
2373,83,235,660.1,143,4746,2,1
2374,83,220.2,669.2,143,4748,2,1
2375,83,207.8,676.3,143,4750,2,1
2376,83,198.4,681.1,143,4752,2,1
2377,83,190.9,684.2,143,4754,2,1
2378,83,186.3,686.6,143,4756,2,1
2379,83,184.5,687,143,4758,2,1
2380,83,183.5,686.4,143,4760,2,1
2381,83,183.4,685.6,143,4762,2,1
2382,83,183.8,683.8,143,4764,2,1
2383,83,184.2,682,144,4766,2,1
2384,83,184.5,680.3,144,4768,2,1
2385,83,184.8,679.3,144,4770,2,1
2386,83,185,678.8,144,4772,2,1
2387,83,185.1,679.2,144,4774,2,1
2388,83,185,679.6,144,4776,2,1
2389,83,185,680.9,144,4778,2,1
2390,83,184.7,682.3,144,4780,2,1
2391,83,184.4,683.4,144,4782,2,1
2392,83,184.2,684.6,144,4784,2,1
2393,83,184,685.4,144,4786,2,1
2394,83,183.9,685.7,144,4788,2,1
2395,83,183.9,685.9,144,4790,2,1
2396,83,183.9,686,144,4792,2,1
2397,83,184,686.1,144,4794,2,1
2398,83,184.3,686.1,144,4796,2,1
2399,83,184.7,686,144,4798,2,1
2400,83,185.1,685.8,145,4800,2,1
2401,83,185.5,685.6,145,4802,2,1
2402,83,186,685.6,145,4804,2,1
2403,83,186.5,685.5,145,4806,2,1
2404,83,187,685.6,145,4808,2,1
2405,83,187.3,685.6,145,4810,2,1
2406,83,187.4,685.5,145,4812,2,1
2407,83,187.4,685.4,145,4814,2,1
2408,83,187.3,685.2,145,4816,2,1
2409,83,187.2,685.1,145,4818,2,1
2410,83,187.4,685.2,145,4820,2,1
2411,83,188,685.5,145,4822,2,1
2412,83,188.7,685.8,145,4824,2,1
2413,83,189.4,686.1,145,4826,2,1
2414,83,190.2,686.5,145,4828,2,1
2415,83,190.6,686.9,145,4830,2,1
2416,83,190.6,687.1,145,4832,2,1
2417,83,190.4,687.1,146,4834,2,1
2418,83,189.8,686.8,146,4836,2,1
2419,83,189.2,686.6,146,4838,2,1
2420,83,188.5,686.5,146,4840,2,1
2421,83,188,686.8,146,4842,2,1
2422,83,188.6,687,146,4844,2,1
2423,83,189.4,687.4,146,4846,2,1
2424,83,190.1,687.7,146,4848,2,1
2425,83,190.9,688,146,4850,2,1
2426,83,191.7,688.1,146,4852,2,1
2427,83,192.4,688.2,146,4854,2,1
2428,83,193,688,146,4856,2,1
2429,83,193.2,687.8,146,4858,2,1
2430,83,193.4,687.6,146,4860,2,1
2431,83,194.2,687.3,146,4862,2,1
2432,83,195.1,686.9,146,4864,2,1
2433,83,195.9,686.6,147,4866,2,1
2434,83,196.8,686.3,147,4868,2,1
2435,83,197.7,686,147,4870,2,1
2436,83,198.5,685.6,147,4872,2,1
2437,83,199.3,685.3,147,4874,2,1
2438,83,199.3,685.2,147,4876,2,1
2439,83,199.4,685.1,147,4878,2,1
2440,83,199.5,685,147,4880,2,1
2441,83,199.5,685,147,4882,2,1
2442,83,199.4,685,147,4884,2,1
2443,83,199.4,684.9,147,4886,2,1
2444,83,199.5,684.8,147,4888,2,1
2445,83,199.5,684.7,147,4890,2,1
2446,83,199.6,684.6,147,4892,2,1
2447,83,199.7,684.5,147,4894,2,1
2448,83,199.8,684.4,147,4896,2,1
2449,83,199.8,684.9,147,4898,2,1
2450,83,199.9,685.7,148,4900,2,1
2451,83,200,686.5,148,4902,2,1
2452,83,200.5,687.1,148,4904,2,1
2453,83,201.4,687.7,148,4906,2,1
2454,83,203.2,688,148,4908,2,1
2455,83,207.1,686,148,4910,2,1
2456,83,212.5,682.8,148,4912,2,1
2457,83,219.9,678.5,148,4914,2,1
2458,83,229.2,672.9,148,4916,2,1
2459,83,239,665.6,148,4918,2,1
2460,83,248.2,658.6,148,4920,2,1
2461,83,256.4,651.7,148,4922,2,1
2462,83,262.2,647.4,148,4924,2,1
2463,83,265.7,644.1,148,4926,2,1
2464,83,267.1,643.1,148,4928,2,1
2465,83,265.1,643.7,148,4930,2,1
2466,83,262.2,646.2,148,4932,2,1
2467,83,259.5,648.7,149,4934,2,1
2468,83,257.3,651.2,149,4936,2,1
2469,83,255.5,653.8,149,4938,2,1
2470,83,254.9,655.8,149,4940,2,1
2471,83,255,656.3,149,4942,2,1
2472,83,256.8,655.6,149,4944,2,1
2473,83,258.6,654.8,149,4946,2,1
2474,83,260.3,653.7,149,4948,2,1
2475,83,261.8,652,149,4950,2,1
2476,83,263.2,649.9,149,4952,2,1
2477,83,264.4,648.2,149,4954,2,1
2478,83,265,646.7,149,4956,2,1
2479,83,265.3,646.3,149,4958,2,1
2480,83,265.6,646,149,4960,2,1
2481,83,265.8,646,149,4962,2,1
2482,83,265.8,646.4,149,4964,2,1
2483,83,265.8,646.9,150,4966,2,1
2484,83,265.7,647.4,150,4968,2,1
2485,83,265.6,648.2,150,4970,2,1
2486,83,265.5,648.8,150,4972,2,1
2487,83,265.2,649.4,150,4974,2,1
2488,83,265,650.1,150,4976,2,1
2489,83,264.7,650.8,150,4978,2,1
2490,83,264.5,651.5,150,4980,2,1
2491,83,264.3,652.3,150,4982,2,1
2492,83,264.1,652.7,150,4984,2,1
2493,83,263.9,653,150,4986,2,1
2494,83,263.6,653.1,150,4988,2,1
2495,83,263.4,653.1,150,4990,2,1
2496,83,263.2,653.1,150,4992,2,1
2497,83,263,652.9,150,4994,2,1
2498,83,262.8,652.6,150,4996,2,1
2499,83,262.7,652.3,150,4998,2,1
2500,83,262.7,652.1,151,5000,2,1
2501,83,262.8,652,151,5002,2,1
2502,83,262.8,651.8,151,5004,2,1
2503,83,262.9,651.5,151,5006,2,1
2504,83,262.9,651.4,151,5008,2,1
2505,83,262.8,651.3,151,5010,2,1
2506,83,262.6,651.2,151,5012,2,1
2507,83,262.3,651.2,151,5014,2,1
2508,83,262.1,651.2,151,5016,2,1
2509,83,262,651.4,151,5018,2,1
2510,83,261.6,651.5,151,5020,2,1
2511,83,261.3,651.7,151,5022,2,1
2512,83,261.1,651.9,151,5024,2,1
2513,83,261.1,652.3,151,5026,2,1
2514,83,261,652.7,151,5028,2,1
2515,83,261,653.1,151,5030,2,1
2516,83,261,653.5,151,5032,2,1
2517,83,261.1,654,152,5034,2,1
2518,83,261.2,654.6,152,5036,2,1
2519,83,261.5,655.2,152,5038,2,1
2520,83,261.9,655.6,152,5040,2,1
2521,83,262.3,655.9,152,5042,2,1
2522,83,262.4,656.2,152,5044,2,1
2523,83,262.5,656.2,152,5046,2,1
2524,83,262.6,656.2,152,5048,2,1
2525,83,262.6,656,152,5050,2,1
2526,83,262.3,655.5,152,5052,2,1
2527,83,262.2,655.3,152,5054,2,1
2528,83,262.1,655.3,152,5056,2,1
2529,83,262.5,655.8,152,5058,2,1
2530,83,263.1,656.3,152,5060,2,1
2531,83,264.1,656.9,152,5062,2,1
2532,83,265.2,657.1,152,5064,2,1
2533,83,266.1,657,153,5066,2,1
2534,83,266.9,656.8,153,5068,2,1
2535,83,267.6,656.7,153,5070,2,1
2536,83,268.1,656.6,153,5072,2,1
2537,83,268.3,656.6,153,5074,2,1
2538,83,268.2,656.6,153,5076,2,1
2539,83,268.1,656.8,153,5078,2,1
2540,83,267.8,657.3,153,5080,2,1
2541,83,267.6,657.6,153,5082,2,1
2542,83,267.5,657.9,153,5084,2,1
2543,83,266.6,657.8,153,5086,2,1
2544,83,265.8,657.8,153,5088,2,1
2545,83,264.9,657.6,153,5090,2,1
2546,83,264.4,657.5,153,5092,2,1
2547,83,264.1,657.4,153,5094,2,1
2548,83,263.7,657.4,153,5096,2,1
2549,83,263.4,657.4,153,5098,2,1
2550,83,263.9,657.3,154,5100,2,1
2551,83,264.2,657.2,154,5102,2,1
2552,83,264.4,657,154,5104,2,1
2553,83,264.2,656.9,154,5106,2,1
2554,83,263.9,656.9,154,5108,2,1
2555,83,263.9,656.7,154,5110,2,1
2556,83,264.2,656.7,154,5112,2,1
2557,83,264.4,656.5,154,5114,2,1
2558,83,264.5,656.4,154,5116,2,1
2559,83,264.7,656.3,154,5118,2,1
2560,83,264.9,656.2,154,5120,2,1
2561,83,264.6,656.3,154,5122,2,1
2562,83,264.3,656.6,154,5124,2,1
2563,83,263.8,656.8,154,5126,2,1
2564,83,263,657.4,154,5128,2,1
2565,83,262.2,658.1,154,5130,2,1
2566,83,261.5,658.7,154,5132,2,1
2567,83,260.8,659.2,155,5134,2,1
2568,83,260.2,659.5,155,5136,2,1
2569,83,259.1,659.4,155,5138,2,1
2570,83,257.5,657.8,155,5140,2,1
2571,83,253.7,653.4,155,5142,2,1
2572,83,249.1,646.7,155,5144,2,1
2573,83,243,637.4,155,5146,2,1
2574,83,235.8,625.7,155,5148,2,1
2575,83,227.4,613.3,155,5150,2,1
2576,83,219.1,599.6,155,5152,2,1
2577,83,210.9,586.5,155,5154,2,1
2578,83,205.1,574.4,155,5156,2,1
2579,83,199.2,564.5,155,5158,2,1
2580,83,194.5,557,155,5160,2,1
2581,83,190,551.6,155,5162,2,1
2582,83,185.8,547.1,155,5164,2,1
2583,83,181.4,544.4,156,5166,2,1
2584,83,177.1,543,156,5168,2,1
2585,83,172.8,543,156,5170,2,1
2586,83,169.3,544.2,156,5172,2,1
2587,83,166.2,545.3,156,5174,2,1
2588,83,164.5,546.8,156,5176,2,1
2589,83,163.9,547.9,156,5178,2,1
2590,83,164.4,548.8,156,5180,2,1
2591,83,164.8,549.2,156,5182,2,1
2592,83,165.2,549.4,156,5184,2,1
2593,83,165.8,547.7,156,5186,2,1
2594,83,166.2,545.5,156,5188,2,1
2595,83,166.2,543.4,156,5190,2,1
2596,83,165.9,541.6,156,5192,2,1
2597,83,165.5,540.1,156,5194,2,1
2598,83,165.1,539,156,5196,2,1
2599,83,164.9,538.3,156,5198,2,1
2600,83,164.5,538.5,157,5200,2,1
2601,83,164.1,539.4,157,5202,2,1
2602,83,163.7,540.7,157,5204,2,1
2603,83,163.4,542.3,157,5206,2,1
2604,83,163.1,543.8,157,5208,2,1
2605,83,162.6,544.6,157,5210,2,1
2606,83,162.3,545.1,157,5212,2,1
2607,83,162.2,544.8,157,5214,2,1
2608,83,162.2,544.6,157,5216,2,1
2609,83,162.2,543.8,157,5218,2,1
2610,83,162.4,542.6,157,5220,2,1
2611,83,162.7,541.6,157,5222,2,1
2612,83,163.2,540.9,157,5224,2,1
2613,83,163.6,540.4,157,5226,2,1
2614,83,164,540.5,157,5228,2,1
2615,83,164.4,540.6,157,5230,2,1
2616,83,164.8,540.9,157,5232,2,1
2617,83,165.4,540.8,158,5234,2,1
2618,83,166,540.7,158,5236,2,1
2619,83,166.4,540.7,158,5238,2,1
2620,83,166.8,540.6,158,5240,2,1
2621,83,167.2,540.5,158,5242,2,1
2622,83,167.5,540.6,158,5244,2,1
2623,83,167.8,540.8,158,5246,2,1
2624,83,167.8,541.5,158,5248,2,1
2625,83,167.8,541.8,158,5250,2,1
2626,83,167.5,541.8,158,5252,2,1
2627,83,167.1,541.5,158,5254,2,1
2628,83,166.7,541.2,158,5256,2,1
2629,83,166.3,540.6,158,5258,2,1
2630,83,166,540.1,158,5260,2,1
2631,83,165.9,539.7,158,5262,2,1
2632,83,165.8,539.5,158,5264,2,1
2633,83,165.9,539.4,159,5266,2,1
2634,83,166.1,539.4,159,5268,2,1
2635,83,166.3,539.5,159,5270,2,1
2636,83,166.4,539.7,159,5272,2,1
2637,83,166.6,539.7,159,5274,2,1
2638,83,166.7,539.4,159,5276,2,1
2639,83,166.8,539,159,5278,2,1
2640,83,166.8,538.6,159,5280,2,1
2641,83,167,538.2,159,5282,2,1
2642,83,167.2,537.8,159,5284,2,1
2643,83,167.5,537.2,159,5286,2,1
2644,83,167.5,537.8,159,5288,2,1
2645,83,167.5,538.5,159,5290,2,1
2646,83,167.4,539.3,159,5292,2,1
2647,83,167.3,540,159,5294,2,1
2648,83,167,540.9,159,5296,2,1
2649,83,167,541.9,159,5298,2,1
2650,83,166.9,543.4,160,5300,2,1
2651,83,167,543.7,160,5302,2,1
2652,83,167.1,544.1,160,5304,2,1
2653,83,167.1,544.4,160,5306,2,1
2654,83,167.2,545,160,5308,2,1
2655,83,167.4,545.6,160,5310,2,1
2656,83,167.3,546.1,160,5312,2,1
2657,83,167.2,546.1,160,5314,2,1
2658,83,166.9,546.1,160,5316,2,1
2659,83,166.7,545.7,160,5318,2,1
2660,83,166.2,545.1,160,5320,2,1
2661,83,165.8,544.3,160,5322,2,1
2662,83,165.4,543.5,160,5324,2,1
2663,83,165.1,542.7,160,5326,2,1
2664,83,165.1,542.2,160,5328,2,1
2665,83,165.1,541.8,160,5330,2,1
2666,83,165.2,541.7,160,5332,2,1
2667,83,165.3,541.8,161,5334,2,1
2668,83,165.5,541.9,161,5336,2,1
2669,83,165.5,542,161,5338,2,1
2670,83,165.6,542.1,161,5340,2,1
2671,83,165.7,541.6,161,5342,2,1
2672,83,165.8,541,161,5344,2,1
2673,83,165.8,540.4,161,5346,2,1
2674,83,165.8,539.7,161,5348,2,1
2675,83,165.8,539,161,5350,2,1
2676,83,165.9,538.3,161,5352,2,1
2677,83,166,538.2,161,5354,2,1
2678,83,166.1,538.8,161,5356,2,1
2679,83,166.2,539.4,161,5358,2,1
2680,83,166.2,540,161,5360,2,1
2681,83,166,540.4,161,5362,2,1
2682,83,165.8,540.8,161,5364,2,1
2683,83,165.6,541.2,162,5366,2,1
2684,83,165.3,541,162,5368,2,1
2685,83,165,540.8,162,5370,2,1
2686,83,164.8,540.7,162,5372,2,1
2687,83,164.6,540.8,162,5374,2,1
2688,83,164.3,540.9,162,5376,2,1
2689,83,164.1,541.1,162,5378,2,1
2690,83,164,541.4,162,5380,2,1
2691,83,163.9,541.7,162,5382,2,1
2692,83,163.9,542.1,162,5384,2,1
2693,83,164.1,542.5,162,5386,2,1
2694,83,164.2,542.7,162,5388,2,1
2695,83,164.4,542.9,162,5390,2,1
2696,83,164.6,543.2,162,5392,2,1
2697,83,164.7,543.3,162,5394,2,1
2698,83,164.9,543.5,162,5396,2,1
2699,83,165.1,543.5,162,5398,2,1
2700,83,165.3,543.4,163,5400,2,1
2701,83,165.5,543.3,163,5402,2,1
2702,83,165.8,543.3,163,5404,2,1
2703,83,166.1,543.3,163,5406,2,1
2704,83,166.3,543.4,163,5408,2,1
2705,83,166.6,543.6,163,5410,2,1
2706,83,166.7,543.9,163,5412,2,1
2707,83,166.8,544.2,163,5414,2,1
2708,83,166.8,544.4,163,5416,2,1
2709,83,166.9,544.5,163,5418,2,1
2710,83,166.8,544.5,163,5420,2,1
2711,83,166.7,544.6,163,5422,2,1
2712,83,166.6,544.5,163,5424,2,1
2713,83,166.7,544.5,163,5426,2,1
2714,83,166.7,544.8,163,5428,2,1
2715,83,166.8,545.1,163,5430,2,1
2716,83,166.9,545.5,163,5432,2,1
2717,83,167.2,545.8,164,5434,2,1
2718,83,167.4,546.1,164,5436,2,1
2719,83,167.8,546.3,164,5438,2,1
2720,83,167.9,546.5,164,5440,2,1
2721,83,168.2,546.2,164,5442,2,1
2722,83,168.5,546,164,5444,2,1
2723,83,168.7,545.7,164,5446,2,1
2724,83,169,545.5,164,5448,2,1
2725,83,169.5,545.4,164,5450,2,1
2726,83,169.9,545.6,164,5452,2,1
2727,83,170.3,545.8,164,5454,2,1
2728,83,170.8,546.1,164,5456,2,1
2729,83,171.3,546.4,164,5458,2,1
2730,83,171.8,546.8,164,5460,2,1
2731,83,172,547.3,164,5462,2,1
2732,83,172.1,547.6,164,5464,2,1
2733,83,171.8,547.7,165,5466,2,1
2734,83,171.4,547.7,165,5468,2,1
2735,83,170.9,547.6,165,5470,2,1
2736,83,170.3,547.4,165,5472,2,1
2737,83,169.8,547.2,165,5474,2,1
2738,83,169.3,546.6,165,5476,2,1
2739,83,168.9,546.1,165,5478,2,1
2740,83,168.8,545.6,165,5480,2,1
2741,83,168.6,545.3,165,5482,2,1
2742,83,168.5,545.4,165,5484,2,1
2743,83,168.5,545.7,165,5486,2,1
2744,83,169.4,545.9,165,5488,2,1
2745,83,173.4,546.4,165,5490,2,1
2746,83,178.8,547,165,5492,2,1
2747,83,188.8,547.4,165,5494,2,1
2748,83,201.9,547.7,165,5496,2,1
2749,83,220,547.4,165,5498,2,1
2750,83,240.6,547,166,5500,2,1
2751,83,266.7,546.3,166,5502,2,1
2752,83,293,545.2,166,5504,2,1
2753,83,321.5,544.1,166,5506,2,1
2754,83,348.1,543.1,166,5508,2,1
2755,83,373.2,543.1,166,5510,2,1
2756,83,395.3,544.2,166,5512,2,1
2757,83,416,546,166,5514,2,1
2758,83,432.1,549.7,166,5516,2,1
2759,83,444.8,554.7,166,5518,2,1
2760,83,455.2,559.6,166,5520,2,1
2761,83,462.8,565.2,166,5522,2,1
2762,83,469.6,569.9,166,5524,2,1
2763,83,474.3,573.6,166,5526,2,1
2764,83,478.1,576.7,166,5528,2,1
2765,83,479.8,578,166,5530,2,1
2766,83,481.3,577.3,166,5532,2,1
2767,83,481.5,576.5,167,5534,2,1
2768,83,481.9,575,167,5536,2,1
2769,83,481.8,573.6,167,5538,2,1
2770,83,481.8,572.4,167,5540,2,1
2771,83,481.9,571.6,167,5542,2,1
2772,83,482.1,571.1,167,5544,2,1
2773,83,482.6,571.3,167,5546,2,1
2774,83,483.3,572,167,5548,2,1
2775,83,483.8,572.9,167,5550,2,1
2776,83,484.2,573.9,167,5552,2,1
2777,83,484.5,574.9,167,5554,2,1
2778,83,484.7,575.5,167,5556,2,1
2779,83,484.9,576.1,167,5558,2,1
2780,83,484.9,576.5,167,5560,2,1
2781,83,484.8,576.6,167,5562,2,1
2782,83,484.7,576.4,167,5564,2,1
2783,83,484.6,576.2,168,5566,2,1
2784,83,484.6,575.9,168,5568,2,1
2785,83,484.5,575.5,168,5570,2,1
2786,83,484.4,575.2,168,5572,2,1
2787,83,484.3,574.9,168,5574,2,1
2788,83,484.3,574.8,168,5576,2,1
2789,83,484.3,574.7,168,5578,2,1
2790,83,484.3,574.7,168,5580,2,1
2791,83,484.3,574.7,168,5582,2,1
2792,83,484.3,574.7,168,5584,2,1
2793,83,484.3,574.8,168,5586,2,1
2794,83,484.4,574.8,168,5588,2,1
2795,83,484.4,574.7,168,5590,2,1
2796,83,484.5,574.5,168,5592,2,1
2797,83,484.5,574.4,168,5594,2,1
2798,83,484.6,574.3,168,5596,2,1
2799,83,484.8,574.3,168,5598,2,1
2800,83,485.1,574.4,169,5600,2,1
2801,83,485.4,574.5,169,5602,2,1
2802,83,485.6,574.8,169,5604,2,1
2803,83,485.7,575.3,169,5606,2,1
2804,83,485.7,575.8,169,5608,2,1
2805,83,485.7,576.9,169,5610,2,1
2806,83,485.5,577.9,169,5612,2,1
2807,83,485.3,578.7,169,5614,2,1
2808,83,485.1,579.4,169,5616,2,1
2809,83,485,579.7,169,5618,2,1
2810,83,485,579.9,169,5620,2,1
2811,83,485,579.9,169,5622,2,1
2812,83,485,579.3,169,5624,2,1
2813,83,485.1,578.6,169,5626,2,1
2814,83,485.2,578.1,169,5628,2,1
2815,83,485.3,577.7,169,5630,2,1
2816,83,485.4,577.7,169,5632,2,1
2817,83,485.4,577.7,170,5634,2,1
2818,83,485.5,577.7,170,5636,2,1
2819,83,486.1,577.8,170,5638,2,1
2820,83,486.8,577.8,170,5640,2,1
2821,83,489.1,577.8,170,5642,2,1
2822,83,492.9,577.7,170,5644,2,1
2823,83,500,577.3,170,5646,2,1
2824,83,510.1,576.5,170,5648,2,1
2825,83,524.6,574.3,170,5650,2,1
2826,83,540.2,571.9,170,5652,2,1
2827,83,558.5,568.9,170,5654,2,1
2828,83,576.2,565.9,170,5656,2,1
2829,83,593.9,562.9,170,5658,2,1
2830,83,608.8,560.1,170,5660,2,1
2831,83,621.6,557.6,170,5662,2,1
2832,83,629.9,556.8,170,5664,2,1
2833,83,636.4,556.8,171,5666,2,1
2834,83,640,557.7,171,5668,2,1
2835,83,642.4,558.6,171,5670,2,1
2836,83,643.4,559.6,171,5672,2,1
2837,83,643.6,560.6,171,5674,2,1
2838,83,642.6,561.6,171,5676,2,1
2839,83,641.7,562,171,5678,2,1
2840,83,641,561.9,171,5680,2,1
2841,83,640.7,561.4,171,5682,2,1
2842,83,641.4,560.8,171,5684,2,1
2843,83,642.1,560.3,171,5686,2,1
2844,83,643.3,559.8,171,5688,2,1
2845,83,644.9,559.2,171,5690,2,1
2846,83,646.4,558.9,171,5692,2,1
2847,83,647.9,558.6,171,5694,2,1
2848,83,649.1,558.4,171,5696,2,1
2849,83,649.1,558.3,171,5698,2,1
2850,83,649.2,558.3,172,5700,2,1
2851,83,648.9,558.3,172,5702,2,1
2852,83,648.6,558.3,172,5704,2,1
2853,83,648.1,558.3,172,5706,2,1
2854,83,647.2,558.5,172,5708,2,1
2855,83,646.5,558.7,172,5710,2,1
2856,83,645.9,558.9,172,5712,2,1
2857,83,645.3,559.3,172,5714,2,1
2858,83,644.7,559.7,172,5716,2,1
2859,83,644.3,560,172,5718,2,1
2860,83,644.2,560.3,172,5720,2,1
2861,83,644.6,560.5,172,5722,2,1
2862,83,645.1,560.7,172,5724,2,1
2863,83,646.1,560.7,172,5726,2,1
2864,83,647,560.5,172,5728,2,1
2865,83,647.7,560.3,172,5730,2,1
2866,83,648.3,560.1,172,5732,2,1
2867,83,648.6,559.9,173,5734,2,1
2868,83,648.8,559.6,173,5736,2,1
2869,83,648.9,559.4,173,5738,2,1
2870,83,648.4,559.2,173,5740,2,1
2871,83,648.2,559.1,173,5742,2,1
2872,83,648.1,559.1,173,5744,2,1
2873,83,648,559.3,173,5746,2,1
2874,83,648.1,559.4,173,5748,2,1
2875,83,648.3,559.7,173,5750,2,1
2876,83,648.5,559.8,173,5752,2,1
2877,83,648.6,559.9,173,5754,2,1
2878,83,648.7,560,173,5756,2,1
2879,83,648.8,560,173,5758,2,1
2880,83,648,560.2,173,5760,2,1
2881,83,647.1,560.7,173,5762,2,1
2882,83,646.1,561.2,173,5764,2,1
2883,83,645.1,561.6,174,5766,2,1
2884,83,644.2,562,174,5768,2,1
2885,83,643.2,562.5,174,5770,2,1
2886,83,642.3,563.1,174,5772,2,1
2887,83,642.3,563.4,174,5774,2,1
2888,83,642.2,563.6,174,5776,2,1
2889,83,642.2,563.7,174,5778,2,1
2890,83,642.2,563.7,174,5780,2,1
2891,83,642.1,563.6,174,5782,2,1
2892,83,642.1,563.8,174,5784,2,1
2893,83,642.1,563.8,174,5786,2,1
2894,83,642.1,563.8,174,5788,2,1
2895,83,642.1,563.6,174,5790,2,1
2896,83,642.1,563.4,174,5792,2,1
2897,83,642.1,563.4,174,5794,2,1
2898,83,642.2,563.3,174,5796,2,1
2899,83,642.3,563.1,174,5798,2,1
2900,83,642.4,563.1,175,5800,2,1
2901,83,642.5,563.1,175,5802,2,1
2902,83,642.6,563.3,175,5804,2,1
2903,83,642.6,563.4,175,5806,2,1
2904,83,642.6,563.4,175,5808,2,1
2905,83,642.8,563.6,175,5810,2,1
2906,83,643.1,563.7,175,5812,2,1
2907,83,643.2,563.7,175,5814,2,1
2908,83,643.3,563.8,175,5816,2,1
2909,83,643,563.8,175,5818,2,1
2910,83,642.8,563.8,175,5820,2,1
2911,83,642.6,563.9,175,5822,2,1
2912,83,642.2,563.9,175,5824,2,1
2913,83,641.8,563.8,175,5826,2,1
2914,83,641.6,563.7,175,5828,2,1
2915,83,641.5,563.5,175,5830,2,1
2916,83,641.8,563.3,175,5832,2,1
2917,83,642.1,563.1,176,5834,2,1
2918,83,642.3,562.9,176,5836,2,1
2919,83,642.5,562.8,176,5838,2,1
2920,83,641.9,562.7,176,5840,2,1
2921,83,641.1,562.8,176,5842,2,1
2922,83,640.4,563.2,176,5844,2,1
2923,83,639.6,563.6,176,5846,2,1
2924,83,638.9,564,176,5848,2,1
2925,83,638.1,564.4,176,5850,2,1
2926,83,637.4,564.7,176,5852,2,1
2927,83,638.4,564.8,176,5854,2,1
2928,83,639.4,565.3,176,5856,2,1
2929,83,640.4,565.9,176,5858,2,1
2930,83,641.5,566.5,176,5860,2,1
2931,83,643.6,566.9,176,5862,2,1
2932,83,647.8,567.2,176,5864,2,1
2933,83,652.4,568.2,177,5866,2,1
2934,83,657.8,569.4,177,5868,2,1
2935,83,665.6,571.3,177,5870,2,1
2936,83,675.5,574,177,5872,2,1
2937,83,687.2,577.9,177,5874,2,1
2938,83,699.7,582.4,177,5876,2,1
2939,83,713,587.4,177,5878,2,1
2940,83,726.6,591.8,177,5880,2,1
2941,83,738.8,596.3,177,5882,2,1
2942,83,748.9,599.8,177,5884,2,1
2943,83,757.7,602.3,177,5886,2,1
2944,83,764.7,603.7,177,5888,2,1
2945,83,769.8,604.6,177,5890,2,1
2946,83,772,605.2,177,5892,2,1
2947,83,773.3,605.8,177,5894,2,1
2948,83,774.4,605.9,177,5896,2,1
2949,83,775.3,605.9,177,5898,2,1
2950,83,775.3,606,178,5900,2,1
2951,83,775.5,606,178,5902,2,1
2952,83,775.8,606.1,178,5904,2,1
2953,83,776.3,606.4,178,5906,2,1
2954,83,777,606.7,178,5908,2,1
2955,83,778.1,607,178,5910,2,1
2956,83,779.3,607.4,178,5912,2,1
2957,83,780.5,608.4,178,5914,2,1
2958,83,781.5,609.4,178,5916,2,1
2959,83,782.5,610.2,178,5918,2,1
2960,83,783.4,610.7,178,5920,2,1
2961,83,784.2,611.1,178,5922,2,1
2962,83,784.5,611.7,178,5924,2,1
2963,83,784.8,612.2,178,5926,2,1
2964,83,784.9,612.3,178,5928,2,1
2965,83,784.9,612.5,178,5930,2,1
2966,83,784.7,612.7,178,5932,2,1
2967,83,784.4,613,179,5934,2,1
2968,83,783.7,613.3,179,5936,2,1
2969,83,783,613.7,179,5938,2,1
2970,83,782.4,613.8,179,5940,2,1
2971,83,781.7,613.9,179,5942,2,1
2972,83,781.2,613.9,179,5944,2,1
2973,83,780.9,613.8,179,5946,2,1
2974,83,780.7,613.6,179,5948,2,1
2975,83,780.8,613.5,179,5950,2,1
2976,83,781,613.4,179,5952,2,1
2977,83,781.1,613.5,179,5954,2,1
2978,83,781.3,613.6,179,5956,2,1
2979,83,781.5,613.8,179,5958,2,1
2980,83,781.7,614,179,5960,2,1
2981,83,781.9,614.3,179,5962,2,1
2982,83,782.1,614.6,179,5964,2,1
2983,83,782.3,614.8,180,5966,2,1
2984,83,782.5,615.2,180,5968,2,1
2985,83,782.8,615.5,180,5970,2,1
2986,83,783,615.7,180,5972,2,1
2987,83,783.3,615.8,180,5974,2,1
2988,83,783.7,615.8,180,5976,2,1
2989,83,784,615.7,180,5978,2,1
2990,83,784.3,615.6,180,5980,2,1
2991,83,784.5,615.2,180,5982,2,1
2992,83,784.6,614.9,180,5984,2,1
2993,83,784.7,614.5,180,5986,2,1
2994,83,784.7,614.3,180,5988,2,1
2995,83,784.5,614.1,180,5990,2,1
2996,83,784.4,614.1,180,5992,2,1
2997,83,784.3,614.4,180,5994,2,1
2998,83,784.3,614.7,180,5996,2,1
2999,83,784.6,615,180,5998,2,1
3000,83,784.9,615.4,181,6000,2,1
3001,83,785.3,615.5,181,6002,2,1
3002,83,785.6,615.6,181,6004,2,1
3003,83,786,615.6,181,6006,2,1
3004,83,785.9,615.3,181,6008,2,1
3005,83,785.8,615.1,181,6010,2,1
3006,83,785.4,614.9,181,6012,2,1
3007,83,784.9,614.7,181,6014,2,1
3008,83,785.1,614.6,181,6016,2,1
3009,83,785.3,614.6,181,6018,2,1
3010,83,785.5,614.7,181,6020,2,1
3011,83,785.9,614.8,181,6022,2,1
3012,83,786.3,615.1,181,6024,2,1
3013,83,786.4,615.3,181,6026,2,1
3014,83,786.5,615.4,181,6028,2,1
3015,83,786.1,615.7,181,6030,2,1
3016,83,785.9,615.9,181,6032,2,1
3017,83,785.6,616,182,6034,2,1
3018,83,785.4,616,182,6036,2,1
3019,83,785.2,615.8,182,6038,2,1
3020,83,785.2,615.5,182,6040,2,1
3021,83,785.1,615.2,182,6042,2,1
3022,83,785.1,615.1,182,6044,2,1
3023,83,784.9,615,182,6046,2,1
3024,83,785,615,182,6048,2,1
3025,83,785.2,615.1,182,6050,2,1
3026,83,785.4,615.2,182,6052,2,1
3027,83,785.9,615.3,182,6054,2,1
3028,83,786.3,615.4,182,6056,2,1
3029,83,786.7,615.4,182,6058,2,1
3030,83,787.1,615.3,182,6060,2,1
3031,83,787.2,615.2,182,6062,2,1
3032,83,787.4,614.9,182,6064,2,1
3033,83,787.5,614.7,183,6066,2,1
3034,83,787.6,614.4,183,6068,2,1
3035,83,787.7,614.1,183,6070,2,1
3036,83,787.7,613.7,183,6072,2,1
3037,83,787.9,613.4,183,6074,2,1
3038,83,788.1,613.2,183,6076,2,1
3039,83,789,612.9,183,6078,2,1
3040,83,789.8,612.9,183,6080,2,1
3041,83,790.7,612.9,183,6082,2,1
3042,83,791.5,612.8,183,6084,2,1
3043,83,792.4,612.8,183,6086,2,1
3044,83,793.1,612.6,183,6088,2,1
3045,83,793.7,612.4,183,6090,2,1
3046,83,793.7,612.8,183,6092,2,1
3047,83,793.4,613,183,6094,2,1
3048,83,793,613.3,183,6096,2,1
3049,83,792.6,613.8,183,6098,2,1
3050,83,792.2,614.3,184,6100,2,1
3051,83,791.7,614.9,184,6102,2,1
3052,83,791.3,615.5,184,6104,2,1
3053,83,790.9,615.4,184,6106,2,1
3054,83,790.6,615.3,184,6108,2,1
3055,83,790.3,615.2,184,6110,2,1
3056,83,789.9,615,184,6112,2,1
3057,83,789.4,614.1,184,6114,2,1
3058,83,789,613.3,184,6116,2,1
3059,83,788.5,612.6,184,6118,2,1
3060,83,788.1,612.1,184,6120,2,1
3061,83,787.9,611.8,184,6122,2,1
3062,83,788.3,611.4,184,6124,2,1
3063,83,789,611.2,184,6126,2,1
3064,83,789.7,611.4,184,6128,2,1
3065,83,789.6,611.5,184,6130,2,1
3066,83,789.5,611.6,184,6132,2,1
3067,83,789.5,611.8,185,6134,2,1
3068,83,789.4,611.8,185,6136,2,1
3069,83,788.7,612.4,185,6138,2,1
3070,83,788.1,612.9,185,6140,2,1
3071,83,787.6,613.3,185,6142,2,1
3072,83,787.8,613.7,185,6144,2,1
3073,83,788.2,613.8,185,6146,2,1
3074,83,788.6,613.9,185,6148,2,1
3075,83,789,613.8,185,6150,2,1
3076,83,789.3,613.3,185,6152,2,1
3077,83,789.5,612.8,185,6154,2,1
3078,83,789.6,612.3,185,6156,2,1
3079,83,789.5,612,185,6158,2,1
3080,83,789.3,611.9,185,6160,2,1
3081,83,788.9,611.8,185,6162,2,1
3082,83,788.5,611.7,185,6164,2,1
3083,83,788.1,611.5,186,6166,2,1
3084,83,787.7,611.4,186,6168,2,1
3085,83,787.4,611.2,186,6170,2,1
3086,83,787.3,610.4,186,6172,2,1
3087,83,787.3,609.7,186,6174,2,1
3088,83,787.4,609.1,186,6176,2,1
3089,83,787.6,608.4,186,6178,2,1
3090,83,787.9,607.8,186,6180,2,1
3091,83,788.2,607.3,186,6182,2,1
3092,83,788.4,606.6,186,6184,2,1
3093,83,788.8,606.6,186,6186,2,1
3094,83,789.4,606.5,186,6188,2,1
3095,83,790.1,606.4,186,6190,2,1
3096,83,790.8,606.1,186,6192,2,1
3097,83,791.5,605.9,186,6194,2,1
3098,83,792.2,605.7,186,6196,2,1
3099,83,792.8,605.5,186,6198,2,1
3100,83,793.2,605.4,187,6200,2,1
3101,83,793.5,605.4,187,6202,2,1
3102,83,793.4,605.5,187,6204,2,1
3103,83,793.3,605.8,187,6206,2,1
3104,83,793,606.1,187,6208,2,1
3105,83,792.6,606.3,187,6210,2,1
3106,83,792.2,606.7,187,6212,2,1
3107,83,791.8,607.3,187,6214,2,1
3108,83,791.6,607.6,187,6216,2,1
3109,83,791.4,607.8,187,6218,2,1
3110,83,791.4,608.1,187,6220,2,1
3111,83,791.4,608.4,187,6222,2,1
3112,83,791.4,608.7,187,6224,2,1
3113,83,791.1,608.5,187,6226,2,1
3114,83,790.5,608.3,187,6228,2,1
3115,83,789.7,608,187,6230,2,1
3116,83,788.7,607.9,187,6232,2,1
3117,83,787.7,607.5,188,6234,2,1
3118,83,786.6,607.2,188,6236,2,1
3119,83,785.4,606.7,188,6238,2,1
3120,83,784.7,605.1,188,6240,2,1
3121,83,783.6,602.4,188,6242,2,1
3122,83,782.6,598.4,188,6244,2,1
3123,83,781.5,594,188,6246,2,1
3124,83,780,586.6,188,6248,2,1
3125,83,778.6,579.1,188,6250,2,1
3126,83,776.9,570.7,188,6252,2,1
3127,83,775.1,562.9,188,6254,2,1
3128,83,773.9,555.9,188,6256,2,1
3129,83,772.2,550,188,6258,2,1
3130,83,770.9,544.4,188,6260,2,1
3131,83,769.9,542.1,188,6262,2,1
3132,83,768.9,540,188,6264,2,1
3133,83,768.1,539.2,189,6266,2,1
3134,83,767.2,539.2,189,6268,2,1
3135,83,766.1,539.7,189,6270,2,1
3136,83,764.8,540.3,189,6272,2,1
3137,83,763.5,541.1,189,6274,2,1
3138,83,762.2,541.9,189,6276,2,1
3139,83,761.1,542.8,189,6278,2,1
3140,83,760.3,543.6,189,6280,2,1
3141,83,759.8,544.3,189,6282,2,1
3142,83,759.5,544.2,189,6284,2,1
3143,83,760,543.9,189,6286,2,1
3144,83,760.4,543.4,189,6288,2,1
3145,83,760.8,542.7,189,6290,2,1
3146,83,761.2,542.5,189,6292,2,1
3147,83,761.4,542.1,189,6294,2,1
3148,83,761.5,541.8,189,6296,2,1
3149,83,761.5,542.2,189,6298,2,1
3150,83,761.4,542.7,190,6300,2,1
3151,83,760.8,543.3,190,6302,2,1
3152,83,760.2,544,190,6304,2,1
3153,83,759.5,543.9,190,6306,2,1
3154,83,758.8,543.8,190,6308,2,1
3155,83,758.7,543.7,190,6310,2,1
3156,83,758.7,543.5,190,6312,2,1
3157,83,758.9,543.1,190,6314,2,1
3158,83,759.4,542.7,190,6316,2,1
3159,83,760,542.3,190,6318,2,1
3160,83,760.7,541.9,190,6320,2,1
3161,83,761.4,541.6,190,6322,2,1
3162,83,761.5,541.4,190,6324,2,1
3163,83,761.6,541.7,190,6326,2,1
3164,83,761.6,542.2,190,6328,2,1
3165,83,761.7,542.7,190,6330,2,1
3166,83,761.9,543.3,190,6332,2,1
3167,83,762,543.9,191,6334,2,1
3168,83,762.2,544.4,191,6336,2,1
3169,83,762.2,544.9,191,6338,2,1
3170,83,762.1,544.9,191,6340,2,1
3171,83,761.5,545.3,191,6342,2,1
3172,83,761,545.8,191,6344,2,1
3173,83,760.4,546.2,191,6346,2,1
3174,83,759.8,546.4,191,6348,2,1
3175,83,759.1,546.4,191,6350,2,1
3176,83,759.2,546.1,191,6352,2,1
3177,83,759.4,545.7,191,6354,2,1
3178,83,760.1,545,191,6356,2,1
3179,83,760.8,544.3,191,6358,2,1
3180,83,761.5,543.7,191,6360,2,1
3181,83,762.1,543.2,191,6362,2,1
3182,83,762.7,543,191,6364,2,1
3183,83,762.7,542.9,192,6366,2,1
3184,83,762.8,542.9,192,6368,2,1
3185,83,762.8,542.6,192,6370,2,1
3186,83,762.9,542.3,192,6372,2,1
3187,83,763.3,542.1,192,6374,2,1
3188,83,763.6,541.7,192,6376,2,1
3189,83,764,541.3,192,6378,2,1
3190,83,764.3,541.1,192,6380,2,1
3191,83,764.6,540.8,192,6382,2,1
3192,83,765,540.7,192,6384,2,1
3193,83,765.5,540.7,192,6386,2,1
3194,83,765.8,540.7,192,6388,2,1
3195,83,766,541,192,6390,2,1
3196,83,766.3,541.2,192,6392,2,1
3197,83,766.6,541.3,192,6394,2,1
3198,83,766.8,541.4,192,6396,2,1
3199,83,767,541.8,192,6398,2,1
3200,83,767,542.2,193,6400,2,1
3201,83,766.9,542.5,193,6402,2,1
3202,83,766.9,542.7,193,6404,2,1
3203,83,766.9,542.5,193,6406,2,1
3204,83,767.1,542.3,193,6408,2,1
3205,83,767.3,542.1,193,6410,2,1
3206,83,767.5,541.8,193,6412,2,1
3207,83,767.7,541.4,193,6414,2,1
3208,83,767.9,540.9,193,6416,2,1
3209,83,768,540.4,193,6418,2,1
3210,83,768,540.2,193,6420,2,1
3211,83,767.9,540.1,193,6422,2,1
3212,83,767.9,539.9,193,6424,2,1
3213,83,768,539.7,193,6426,2,1
3214,83,768.1,539.6,193,6428,2,1
3215,83,768.4,539.5,193,6430,2,1
3216,83,768.8,539.4,193,6432,2,1
3217,83,769.3,539,194,6434,2,1
3218,83,769.7,538.6,194,6436,2,1
3219,83,770,538.1,194,6438,2,1
3220,83,770.1,537.6,194,6440,2,1
3221,83,769.6,537.2,194,6442,2,1
3222,83,769,536.8,194,6444,2,1
3223,83,768.4,536.8,194,6446,2,1
3224,83,767.9,537,194,6448,2,1
3225,83,767.6,537.4,194,6450,2,1
3226,83,767.3,537.8,194,6452,2,1
3227,83,767.1,538.2,194,6454,2,1
3228,83,767.4,538.4,194,6456,2,1
3229,83,767.6,538.8,194,6458,2,1
3230,83,767.8,539,194,6460,2,1
3231,83,768.1,539.1,194,6462,2,1
3232,83,768,539.1,194,6464,2,1
3233,83,767.9,539.1,195,6466,2,1
3234,83,767.8,538.9,195,6468,2,1
3235,83,767.8,538.6,195,6470,2,1
3236,83,767.6,538.4,195,6472,2,1
3237,83,767.5,538,195,6474,2,1
3238,83,767.2,537.7,195,6476,2,1
3239,83,766.9,537.5,195,6478,2,1
3240,83,766.7,537.2,195,6480,2,1
3241,83,766.1,537.2,195,6482,2,1
3242,83,765.6,537.1,195,6484,2,1
3243,83,765.2,537.1,195,6486,2,1
3244,83,764.9,537.3,195,6488,2,1
3245,83,764.8,537.4,195,6490,2,1
3246,83,764.7,537.8,195,6492,2,1
3247,83,764.8,538.3,195,6494,2,1
3248,83,765.1,538.8,195,6496,2,1
3249,83,765.4,539.2,195,6498,2,1
3250,83,765.8,539.4,196,6500,2,1
3251,83,766.1,539.3,196,6502,2,1
3252,83,766.2,538.9,196,6504,2,1
3253,83,766.3,538.5,196,6506,2,1
3254,83,766.2,538.2,196,6508,2,1
3255,83,766,538.3,196,6510,2,1
3256,83,765.7,538.4,196,6512,2,1
3257,83,765.4,538.5,196,6514,2,1
3258,83,765.1,538.5,196,6516,2,1
3259,83,764.7,538.8,196,6518,2,1
3260,83,764,539,196,6520,2,1
3261,83,763.3,539.1,196,6522,2,1
3262,83,762.9,538.6,196,6524,2,1
3263,83,762.5,538.1,196,6526,2,1
3264,83,762.1,537.7,196,6528,2,1
3265,83,761.7,537.7,196,6530,2,1
3266,83,761.3,537.6,196,6532,2,1
3267,83,761.5,537.6,197,6534,2,1
3268,83,761.7,537.6,197,6536,2,1
3269,83,761.9,537.7,197,6538,2,1
3270,83,762,538,197,6540,2,1
3271,83,762,538.4,197,6542,2,1
3272,83,762,538.5,197,6544,2,1
3273,83,761.8,538.7,197,6546,2,1
3274,83,761.6,538.9,197,6548,2,1
3275,83,761.3,539.1,197,6550,2,1
3276,83,760.8,539.4,197,6552,2,1
3277,83,760.5,539.6,197,6554,2,1
3278,83,760.2,539.7,197,6556,2,1
3279,83,760,540.1,197,6558,2,1
3280,83,759.9,540.4,197,6560,2,1
3281,83,759.8,540.6,197,6562,2,1
3282,83,759.7,540.9,197,6564,2,1
3283,83,759.7,541.3,198,6566,2,1
3284,83,759.8,541.7,198,6568,2,1
3285,83,759.8,542,198,6570,2,1
3286,83,759.9,542.4,198,6572,2,1
3287,83,759.9,542.8,198,6574,2,1
3288,83,759.9,543.3,198,6576,2,1
3289,83,759.8,543.8,198,6578,2,1
3290,83,759.6,543.9,198,6580,2,1
3291,83,759.1,543.7,198,6582,2,1
3292,83,757.4,542.4,198,6584,2,1
3293,83,755.3,539.1,198,6586,2,1
3294,83,752.5,533.4,198,6588,2,1
3295,83,748.5,525.4,198,6590,2,1
3296,83,744.4,513.7,198,6592,2,1
3297,83,739.2,500.1,198,6594,2,1
3298,83,734.1,484.9,198,6596,2,1
3299,83,729.8,468.9,198,6598,2,1
3300,83,726,453.5,199,6600,2,1
3301,83,722.5,440.7,199,6602,2,1
3302,83,720.1,429.1,199,6604,2,1
3303,83,717.7,421.2,199,6606,2,1
3304,83,716.6,415.4,199,6608,2,1
3305,83,715.2,411.7,199,6610,2,1
3306,83,713.7,409.9,199,6612,2,1
3307,83,712.1,409.8,199,6614,2,1
3308,83,710.9,410,199,6616,2,1
3309,83,709,411.2,199,6618,2,1
3310,83,707.3,412.5,199,6620,2,1
3311,83,705.6,414.2,199,6622,2,1
3312,83,704.4,415.9,199,6624,2,1
3313,83,703.8,417.2,199,6626,2,1
3314,83,703.2,417.7,199,6628,2,1
3315,83,702.8,417.6,199,6630,2,1
3316,83,703,417.4,199,6632,2,1
3317,83,703.3,416.6,200,6634,2,1
3318,83,703.4,415.4,200,6636,2,1
3319,83,703.5,414.3,200,6638,2,1
3320,83,703.5,413.4,200,6640,2,1
3321,83,703.3,412.8,200,6642,2,1
3322,83,703.1,412.8,200,6644,2,1
3323,83,702.8,413,200,6646,2,1
3324,83,702.5,413.9,200,6648,2,1
3325,83,702.3,414.9,200,6650,2,1
3326,83,702,415.6,200,6652,2,1
3327,83,701.8,416.2,200,6654,2,1
3328,83,701.7,416.6,200,6656,2,1
3329,83,701.5,416.8,200,6658,2,1
3330,83,701.3,416.9,200,6660,2,1
3331,83,701.1,417,200,6662,2,1
3332,83,700.9,417,200,6664,2,1
3333,83,700.7,416.9,201,6666,2,1
3334,83,700.5,417,201,6668,2,1
3335,83,700.4,417,201,6670,2,1
3336,83,700.3,417,201,6672,2,1
3337,83,700.2,417,201,6674,2,1
3338,83,700.3,416.8,201,6676,2,1
3339,83,700.3,416.5,201,6678,2,1
3340,83,700.5,416.4,201,6680,2,1
3341,83,701,416.3,201,6682,2,1
3342,83,701.5,416.8,201,6684,2,1
3343,83,702,417.5,201,6686,2,1
3344,83,702.6,418.1,201,6688,2,1
3345,83,703,418.3,201,6690,2,1
3346,83,703.4,418.6,201,6692,2,1
3347,83,703.3,418.8,201,6694,2,1
3348,83,702.8,419.1,201,6696,2,1
3349,83,702.3,418.8,201,6698,2,1
3350,83,701.7,418.6,202,6700,2,1
3351,83,701,418.7,202,6702,2,1
3352,83,700.3,419.4,202,6704,2,1
3353,83,699.8,419.9,202,6706,2,1
3354,83,699.6,420.3,202,6708,2,1
3355,83,699.4,420.5,202,6710,2,1
3356,83,699.1,420.6,202,6712,2,1
3357,83,698.9,420.6,202,6714,2,1
3358,83,698.8,420.2,202,6716,2,1
3359,83,698.5,419.9,202,6718,2,1
3360,83,698.1,419.7,202,6720,2,1
3361,83,697.7,419.6,202,6722,2,1
3362,83,697.3,419.7,202,6724,2,1
3363,83,697,420,202,6726,2,1
3364,83,696.8,420.3,202,6728,2,1
3365,83,696.5,420.6,202,6730,2,1
3366,83,696.2,421.1,202,6732,2,1
3367,83,696,421.4,203,6734,2,1
3368,83,695.4,421.7,203,6736,2,1
3369,83,694.8,422,203,6738,2,1
3370,83,694.3,422,203,6740,2,1
3371,83,693.8,422,203,6742,2,1
3372,83,693.4,421.9,203,6744,2,1
3373,83,693.3,421.6,203,6746,2,1
3374,83,693.5,421.4,203,6748,2,1
3375,83,693.9,421.4,203,6750,2,1
3376,83,694.4,421.4,203,6752,2,1
3377,83,694.7,421.6,203,6754,2,1
3378,83,695,421.8,203,6756,2,1
3379,83,695.3,422.1,203,6758,2,1
3380,83,695.3,422.5,203,6760,2,1
3381,83,695.2,423,203,6762,2,1
3382,83,695.2,423.4,203,6764,2,1
3383,83,695.2,423.9,204,6766,2,1
3384,83,695.3,424.4,204,6768,2,1
3385,83,695.5,425.1,204,6770,2,1
3386,83,695.6,425.8,204,6772,2,1
3387,83,695.5,426.3,204,6774,2,1
3388,83,695.3,426.8,204,6776,2,1
3389,83,695,426.5,204,6778,2,1
3390,83,694.5,426.5,204,6780,2,1
3391,83,693.8,426.5,204,6782,2,1
3392,83,693.1,426.8,204,6784,2,1
3393,83,692.6,427,204,6786,2,1
3394,83,692.2,427.2,204,6788,2,1
3395,83,692,427.3,204,6790,2,1
3396,83,691.8,428.1,204,6792,2,1
3397,83,691.7,428.8,204,6794,2,1
3398,83,691.6,429.1,204,6796,2,1
3399,83,691.5,428.9,204,6798,2,1
3400,83,691.4,428.8,205,6800,2,1
3401,83,691.3,428.3,205,6802,2,1
3402,83,691.2,427.8,205,6804,2,1
3403,83,691,427.2,205,6806,2,1
3404,83,690.9,426.4,205,6808,2,1
3405,83,690.9,425.8,205,6810,2,1
3406,83,690.9,425.1,205,6812,2,1
3407,83,690.9,424,205,6814,2,1
3408,83,690.9,423.3,205,6816,2,1
3409,83,690.9,422.6,205,6818,2,1
3410,83,690.9,422,205,6820,2,1
3411,83,691.4,421.5,205,6822,2,1
3412,83,692.1,420.9,205,6824,2,1
3413,83,692.9,420.4,205,6826,2,1
3414,83,693.6,420.3,205,6828,2,1
3415,83,694.3,420.2,205,6830,2,1
3416,83,694.9,420.2,205,6832,2,1
3417,83,695.4,420.3,206,6834,2,1
3418,83,695.4,421.1,206,6836,2,1
3419,83,695.2,422.1,206,6838,2,1
3420,83,694.9,423.2,206,6840,2,1
3421,83,694.5,424.2,206,6842,2,1
3422,83,694.2,425.1,206,6844,2,1
3423,83,694.1,425.8,206,6846,2,1
3424,83,694.1,426.6,206,6848,2,1
3425,83,694.1,426.5,206,6850,2,1
3426,83,694.2,426.5,206,6852,2,1
3427,83,694.4,426.5,206,6854,2,1
3428,83,694.5,426.5,206,6856,2,1
3429,83,694.7,426.4,206,6858,2,1
3430,83,694.8,426.1,206,6860,2,1
3431,83,694.7,425.9,206,6862,2,1
3432,83,694.4,425.6,206,6864,2,1
3433,83,693.7,425.2,207,6866,2,1
3434,83,693,424.8,207,6868,2,1
3435,83,692.3,424.4,207,6870,2,1
3436,83,691.7,424.3,207,6872,2,1
3437,83,691.2,424.2,207,6874,2,1
3438,83,690.9,424.1,207,6876,2,1
3439,83,690.7,423.7,207,6878,2,1
3440,83,691,423.5,207,6880,2,1
3441,83,691.2,423.5,207,6882,2,1
3442,83,691.4,423.6,207,6884,2,1
3443,83,691.4,423.7,207,6886,2,1
3444,83,691.5,424,207,6888,2,1
3445,83,691.4,424.2,207,6890,2,1
3446,83,691.3,424.7,207,6892,2,1
3447,83,691.3,424.8,207,6894,2,1
3448,83,691.3,424.7,207,6896,2,1
3449,83,691.4,424.3,207,6898,2,1
3450,83,691.5,423.7,208,6900,2,1
3451,83,691.8,423.1,208,6902,2,1
3452,83,692.1,422.7,208,6904,2,1
3453,83,692.5,422.4,208,6906,2,1
3454,83,692.9,422.2,208,6908,2,1
3455,83,693.3,422.5,208,6910,2,1
3456,83,693.7,422.8,208,6912,2,1
3457,83,694,423.2,208,6914,2,1
3458,83,694.1,423.6,208,6916,2,1
3459,83,694.3,424.1,208,6918,2,1
3460,83,694.4,424.5,208,6920,2,1
3461,83,694.4,424.8,208,6922,2,1
3462,83,694.4,424.8,208,6924,2,1
3463,83,694.4,424.8,208,6926,2,1
3464,83,694.4,424.8,208,6928,2,1
3465,83,694.5,424.5,208,6930,2,1
3466,83,694.5,424.2,208,6932,2,1
3467,83,694.4,423.9,209,6934,2,1
3468,83,694.4,423.2,209,6936,2,1
3469,83,694.3,422.4,209,6938,2,1
3470,83,694.2,421.5,209,6940,2,1
3471,83,694.1,420.7,209,6942,2,1
3472,83,693.9,420.3,209,6944,2,1
3473,83,693.7,419.9,209,6946,2,1
3474,83,693.7,419.5,209,6948,2,1
3475,83,693.7,419.4,209,6950,2,1
3476,83,693.6,419.5,209,6952,2,1
3477,83,693.4,419.9,209,6954,2,1
3478,83,693.1,420.2,209,6956,2,1
3479,83,692.9,420.5,209,6958,2,1
3480,83,692.7,420.4,209,6960,2,1
3481,83,692.5,420.2,209,6962,2,1
3482,83,692.2,420.1,209,6964,2,1
3483,83,691.8,420.3,210,6966,2,1
3484,83,691.5,420.4,210,6968,2,1
3485,83,691.3,420.6,210,6970,2,1
3486,83,691.2,420.9,210,6972,2,1
3487,83,691.1,421.4,210,6974,2,1
3488,83,690.9,421.9,210,6976,2,1
3489,83,690.8,422.4,210,6978,2,1
3490,83,690.7,422.7,210,6980,2,1
3491,83,690.2,423,210,6982,2,1
3492,83,689.7,423.2,210,6984,2,1
3493,83,689.3,423.4,210,6986,2,1
3494,83,688.8,423.6,210,6988,2,1
3495,83,688.3,423.8,210,6990,2,1
3496,83,687.9,424.1,210,6992,2,1
3497,83,688,424.3,210,6994,2,1
3498,83,688.5,424.5,210,6996,2,1
3499,83,689.1,424.8,210,6998,2,1
3500,83,689.7,425.1,211,7000,2,1
3501,83,690.4,425.5,211,7002,2,1
3502,83,691.1,425.8,211,7004,2,1
3503,83,691.9,425.9,211,7006,2,1
3504,83,692.3,425.8,211,7008,2,1
3505,83,693.2,425.6,211,7010,2,1
3506,83,693.9,425.5,211,7012,2,1
3507,83,694.5,425.4,211,7014,2,1
3508,83,695.2,425.3,211,7016,2,1
3509,83,695.7,425.2,211,7018,2,1
3510,83,696.1,425.3,211,7020,2,1
3511,83,696.1,425.5,211,7022,2,1
3512,83,695.6,425.8,211,7024,2,1
3513,83,695.2,426,211,7026,2,1
3514,83,694.7,426.2,211,7028,2,1
3515,83,694.1,426.4,211,7030,2,1
3516,83,693.5,426.6,211,7032,2,1
3517,83,692.5,426.5,212,7034,2,1
3518,83,692,426.4,212,7036,2,1
3519,83,691.5,426.3,212,7038,2,1
3520,83,691,426.4,212,7040,2,1
3521,83,690.5,426.5,212,7042,2,1
3522,83,690.1,426.7,212,7044,2,1
3523,83,690.3,427,212,7046,2,1
3524,83,691,427.3,212,7048,2,1
3525,83,691.6,427.7,212,7050,2,1
3526,83,692.2,428,212,7052,2,1
3527,83,692.8,428.1,212,7054,2,1
3528,83,693.3,428.2,212,7056,2,1
3529,83,693.7,428.3,212,7058,2,1
3530,83,693.6,428.4,212,7060,2,1
3531,83,693.4,428.5,212,7062,2,1
3532,83,693,428.6,212,7064,2,1
3533,83,692.7,428.6,213,7066,2,1
3534,83,692.3,428.5,213,7068,2,1
3535,83,692.1,428.4,213,7070,2,1
3536,83,692,428.2,213,7072,2,1
3537,83,692.6,428.1,213,7074,2,1
3538,83,693.1,428,213,7076,2,1
3539,83,693.8,427.9,213,7078,2,1
3540,83,694.2,427.8,213,7080,2,1
3541,83,694.7,427.6,213,7082,2,1
3542,83,695.1,427.4,213,7084,2,1
3543,83,695.4,427.1,213,7086,2,1
3544,83,695.1,426.9,213,7088,2,1
3545,83,694.8,426.6,213,7090,2,1
3546,83,694.6,426.3,213,7092,2,1
3547,83,694.6,426,213,7094,2,1
3548,83,694.5,425.8,213,7096,2,1
3549,83,694.5,425.8,213,7098,2,1
3550,83,694.5,425.9,214,7100,2,1
3551,83,694.4,426.8,214,7102,2,1
3552,83,694.3,427.5,214,7104,2,1
3553,83,694.1,428.1,214,7106,2,1
3554,83,693.8,428.7,214,7108,2,1
3555,83,693.1,429.4,214,7110,2,1
3556,83,692.4,429.5,214,7112,2,1
3557,83,691.7,429.7,214,7114,2,1
3558,83,691.1,428.9,214,7116,2,1
3559,83,690.6,428.2,214,7118,2,1
3560,83,690.3,427.7,214,7120,2,1
3561,83,690.7,426.8,214,7122,2,1
3562,83,691.4,426,214,7124,2,1
3563,83,692.2,425.5,214,7126,2,1
3564,83,693,425,214,7128,2,1
3565,83,693.8,424.7,214,7130,2,1
3566,83,694.6,424.6,214,7132,2,1
3567,83,695.2,424.8,215,7134,2,1
3568,83,695.4,425.3,215,7136,2,1
3569,83,695.6,425.9,215,7138,2,1
3570,83,695.8,426.6,215,7140,2,1
3571,83,695.9,427.1,215,7142,2,1
3572,83,696.1,427.5,215,7144,2,1
3573,83,696.2,427.7,215,7146,2,1
3574,83,696.3,427.7,215,7148,2,1
3575,83,696.3,427.8,215,7150,2,1
3576,83,696.4,428,215,7152,2,1
3577,83,696.3,428.2,215,7154,2,1
3578,83,696.2,428.3,215,7156,2,1
3579,83,696.1,427.9,215,7158,2,1
3580,83,695.9,427.5,215,7160,2,1
3581,83,695.8,427,215,7162,2,1
3582,83,695.7,426.3,215,7164,2,1
3583,83,695.6,425.8,216,7166,2,1
3584,83,695.5,426,216,7168,2,1
3585,83,695.6,426.1,216,7170,2,1
3586,83,695.6,426.9,216,7172,2,1
3587,83,695.6,427.7,216,7174,2,1
3588,83,695.7,428.5,216,7176,2,1
3589,83,695.8,429.5,216,7178,2,1
3590,83,696,430.3,216,7180,2,1
3591,83,696.2,430.6,216,7182,2,1
3592,83,696.3,430.9,216,7184,2,1
3593,83,696.3,431,216,7186,2,1
3594,83,696.2,431,216,7188,2,1
3595,83,696.1,431,216,7190,2,1
3596,83,695.9,430.8,216,7192,2,1
3597,83,695.6,430.1,216,7194,2,1
3598,83,695.3,429.4,216,7196,2,1
3599,83,695,428.8,216,7198,2,1
3600,83,694.8,428.4,217,7200,2,1
3601,83,694.7,428,217,7202,2,1
3602,83,694.6,427.5,217,7204,2,1
3603,83,694.5,427,217,7206,2,1
3604,83,694.4,427,217,7208,2,1
3605,83,694.4,426.8,217,7210,2,1
3606,83,694.5,426.6,217,7212,2,1
3607,83,694.6,426.3,217,7214,2,1
3608,83,694.7,426.1,217,7216,2,1
3609,83,694.8,426,217,7218,2,1
3610,83,695,426,217,7220,2,1
3611,83,695.2,426,217,7222,2,1
3612,83,695.5,426.1,217,7224,2,1
3613,83,695.6,426.3,217,7226,2,1
3614,83,695.7,426.4,217,7228,2,1
3615,83,695.8,426.5,217,7230,2,1
3616,83,695.4,426.6,217,7232,2,1
3617,83,694.7,426.8,218,7234,2,1
3618,83,694.1,426.9,218,7236,2,1
3619,83,693.3,426.8,218,7238,2,1
3620,83,692.6,426.7,218,7240,2,1
3621,83,691.8,426.5,218,7242,2,1
3622,83,691.2,426.4,218,7244,2,1
3623,83,691,426.3,218,7246,2,1
3624,83,691,426.1,218,7248,2,1
3625,83,690.9,426,218,7250,2,1
3626,83,690.8,426,218,7252,2,1
3627,83,690.7,426.2,218,7254,2,1
3628,83,690.6,426.5,218,7256,2,1
3629,83,690.7,426.8,218,7258,2,1
3630,83,690.7,427,218,7260,2,1
3631,83,690.7,427.3,218,7262,2,1
3632,83,691.1,427.7,218,7264,2,1
3633,83,691.6,428,219,7266,2,1
3634,83,692.2,428.2,219,7268,2,1
3635,83,692.8,428.5,219,7270,2,1
3636,83,693.4,428.9,219,7272,2,1
3637,83,694,429.2,219,7274,2,1
3638,83,694.4,429.6,219,7276,2,1
3639,83,694.6,429.9,219,7278,2,1
3640,83,694.6,430.2,219,7280,2,1
3641,83,694.5,430.5,219,7282,2,1
3642,83,694.5,430.8,219,7284,2,1
3643,83,694.3,430.9,219,7286,2,1
3644,83,694.4,431.1,219,7288,2,1
3645,83,694.5,431.2,219,7290,2,1
3646,83,694.7,431.4,219,7292,2,1
3647,83,694.8,431.6,219,7294,2,1
3648,83,694.6,431.7,219,7296,2,1
3649,83,694.4,431.9,219,7298,2,1
3650,83,694,432.1,220,7300,2,1
3651,83,693.4,432.1,220,7302,2,1
3652,83,692.8,432.2,220,7304,2,1
3653,83,692.3,432.3,220,7306,2,1
3654,83,691.9,432.5,220,7308,2,1
3655,83,691.7,432.6,220,7310,2,1
3656,83,691.5,432.5,220,7312,2,1
3657,83,691.3,432.5,220,7314,2,1
3658,83,691.1,432.7,220,7316,2,1
3659,83,690.9,433.1,220,7318,2,1
3660,83,690.7,433.4,220,7320,2,1
3661,83,690.5,433.6,220,7322,2,1
3662,83,690.4,433.5,220,7324,2,1
3663,83,690.3,433.4,220,7326,2,1
3664,83,690.4,433.2,220,7328,2,1
3665,83,690.5,432.9,220,7330,2,1
3666,83,690.7,432.7,220,7332,2,1
3667,83,690.9,432.5,221,7334,2,1
3668,83,691.1,432.4,221,7336,2,1
3669,83,691.4,432.7,221,7338,2,1
3670,83,691.6,433.1,221,7340,2,1
3671,83,691.7,433.3,221,7342,2,1
3672,83,691.4,433.4,221,7344,2,1
3673,83,691.2,433.1,221,7346,2,1
3674,83,690.8,432.9,221,7348,2,1
3675,83,690.4,432.5,221,7350,2,1
3676,83,689.9,431.9,221,7352,2,1
3677,83,689.2,431.4,221,7354,2,1
3678,83,688.5,431.1,221,7356,2,1
3679,83,688.2,431,221,7358,2,1
3680,83,687.9,431.3,221,7360,2,1
3681,83,687.9,431.6,221,7362,2,1
3682,83,688.2,431.9,221,7364,2,1
3683,83,688.5,432.4,222,7366,2,1
3684,83,689,432.9,222,7368,2,1
3685,83,689.6,433.4,222,7370,2,1
3686,83,690.3,433.7,222,7372,2,1
3687,83,690.8,433.9,222,7374,2,1
3688,83,690.8,434.1,222,7376,2,1
3689,83,690.2,434.3,222,7378,2,1
3690,83,689.5,434.4,222,7380,2,1
3691,83,688.9,434.5,222,7382,2,1
3692,83,688.3,435,222,7384,2,1
3693,83,687.7,435.5,222,7386,2,1
3694,83,687.3,435.9,222,7388,2,1
3695,83,687.1,436.3,222,7390,2,1
3696,83,687.3,436.5,222,7392,2,1
3697,83,687.3,436.7,222,7394,2,1
3698,83,687.3,436.9,222,7396,2,1
3699,83,687.1,436.8,222,7398,2,1
3700,83,686.9,436.8,223,7400,2,1
3701,83,686.6,436.9,223,7402,2,1
3702,83,686.2,437,223,7404,2,1
3703,83,685.9,437,223,7406,2,1
3704,83,685.7,436.9,223,7408,2,1
3705,83,685.6,436.8,223,7410,2,1
3706,83,685.7,436.7,223,7412,2,1
3707,83,685.8,436.6,223,7414,2,1
3708,83,685.9,436.5,223,7416,2,1
3709,83,685.9,436.5,223,7418,2,1
3710,83,685.8,436.6,223,7420,2,1
3711,83,685.6,436.6,223,7422,2,1
3712,83,685.4,436.4,223,7424,2,1
3713,83,685.1,436.2,223,7426,2,1
3714,83,684.6,436.1,223,7428,2,1
3715,83,684.2,436.2,223,7430,2,1
3716,83,683.6,436.3,223,7432,2,1
3717,83,683.3,436.4,224,7434,2,1
3718,83,682.9,436.6,224,7436,2,1
3719,83,682.5,437.1,224,7438,2,1
3720,83,682.2,437.7,224,7440,2,1
3721,83,681.9,438.2,224,7442,2,1
3722,83,681.7,438.7,224,7444,2,1
3723,83,681.6,439,224,7446,2,1
3724,83,681.4,439.4,224,7448,2,1
3725,83,681.1,439.8,224,7450,2,1
3726,83,681,439.4,224,7452,2,1
3727,83,680.9,439,224,7454,2,1
3728,83,681,438.7,224,7456,2,1
3729,83,681,438.2,224,7458,2,1
3730,83,681.1,437.7,224,7460,2,1
3731,83,681.1,437.3,224,7462,2,1
3732,83,681.3,436.9,224,7464,2,1
3733,83,681.4,437,225,7466,2,1
3734,83,681.5,437,225,7468,2,1
3735,83,681.8,436.9,225,7470,2,1
3736,83,682.1,437,225,7472,2,1
3737,83,682.3,437.1,225,7474,2,1
3738,83,682.6,437.5,225,7476,2,1
3739,83,682.7,437.8,225,7478,2,1
3740,83,682.9,438.2,225,7480,2,1
3741,83,683,438.6,225,7482,2,1
3742,83,682.9,439,225,7484,2,1
3743,83,682.8,439.1,225,7486,2,1
3744,83,682.8,438.8,225,7488,2,1
3745,83,682.8,438.4,225,7490,2,1
3746,83,682.9,438,225,7492,2,1
3747,83,683,437.4,225,7494,2,1
3748,83,683,436.9,225,7496,2,1
3749,83,683,436.6,225,7498,2,1
3750,83,682.6,436.5,226,7500,2,1
3751,83,682,436.8,226,7502,2,1
3752,83,681.3,437.3,226,7504,2,1
3753,83,680.6,437.7,226,7506,2,1
3754,83,679.9,438,226,7508,2,1
3755,83,679.2,438.3,226,7510,2,1
3756,83,678.6,438.3,226,7512,2,1
3757,83,678.4,438.3,226,7514,2,1
3758,83,678.3,438.1,226,7516,2,1
3759,83,678.5,438,226,7518,2,1
3760,83,678.6,438,226,7520,2,1
3761,83,678.8,438.3,226,7522,2,1
3762,83,679.1,438.6,226,7524,2,1
3763,83,679.4,439,226,7526,2,1
3764,83,680,439.5,226,7528,2,1
3765,83,680.6,440,226,7530,2,1
3766,83,681.2,440.4,226,7532,2,1
3767,83,681.9,440.8,227,7534,2,1
3768,83,682.5,440.8,227,7536,2,1
3769,83,682.9,440.8,227,7538,2,1
3770,83,683.1,441,227,7540,2,1
3771,83,683.1,441.2,227,7542,2,1
3772,83,683,441.4,227,7544,2,1
3773,83,683.1,441.4,227,7546,2,1
3774,83,683.2,441.5,227,7548,2,1
3775,83,683.3,441.6,227,7550,2,1
3776,83,683.5,441.6,227,7552,2,1
3777,83,683.8,441.4,227,7554,2,1
3778,83,684,441.1,227,7556,2,1
3779,83,684.2,440.7,227,7558,2,1
3780,83,684.2,440.3,227,7560,2,1
3781,83,684.1,439.9,227,7562,2,1
3782,83,684,439.6,227,7564,2,1
3783,83,683.8,439.2,228,7566,2,1
3784,83,683.7,438.9,228,7568,2,1
3785,83,683,438.8,228,7570,2,1
3786,83,682.4,438.6,228,7572,2,1
3787,83,681.8,438.4,228,7574,2,1
3788,83,681.3,438.2,228,7576,2,1
3789,83,680.8,437.9,228,7578,2,1
3790,83,680.5,437.7,228,7580,2,1
3791,83,680.1,437.6,228,7582,2,1
3792,83,680.3,437.3,228,7584,2,1
3793,83,680.4,437.2,228,7586,2,1
3794,83,680.5,437.3,228,7588,2,1
3795,83,680.5,437.4,228,7590,2,1
3796,83,680.5,437.5,228,7592,2,1
3797,83,680.5,438.1,228,7594,2,1
3798,83,680.4,438.8,228,7596,2,1
3799,83,680.4,439.8,228,7598,2,1
3800,83,680.3,440.8,229,7600,2,1
3801,83,680.3,441.8,229,7602,2,1
3802,83,680.1,442.8,229,7604,2,1
3803,83,679.9,443.7,229,7606,2,1
3804,83,679.5,443.8,229,7608,2,1
3805,83,679.2,443.7,229,7610,2,1
3806,83,678.8,443.3,229,7612,2,1
3807,83,678.4,443,229,7614,2,1
3808,83,678.1,442.6,229,7616,2,1
3809,83,677.9,442.3,229,7618,2,1
3810,83,677.8,442,229,7620,2,1
3811,83,677.9,441.7,229,7622,2,1
3812,83,677.9,441.5,229,7624,2,1
3813,83,678,441.2,229,7626,2,1
3814,83,678,441,229,7628,2,1
3815,83,677.7,441,229,7630,2,1
3816,83,677.4,440.9,229,7632,2,1
3817,83,677,440.9,230,7634,2,1
3818,83,676.7,440.9,230,7636,2,1
3819,83,676.3,440.8,230,7638,2,1
3820,83,676.1,440.6,230,7640,2,1
3821,83,676.1,440.3,230,7642,2,1
3822,83,676.4,440.1,230,7644,2,1
3823,83,676.8,440,230,7646,2,1
3824,83,677.1,439.9,230,7648,2,1
3825,83,677.4,439.8,230,7650,2,1
3826,83,677.2,439.6,230,7652,2,1
3827,83,677,439.6,230,7654,2,1
3828,83,676.6,439.4,230,7656,2,1
3829,83,676.1,439.1,230,7658,2,1
3830,83,675.6,438.6,230,7660,2,1
3831,83,675.3,438.3,230,7662,2,1
3832,83,674.9,438.2,230,7664,2,1
3833,83,674.9,438.2,231,7666,2,1
3834,83,674.9,438.5,231,7668,2,1
3835,83,675,438.8,231,7670,2,1
3836,83,675,439.1,231,7672,2,1
3837,83,675,439.5,231,7674,2,1
3838,83,674.9,440,231,7676,2,1
3839,83,674.8,440.4,231,7678,2,1
3840,83,674.8,440.7,231,7680,2,1
3841,83,674.5,441.2,231,7682,2,1
3842,83,674.2,441.7,231,7684,2,1
3843,83,673.9,442.2,231,7686,2,1
3844,83,673.7,442.7,231,7688,2,1
3845,83,673.6,443,231,7690,2,1
3846,83,673.5,443.2,231,7692,2,1
3847,83,673.4,443.3,231,7694,2,1
3848,83,674,443.1,231,7696,2,1
3849,83,674.5,442.8,231,7698,2,1
3850,83,675.1,442.3,232,7700,2,1
3851,83,675.7,441.8,232,7702,2,1
3852,83,676.3,441.4,232,7704,2,1
3853,83,676.8,441.2,232,7706,2,1
3854,83,677.4,441,232,7708,2,1
3855,83,677.3,440.9,232,7710,2,1
3856,83,677.2,440.6,232,7712,2,1
3857,83,677.2,440.4,232,7714,2,1
3858,83,677.1,440.3,232,7716,2,1
3859,83,677.1,440.6,232,7718,2,1
3860,83,677.1,440.8,232,7720,2,1
3861,83,677.2,441,232,7722,2,1
3862,83,677.4,441.3,232,7724,2,1
3863,83,677.6,441.6,232,7726,2,1
3864,83,677.7,441.9,232,7728,2,1
3865,83,677.7,442.3,232,7730,2,1
3866,83,677.7,442.4,232,7732,2,1
3867,83,677.7,442.3,233,7734,2,1
3868,83,677.7,442.1,233,7736,2,1
3869,83,677.7,441.8,233,7738,2,1
3870,83,677.7,441.6,233,7740,2,1
3871,83,677.8,441.3,233,7742,2,1
3872,83,677.9,441.1,233,7744,2,1
3873,83,677.9,441,233,7746,2,1
3874,83,677.9,440.9,233,7748,2,1
3875,83,677.8,440.9,233,7750,2,1
3876,83,677.6,440.7,233,7752,2,1
3877,83,677.5,440.9,233,7754,2,1
3878,83,677.8,440.9,233,7756,2,1
3879,83,677.9,441.1,233,7758,2,1
3880,83,678.1,441.2,233,7760,2,1
3881,83,677.9,441.5,233,7762,2,1
3882,83,677.6,441.8,233,7764,2,1
3883,83,677.4,441.7,234,7766,2,1
3884,83,677.2,441.3,234,7768,2,1
3885,83,676.6,440.9,234,7770,2,1
3886,83,676.2,440.4,234,7772,2,1
3887,83,675.9,439.9,234,7774,2,1
3888,83,676.2,439.5,234,7776,2,1
3889,83,676.4,439.1,234,7778,2,1
3890,83,676.7,439,234,7780,2,1
3891,83,676.9,438.9,234,7782,2,1
3892,83,677.1,438.9,234,7784,2,1
3893,83,677.3,439,234,7786,2,1
3894,83,677.4,439.2,234,7788,2,1
3895,83,677.4,439.3,234,7790,2,1
3896,83,677.5,439.3,234,7792,2,1
3897,83,677.7,439.4,234,7794,2,1
3898,83,677.9,439.4,234,7796,2,1
3899,83,678.2,439.4,234,7798,2,1
3900,83,678.5,439.3,235,7800,2,1
3901,83,678.8,439.2,235,7802,2,1
3902,83,679.3,439.5,235,7804,2,1
3903,83,680.1,439.8,235,7806,2,1
3904,83,680.9,440,235,7808,2,1
3905,83,681.5,440.4,235,7810,2,1
3906,83,682,440.7,235,7812,2,1
3907,83,682.5,441,235,7814,2,1
3908,83,682.9,441.2,235,7816,2,1
3909,83,683.1,441.3,235,7818,2,1
3910,83,683.1,441.3,235,7820,2,1
3911,83,683.5,441.2,235,7822,2,1
3912,83,684,441.2,235,7824,2,1
3913,83,684.6,441.1,235,7826,2,1
3914,83,685.1,441,235,7828,2,1
3915,83,685.6,440.8,235,7830,2,1
3916,83,686.1,440.7,235,7832,2,1
3917,83,686.5,440.8,236,7834,2,1
3918,83,686.5,440.9,236,7836,2,1
3919,83,686.5,441,236,7838,2,1
3920,83,686.4,441.3,236,7840,2,1
3921,83,686.5,441.6,236,7842,2,1
3922,83,686.7,441.9,236,7844,2,1
3923,83,687,442.1,236,7846,2,1
3924,83,687.1,442.1,236,7848,2,1
3925,83,687.3,442.1,236,7850,2,1
3926,83,687.6,442.3,236,7852,2,1
3927,83,687.9,442.6,236,7854,2,1
3928,83,688.1,442.7,236,7856,2,1
3929,83,688.4,442.9,236,7858,2,1
3930,83,688.4,443.3,236,7860,2,1
3931,83,688.4,443.7,236,7862,2,1
3932,83,688.2,444,236,7864,2,1
3933,83,687.9,444.1,237,7866,2,1
3934,83,687.4,444.3,237,7868,2,1
3935,83,686.9,444.3,237,7870,2,1
3936,83,686.4,444.2,237,7872,2,1
3937,83,685.9,443.6,237,7874,2,1
3938,83,685.6,442.8,237,7876,2,1
3939,83,685.5,442.3,237,7878,2,1
3940,83,685.7,441.9,237,7880,2,1
3941,83,686,441.8,237,7882,2,1
3942,83,686.3,441.7,237,7884,2,1
3943,83,686.7,441.7,237,7886,2,1
3944,83,687,441.9,237,7888,2,1
3945,83,687.2,442.3,237,7890,2,1
3946,83,687.5,442.6,237,7892,2,1
3947,83,687.4,442.8,237,7894,2,1
3948,83,687.3,442.8,237,7896,2,1
3949,83,687.2,442.9,237,7898,2,1
3950,83,687.1,443,238,7900,2,1
3951,83,686.9,443.1,238,7902,2,1
3952,83,686.8,443.2,238,7904,2,1
3953,83,686.7,443.1,238,7906,2,1
3954,83,686.6,443,238,7908,2,1
3955,83,686.4,442.8,238,7910,2,1
3956,83,686.2,442.7,238,7912,2,1
3957,83,685.9,442.5,238,7914,2,1
3958,83,685.7,442.2,238,7916,2,1
3959,83,685.6,441.8,238,7918,2,1
3960,83,685.5,441.7,238,7920,2,1
3961,83,685.7,441.7,238,7922,2,1
3962,83,686,441.7,238,7924,2,1
3963,83,686.4,441.9,238,7926,2,1
3964,83,686.8,441.9,238,7928,2,1
3965,83,687.2,441.9,238,7930,2,1
3966,83,687.5,441.8,238,7932,2,1
3967,83,687.7,441.8,239,7934,2,1
3968,83,687.9,441.8,239,7936,2,1
3969,83,688,441.5,239,7938,2,1
3970,83,688.2,441.2,239,7940,2,1
3971,83,688.3,440.8,239,7942,2,1
3972,83,687.9,440.7,239,7944,2,1
3973,83,687.6,440.5,239,7946,2,1
3974,83,687.2,440.7,239,7948,2,1
3975,83,686.7,441,239,7950,2,1
3976,83,686.2,441.4,239,7952,2,1
3977,83,685.7,441.9,239,7954,2,1
3978,83,685.3,442.3,239,7956,2,1
3979,83,685.4,442.7,239,7958,2,1
3980,83,685.7,442.9,239,7960,2,1
3981,83,685.9,442.9,239,7962,2,1
3982,83,686.2,442.9,239,7964,2,1
3983,83,686.6,442.9,240,7966,2,1
3984,83,687.1,443,240,7968,2,1
3985,83,687.5,443,240,7970,2,1
3986,83,687.8,443,240,7972,2,1
3987,83,687.9,442.7,240,7974,2,1
3988,83,688.1,442.4,240,7976,2,1
3989,83,688.2,442.1,240,7978,2,1
3990,83,688.1,441.7,240,7980,2,1
3991,83,688,441.3,240,7982,2,1
3992,83,687.9,440.9,240,7984,2,1
3993,83,687.7,440.5,240,7986,2,1
3994,83,687.6,440.3,240,7988,2,1
3995,83,687.5,440.2,240,7990,2,1
3996,83,687.3,440.2,240,7992,2,1
3997,83,687.2,440.6,240,7994,2,1
3998,83,687,441.1,240,7996,2,1
3999,83,687,441.5,240,7998,2,1
4000,83,687,441.9,241,8000,2,1
4001,83,687.1,442.3,241,8002,2,1
4002,83,687.1,442.6,241,8004,2,1
4003,83,687.7,442.8,241,8006,2,1
4004,83,688.3,442.5,241,8008,2,1
4005,83,688.8,442.4,241,8010,2,1
4006,83,689.1,442.4,241,8012,2,1
4007,83,689.3,442.5,241,8014,2,1
4008,83,689.5,442.6,241,8016,2,1
4009,83,689.6,442.7,241,8018,2,1
4010,83,689.3,442.9,241,8020,2,1
4011,83,689,442.9,241,8022,2,1
4012,83,688.9,442.7,241,8024,2,1
4013,83,688.8,442.4,241,8026,2,1
4014,83,688.8,442.1,241,8028,2,1
4015,83,688.9,441.7,241,8030,2,1
4016,83,689,441.3,241,8032,2,1
4017,83,689,440.8,242,8034,2,1
4018,83,688.8,440.8,242,8036,2,1
4019,83,688.7,440.8,242,8038,2,1
4020,83,688.3,440.9,242,8040,2,1
4021,83,687.8,441.1,242,8042,2,1
4022,83,687.4,441.4,242,8044,2,1
4023,83,687,441.8,242,8046,2,1
4024,83,686.6,442.2,242,8048,2,1
4025,83,686.2,442.4,242,8050,2,1
4026,83,685.9,442.5,242,8052,2,1
4027,83,685.9,442.5,242,8054,2,1
4028,83,686.2,442.7,242,8056,2,1
4029,83,686.4,443,242,8058,2,1
4030,83,686.7,443.1,242,8060,2,1
4031,83,687,443.2,242,8062,2,1
4032,83,687.1,443.1,242,8064,2,1
4033,83,687.1,442.7,243,8066,2,1
4034,83,687.1,442.2,243,8068,2,1
4035,83,686.7,441.6,243,8070,2,1
4036,83,686.3,441,243,8072,2,1
4037,83,686,440.4,243,8074,2,1
4038,83,685.9,439.9,243,8076,2,1
4039,83,686.7,439.5,243,8078,2,1
4040,83,687.5,439.2,243,8080,2,1
4041,83,688.5,439,243,8082,2,1
4042,83,689.7,438.7,243,8084,2,1
4043,83,690.9,438.4,243,8086,2,1
4044,83,692.1,438.1,243,8088,2,1
4045,83,693.1,437.5,243,8090,2,1
4046,83,693.6,436.9,243,8092,2,1
4047,83,694.1,436.4,243,8094,2,1
4048,83,694.2,436,243,8096,2,1
4049,83,694.1,435.7,243,8098,2,1
4050,83,694.1,435.4,244,8100,2,1
4051,83,693.9,435.1,244,8102,2,1
4052,83,693.8,435.2,244,8104,2,1
4053,83,693.6,435.4,244,8106,2,1
4054,83,693.3,435.7,244,8108,2,1
4055,83,693.1,436.1,244,8110,2,1
4056,83,692.8,436.4,244,8112,2,1
4057,83,692.5,436.8,244,8114,2,1
4058,83,692.3,437.1,244,8116,2,1
4059,83,692.1,437.4,244,8118,2,1
4060,83,691.9,437.5,244,8120,2,1
4061,83,691.8,437.6,244,8122,2,1
4062,83,691.8,437.2,244,8124,2,1
4063,83,692.1,436.6,244,8126,2,1
4064,83,692.3,436.1,244,8128,2,1
4065,83,692.4,435.3,244,8130,2,1
4066,83,692.6,434.5,244,8132,2,1
4067,83,692.7,433.9,245,8134,2,1
4068,83,692.8,433.5,245,8136,2,1
4069,83,692.6,433.3,245,8138,2,1
4070,83,692.5,433,245,8140,2,1
4071,83,692.3,432.8,245,8142,2,1
4072,83,692,433,245,8144,2,1
4073,83,691.6,433.4,245,8146,2,1
4074,83,691.1,433.7,245,8148,2,1
4075,83,690.7,434,245,8150,2,1
4076,83,690.5,434.2,245,8152,2,1
4077,83,690.3,434.1,245,8154,2,1
4078,83,690.3,433.9,245,8156,2,1
4079,83,690.3,433.8,245,8158,2,1
4080,83,690.1,433.5,245,8160,2,1
4081,83,690,433.1,245,8162,2,1
4082,83,689.8,432.9,245,8164,2,1
4083,83,689.7,432.6,246,8166,2,1
4084,83,689.3,432.9,246,8168,2,1
4085,83,688.8,433.2,246,8170,2,1
4086,83,688.2,433.5,246,8172,2,1
4087,83,687.9,432.8,246,8174,2,1
4088,83,687.6,432.3,246,8176,2,1
4089,83,687.2,431.7,246,8178,2,1
4090,83,686.4,431.3,246,8180,2,1
4091,83,685.9,430.6,246,8182,2,1
4092,83,685.5,429.9,246,8184,2,1
4093,83,685.1,429.1,246,8186,2,1
4094,83,684.6,429.1,246,8188,2,1
4095,83,684.3,429.1,246,8190,2,1
4096,83,684,429,246,8192,2,1
4097,83,684.1,428.4,246,8194,2,1
4098,83,684.3,427.8,246,8196,2,1
4099,83,684.7,427.3,246,8198,2,1
4100,83,685.7,426.7,247,8200,2,1
4101,83,686.7,426.3,247,8202,2,1
4102,83,687.6,426.1,247,8204,2,1
4103,83,688.6,425.9,247,8206,2,1
4104,83,689.6,426,247,8208,2,1
4105,83,690.3,426.1,247,8210,2,1
4106,83,690.9,426.3,247,8212,2,1
4107,83,691,426.6,247,8214,2,1
4108,83,691,427,247,8216,2,1
4109,83,691.1,427.4,247,8218,2,1
4110,83,691.1,427.7,247,8220,2,1
4111,83,691.1,428.4,247,8222,2,1
4112,83,691.2,429,247,8224,2,1
4113,83,691.4,429.4,247,8226,2,1
4114,83,691.6,429.2,247,8228,2,1
4115,83,691.9,429,247,8230,2,1
4116,83,692.3,428.7,247,8232,2,1
4117,83,692.6,428.3,248,8234,2,1
4118,83,692.9,427.5,248,8236,2,1
4119,83,693.1,426.7,248,8238,2,1
4120,83,693.1,426.2,248,8240,2,1
4121,83,693,426,248,8242,2,1
4122,83,692.7,425.9,248,8244,2,1
4123,83,692.3,425.8,248,8246,2,1
4124,83,691.9,425.8,248,8248,2,1
4125,83,691.6,425.8,248,8250,2,1
4126,83,691.4,426.6,248,8252,2,1
4127,83,691.6,427.3,248,8254,2,1
4128,83,691.9,427.9,248,8256,2,1
4129,83,692.1,428.5,248,8258,2,1
4130,83,692.5,429.2,248,8260,2,1
4131,83,692.8,429.3,248,8262,2,1
4132,83,693.5,429.4,248,8264,2,1
4133,83,694.1,428.9,249,8266,2,1
4134,83,694.4,428.2,249,8268,2,1
4135,83,694.8,427.6,249,8270,2,1
4136,83,695.3,426.9,249,8272,2,1
4137,83,695.8,426.3,249,8274,2,1
4138,83,696.3,426.2,249,8276,2,1
4139,83,696.6,426.1,249,8278,2,1
4140,83,696.9,426.2,249,8280,2,1
4141,83,697.2,426.2,249,8282,2,1
4142,83,697.5,426.3,249,8284,2,1
4143,83,697.9,426.5,249,8286,2,1
4144,83,698.3,426.6,249,8288,2,1
4145,83,698.5,426.6,249,8290,2,1
4146,83,698.9,426.6,249,8292,2,1
4147,83,699.2,426.6,249,8294,2,1
4148,83,699.6,426.6,249,8296,2,1
4149,83,699.9,426.6,249,8298,2,1
4150,83,700.1,426.7,250,8300,2,1
4151,83,700.3,426.9,250,8302,2,1
4152,83,700.6,427.1,250,8304,2,1
4153,83,700.8,427.2,250,8306,2,1
4154,83,701,427.2,250,8308,2,1
4155,83,701.2,427.2,250,8310,2,1
4156,83,701.4,427,250,8312,2,1
4157,83,701.6,426.8,250,8314,2,1
4158,83,701.7,426.5,250,8316,2,1
4159,83,701.8,426.1,250,8318,2,1
4160,83,701.9,426.1,250,8320,2,1
4161,83,701.9,426,250,8322,2,1
4162,83,702,425.9,250,8324,2,1
4163,83,702,425.9,250,8326,2,1
4164,83,702,425.9,250,8328,2,1
4165,83,701.9,425.8,250,8330,2,1
4166,83,702,425.6,250,8332,2,1
4167,83,702,425,251,8334,2,1
4168,83,702.3,424.5,251,8336,2,1
4169,83,702.5,424.1,251,8338,2,1
4170,83,702.8,423.6,251,8340,2,1
4171,83,703.1,423.2,251,8342,2,1
4172,83,703.4,422.7,251,8344,2,1
4173,83,703.7,422.4,251,8346,2,1
4174,83,703.9,422.2,251,8348,2,1
4175,83,703.9,422,251,8350,2,1
4176,83,703.9,421.9,251,8352,2,1
4177,83,703.9,422,251,8354,2,1
4178,83,703.9,422.1,251,8356,2,1
4179,83,704,422.3,251,8358,2,1
4180,83,704.2,422.5,251,8360,2,1
4181,83,704.5,422.6,251,8362,2,1
4182,83,705,422.4,251,8364,2,1
4183,83,705.7,422.1,252,8366,2,1
4184,83,706.3,421.5,252,8368,2,1
4185,83,706.9,420.7,252,8370,2,1
4186,83,707.3,420,252,8372,2,1
4187,83,707.5,419.3,252,8374,2,1
4188,83,707.7,418.7,252,8376,2,1
4189,83,707.6,418.4,252,8378,2,1
4190,83,707.4,418.2,252,8380,2,1
4191,83,707.3,418.1,252,8382,2,1
4192,83,707.3,418.2,252,8384,2,1
4193,83,707.3,418.2,252,8386,2,1
4194,83,707.4,418.3,252,8388,2,1
4195,83,707.5,418.4,252,8390,2,1
4196,83,707.6,418.4,252,8392,2,1
4197,83,707.7,418.5,252,8394,2,1
4198,83,707.7,418.7,252,8396,2,1
4199,83,707.5,418.9,252,8398,2,1
4200,83,707.4,419.1,253,8400,2,1
4201,83,707.2,419.2,253,8402,2,1
4202,83,707,419.3,253,8404,2,1
4203,83,706.8,419.4,253,8406,2,1
4204,83,706.6,419.6,253,8408,2,1
4205,83,706.6,419.7,253,8410,2,1
4206,83,706.6,419.9,253,8412,2,1
4207,83,706.7,420.1,253,8414,2,1
4208,83,706.8,420.2,253,8416,2,1
4209,83,707,420.3,253,8418,2,1
4210,83,707.1,420.3,253,8420,2,1
4211,83,707.3,420.2,253,8422,2,1
4212,83,707.5,420,253,8424,2,1
4213,83,707.7,419.7,253,8426,2,1
4214,83,707.7,419.4,253,8428,2,1
4215,83,707.6,419.1,253,8430,2,1
4216,83,707,419,253,8432,2,1
4217,83,706.4,419.1,254,8434,2,1
4218,83,705.8,419.3,254,8436,2,1
4219,83,705.1,419.4,254,8438,2,1
4220,83,704.4,419.7,254,8440,2,1
4221,83,703.7,420,254,8442,2,1
4222,83,703.2,420.3,254,8444,2,1
4223,83,703.2,420.7,254,8446,2,1
4224,83,703.2,420.8,254,8448,2,1
4225,83,703.2,421,254,8450,2,1
4226,83,703.2,420.8,254,8452,2,1
4227,83,703.3,420.6,254,8454,2,1
4228,83,703.4,420.2,254,8456,2,1
4229,83,703.6,419.8,254,8458,2,1
4230,83,703.7,419.3,254,8460,2,1
4231,83,703.9,418.9,254,8462,2,1
4232,83,703.9,418.7,254,8464,2,1
4233,83,703.7,418.8,255,8466,2,1
4234,83,703.4,418.9,255,8468,2,1
4235,83,703.1,418.6,255,8470,2,1
4236,83,702.6,417.6,255,8472,2,1
4237,83,702.2,416.7,255,8474,2,1
4238,83,701.2,416,255,8476,2,1
4239,83,700.3,415,255,8478,2,1
4240,83,699.7,413.6,255,8480,2,1
4241,83,699,412.9,255,8482,2,1
4242,83,698.5,412.4,255,8484,2,1
4243,83,698,412.4,255,8486,2,1
4244,83,697.5,412.2,255,8488,2,1
4245,83,697.6,411.9,255,8490,2,1
4246,83,697.6,411.6,255,8492,2,1
4247,83,697.9,411.1,255,8494,2,1
4248,83,698.2,410.6,255,8496,2,1
4249,83,698.6,410.1,255,8498,2,1
4250,83,699.1,409.5,256,8500,2,1
4251,83,699.6,409.1,256,8502,2,1
4252,83,700.2,408.8,256,8504,2,1
4253,83,700.7,408.9,256,8506,2,1
4254,83,701.8,408.5,256,8508,2,1
4255,83,703.2,407.3,256,8510,2,1
4256,83,714.4,402.4,256,8512,2,1
4257,83,751.8,395.1,256,8514,2,1
4258,83,842.9,378.9,256,8516,2,1
4259,83,1040.7,316.8,256,8518,2,1
4260,83,1231,254.9,256,8520,2,1
4261,83,-9999,194.4,256,8522,2,1
4262,83,-9999,160.5,256,8524,2,1
4263,83,-9999,118.1,256,8526,2,1
4264,83,-9999,61,256,8528,2,1
4265,83,-9999,-9999,256,8530,2,1
4266,83,-9999,-9999,256,8532,2,1
4267,83,-9999,-9999,257,8534,2,1
4268,83,-9999,-9999,257,8536,2,1
4269,83,-9999,-9999,257,8538,2,1
4270,83,-9999,-9999,257,8540,2,1
4271,83,-9999,-9999,257,8542,2,1
4272,83,-9999,-9999,257,8544,2,1
4273,83,-9999,-9999,257,8546,2,1
4274,83,-9999,-9999,257,8548,2,1
4275,83,-9999,-9999,257,8550,2,1
4276,83,-9999,-9999,257,8552,2,1
4277,83,-9999,-9999,257,8554,2,1
4278,83,-9999,-9999,257,8556,2,1
4279,83,-9999,-9999,257,8558,2,1
4280,83,-9999,-9999,257,8560,2,1
4281,83,-9999,-9999,257,8562,2,1
4282,83,-9999,-9999,257,8564,2,1
4283,83,-9999,-9999,258,8566,2,1
4284,83,-9999,-9999,258,8568,2,1
4285,83,-9999,-9999,258,8570,2,1
4286,83,-9999,-9999,258,8572,2,1
4287,83,-9999,-9999,258,8574,2,1
4288,83,-9999,-9999,258,8576,2,1
4289,83,-9999,-9999,258,8578,2,1
4290,83,-9999,-9999,258,8580,2,1
4291,83,-9999,-9999,258,8582,2,1
4292,83,-9999,-9999,258,8584,2,1
4293,83,-9999,-9999,258,8586,2,1
4294,83,-9999,-9999,258,8588,2,1
4295,83,-9999,-9999,258,8590,2,1
4296,83,-9999,-9999,258,8592,2,1
4297,83,-9999,-9999,258,8594,2,1
4298,83,-9999,-9999,258,8596,2,1
4299,83,-9999,-9999,258,8598,2,1
4300,83,-9999,-9999,259,8600,2,1
4301,83,-9999,-9999,259,8602,2,1
4302,83,-9999,-9999,259,8604,2,1
4303,83,-9999,-9999,259,8606,2,1
4304,83,-9999,-9999,259,8608,2,1
4305,83,-9999,-9999,259,8610,2,1
4306,83,-9999,-9999,259,8612,2,1
4307,83,-9999,-9999,259,8614,2,1
4308,83,-9999,-9999,259,8616,2,1
4309,83,-9999,-9999,259,8618,2,1
4310,83,-9999,-9999,259,8620,2,1
4311,83,-9999,-9999,259,8622,2,1
4312,83,-9999,-9999,259,8624,2,1
4313,83,-9999,-9999,259,8626,2,1
4314,83,-9999,-9999,259,8628,2,1
4315,83,-9999,-9999,259,8630,2,1
4316,83,-9999,-9999,259,8632,2,1
4317,83,-9999,-9999,260,8634,2,1
4318,83,-9999,-9999,260,8636,2,1
4319,83,-9999,-9999,260,8638,2,1
4320,83,-9999,-9999,260,8640,2,1
4321,83,-9999,-9999,260,8642,2,1
4322,83,-9999,-9999,260,8644,2,1
4323,83,-9999,-9999,260,8646,2,1
4324,83,-9999,-9999,260,8648,2,1
4325,83,-9999,-9999,260,8650,2,1
4326,83,-9999,-9999,260,8652,2,1
4327,83,-9999,-9999,260,8654,2,1
4328,83,-9999,-9999,260,8656,2,1
4329,83,-9999,-9999,260,8658,2,1
4330,83,-9999,-9999,260,8660,2,1
4331,83,-9999,-9999,260,8662,2,1
4332,83,-9999,-9999,260,8664,2,1
4333,83,-9999,-9999,261,8666,2,1
4334,83,-9999,-9999,261,8668,2,1
4335,83,-9999,-9999,261,8670,2,1
4336,83,-9999,-9999,261,8672,2,1
4337,83,-9999,-9999,261,8674,2,1
4338,83,-9999,-9999,261,8676,2,1
4339,83,-9999,-9999,261,8678,2,1
4340,83,-9999,-9999,261,8680,2,1
4341,83,-9999,-9999,261,8682,2,1
4342,83,-9999,-9999,261,8684,2,1
4343,83,-9999,-9999,261,8686,2,1
4344,83,-9999,-9999,261,8688,2,1
4345,83,-9999,-9999,261,8690,2,1
4346,83,-9999,-9999,261,8692,2,1
4347,83,-9999,-9999,261,8694,2,1
4348,83,-9999,-9999,261,8696,2,1
4349,83,-9999,-9999,261,8698,2,1
4350,83,-9999,-9999,262,8700,2,1
4351,83,-9999,-9999,262,8702,2,1
4352,83,-9999,-9999,262,8704,2,1
4353,83,-9999,-9999,262,8706,2,1
4354,83,-9999,-9999,262,8708,2,1
4355,83,-9999,-9999,262,8710,2,1
4356,83,-9999,-9999,262,8712,2,1
4357,83,-9999,-9999,262,8714,2,1
4358,83,-9999,-9999,262,8716,2,1
4359,83,-9999,-9999,262,8718,2,1
4360,83,-9999,-9999,262,8720,2,1
4361,83,-9999,-9999,262,8722,2,1
4362,83,-9999,-9999,262,8724,2,1
4363,83,-9999,-9999,262,8726,2,1
4364,83,-9999,-9999,262,8728,2,1
4365,83,-9999,-9999,262,8730,2,1
4366,83,-9999,-9999,262,8732,2,1
4367,83,-9999,-9999,263,8734,2,1
4368,83,-9999,-9999,263,8736,2,1
4369,83,-9999,-9999,263,8738,2,1
4370,83,-9999,-9999,263,8740,2,1
4371,83,-9999,-9999,263,8742,2,1
4372,83,-9999,-9999,263,8744,2,1
4373,83,-9999,-9999,263,8746,2,1
4374,83,-9999,-9999,263,8748,2,1
4375,83,-9999,-9999,263,8750,2,1
4376,83,-9999,-9999,263,8752,2,1
4377,83,-9999,-9999,263,8754,2,1
4378,83,-9999,-9999,263,8756,2,1
4379,83,-9999,-9999,263,8758,2,1
4380,83,-9999,-9999,263,8760,2,1
4381,83,-9999,-9999,263,8762,2,1
4382,83,-9999,-9999,263,8764,2,1
4383,83,-9999,-9999,264,8766,2,1
4384,83,-9999,-9999,264,8768,2,1
4385,83,-9999,-9999,264,8770,2,1
4386,83,-9999,-9999,264,8772,2,1
4387,83,-9999,-9999,264,8774,2,1
4388,83,-9999,-9999,264,8776,2,1
4389,83,-9999,-9999,264,8778,2,1
4390,83,-9999,-9999,264,8780,2,1
4391,83,-9999,-9999,264,8782,2,1
4392,83,-9999,-9999,264,8784,2,1
4393,83,-9999,-9999,264,8786,2,1
4394,83,-9999,-9999,264,8788,2,1
4395,83,-9999,-9999,264,8790,2,1
4396,83,-9999,-9999,264,8792,2,1
4397,83,-9999,-9999,264,8794,2,1
4398,83,-9999,-9999,264,8796,2,1
4399,83,-9999,-9999,264,8798,2,1
4400,83,-9999,-9999,265,8800,2,1
4401,83,-9999,-9999,265,8802,2,1
4402,83,-9999,-9999,265,8804,2,1
4403,83,-9999,-9999,265,8806,2,1
4404,83,-9999,-9999,265,8808,2,1
4405,83,-9999,-9999,265,8810,2,1
4406,83,-9999,-9999,265,8812,2,1
4407,83,-9999,-9999,265,8814,2,1
4408,83,-9999,-9999,265,8816,2,1
4409,83,-9999,-9999,265,8818,2,1
4410,83,-9999,-9999,265,8820,2,1
4411,83,-9999,-9999,265,8822,2,1
4412,83,-9999,-9999,265,8824,2,1
4413,83,-9999,-9999,265,8826,2,1
4414,83,-9999,-9999,265,8828,2,1
4415,83,-9999,-9999,265,8830,2,1
4416,83,-9999,-9999,265,8832,2,1
4417,83,-9999,-9999,266,8834,2,1
4418,83,-9999,-9999,266,8836,2,1
4419,83,-9999,-9999,266,8838,2,1
4420,83,-9999,-9999,266,8840,2,1
4421,83,-9999,-9999,266,8842,2,1
4422,83,-9999,-9999,266,8844,2,1
4423,83,-9999,-9999,266,8846,2,1
4424,83,-9999,-9999,266,8848,2,1
4425,83,-9999,-9999,266,8850,2,1
4426,83,-9999,-9999,266,8852,2,1
4427,83,-9999,-9999,266,8854,2,1
4428,83,-9999,-9999,266,8856,2,1
4429,83,-9999,-9999,266,8858,2,1
4430,83,-9999,-9999,266,8860,2,1
4431,83,-9999,-9999,266,8862,2,1
4432,83,-9999,-9999,266,8864,2,1
4433,83,-9999,-9999,267,8866,2,1
4434,83,-9999,-9999,267,8868,2,1
4435,83,-9999,-9999,267,8870,2,1
4436,83,-9999,-9999,267,8872,2,1
4437,83,-9999,-9999,267,8874,2,1
4438,83,-9999,-9999,267,8876,2,1
4439,83,-9999,-9999,267,8878,2,1
4440,83,-9999,-9999,267,8880,2,1
4441,83,-9999,-9999,267,8882,2,1
4442,83,-9999,-9999,267,8884,2,1
4443,83,-9999,-9999,267,8886,2,1
4444,83,-9999,-9999,267,8888,2,1
4445,83,-9999,-9999,267,8890,2,1
4446,83,-9999,-9999,267,8892,2,1
4447,83,-9999,-9999,267,8894,2,1
4448,83,-9999,-9999,267,8896,2,1
4449,83,-9999,-9999,267,8898,2,1
4450,83,-9999,-9999,268,8900,2,1
4451,83,-9999,-9999,268,8902,2,1
4452,83,-9999,-9999,268,8904,2,1
4453,83,-9999,-9999,268,8906,2,1
4454,83,-9999,-9999,268,8908,2,1
4455,83,-9999,-9999,268,8910,2,1
4456,83,-9999,-9999,268,8912,2,1
4457,83,-9999,-9999,268,8914,2,1
4458,83,-9999,-9999,268,8916,2,1
4459,83,-9999,-9999,268,8918,2,1
4460,83,-9999,-9999,268,8920,2,1
4461,83,-9999,-9999,268,8922,2,1
4462,83,-9999,-9999,268,8924,2,1
4463,83,-9999,-9999,268,8926,2,1
4464,83,-9999,-9999,268,8928,2,1
4465,83,-9999,-9999,268,8930,2,1
4466,83,-9999,-9999,268,8932,2,1
4467,83,-9999,-9999,269,8934,2,1
4468,83,-9999,-9999,269,8936,2,1
4469,83,-9999,-9999,269,8938,2,1
4470,83,-9999,-9999,269,8940,2,1
4471,83,-9999,-9999,269,8942,2,1
4472,83,-9999,-9999,269,8944,2,1
4473,83,-9999,-9999,269,8946,2,1
4474,83,-9999,-9999,269,8948,2,1
4475,83,-9999,-9999,269,8950,2,1
4476,83,-9999,-9999,269,8952,2,1
4477,83,-9999,-9999,269,8954,2,1
4478,83,-9999,-9999,269,8956,2,1
4479,83,-9999,-9999,269,8958,2,1
4480,83,-9999,-9999,269,8960,2,1
4481,83,-9999,-9999,269,8962,2,1
4482,83,-9999,-9999,269,8964,2,1
4483,83,-9999,-9999,270,8966,2,1
4484,83,-9999,-9999,270,8968,2,1
4485,83,-9999,-9999,270,8970,2,1
4486,83,-9999,-9999,270,8972,2,1
4487,83,-9999,-9999,270,8974,2,1
4488,83,-9999,-9999,270,8976,2,1
4489,83,-9999,-9999,270,8978,2,1
4490,83,-9999,-9999,270,8980,2,1
4491,83,-9999,-9999,270,8982,2,1
4492,83,-9999,-9999,270,8984,2,1
4493,83,-9999,-9999,270,8986,2,1
4494,83,-9999,-9999,270,8988,2,1
4495,83,-9999,-9999,270,8990,2,1
4496,83,-9999,-9999,270,8992,2,1
4497,83,-9999,-9999,270,8994,2,1
4498,83,-9999,-9999,270,8996,2,1
4499,83,-9999,-9999,270,8998,2,1
4500,83,-9999,-9999,271,9000,2,1
4501,83,-9999,-9999,271,9002,2,1
4502,83,-9999,-9999,271,9004,2,1
4503,83,-9999,-9999,271,9006,2,1
4504,83,-9999,-9999,271,9008,2,1
4505,83,-9999,-9999,271,9010,2,1
4506,83,-9999,-9999,271,9012,2,1
4507,83,-9999,-9999,271,9014,2,1
4508,83,-9999,-9999,271,9016,2,1
4509,83,-9999,-9999,271,9018,2,1
4510,83,-9999,-9999,271,9020,2,1
4511,83,-9999,-9999,271,9022,2,1
4512,83,-9999,-9999,271,9024,2,1
4513,83,-9999,-9999,271,9026,2,1
4514,83,-9999,-9999,271,9028,2,1
4515,83,-9999,-9999,271,9030,2,1
4516,83,-9999,-9999,272,9032,2,1
4517,83,-9999,-9999,272,9034,2,1
4518,83,-9999,-9999,272,9036,2,1
4519,83,-9999,-9999,272,9038,2,1
4520,83,-9999,-9999,272,9040,2,1
4521,83,-9999,-9999,272,9042,2,1
4522,83,-9999,-9999,272,9044,2,1
4523,83,-9999,-9999,272,9046,2,1
4524,83,-9999,-9999,272,9048,2,1
4525,83,-9999,-9999,272,9050,2,1
4526,83,-9999,-9999,272,9052,2,1
4527,83,-9999,-9999,272,9054,2,1
4528,83,-9999,-9999,272,9056,2,1
4529,83,-9999,-9999,272,9058,2,1
4530,83,-9999,-9999,272,9060,2,1
4531,83,-9999,-9999,272,9062,2,1
4532,83,-9999,-9999,272,9064,2,1
4533,83,-9999,-9999,273,9066,2,1
4534,83,-9999,-9999,273,9068,2,1
4535,83,-9999,-9999,273,9070,2,1
4536,83,-9999,-9999,273,9072,2,1
4537,83,-9999,-9999,273,9074,2,1
4538,83,-9999,-9999,273,9076,2,1
4539,83,-9999,-9999,273,9078,2,1
4540,83,-9999,-9999,273,9080,2,1
4541,83,-9999,-9999,273,9082,2,1
4542,83,-9999,-9999,273,9084,2,1
4543,83,-9999,-9999,273,9086,2,1
4544,83,-9999,-9999,273,9088,2,1
4545,83,-9999,-9999,273,9090,2,1
4546,83,-9999,-9999,273,9092,2,1
4547,83,-9999,-9999,273,9094,2,1
4548,83,-9999,-9999,273,9096,2,1
4549,83,-9999,-9999,273,9098,2,1
4550,83,-9999,-9999,274,9100,2,1
4551,83,-9999,-9999,274,9102,2,1
4552,83,-9999,-9999,274,9104,2,1
4553,83,-9999,-9999,274,9106,2,1
4554,83,-9999,-9999,274,9108,2,1
4555,83,-9999,-9999,274,9110,2,1
4556,83,-9999,-9999,274,9112,2,1
4557,83,-9999,-9999,274,9114,2,1
4558,83,-9999,-9999,274,9116,2,1
4559,83,-9999,-9999,274,9118,2,1
4560,83,-9999,-9999,274,9120,2,1
4561,83,-9999,-9999,274,9122,2,1
4562,83,-9999,-9999,274,9124,2,1
4563,83,-9999,-9999,274,9126,2,1
4564,83,-9999,-9999,274,9128,2,1
4565,83,-9999,-9999,274,9130,2,1
4566,83,-9999,-9999,274,9132,2,1
4567,83,-9999,-9999,275,9134,2,1
4568,83,-9999,-9999,275,9136,2,1
4569,83,-9999,-9999,275,9138,2,1
4570,83,-9999,-9999,275,9140,2,1
4571,83,-9999,-9999,275,9142,2,1
4572,83,-9999,-9999,275,9144,2,1
4573,83,-9999,-9999,275,9146,2,1
4574,83,-9999,-9999,275,9148,2,1
4575,83,-9999,-9999,275,9150,2,1
4576,83,-9999,-9999,275,9152,2,1
4577,83,-9999,-9999,275,9154,2,1
4578,83,-9999,-9999,275,9156,2,1
4579,83,-9999,-9999,275,9158,2,1
4580,83,-9999,-9999,275,9160,2,1
4581,83,-9999,-9999,275,9162,2,1
4582,83,-9999,-9999,275,9164,2,1
4583,83,-9999,-9999,276,9166,2,1
4584,83,-9999,-9999,276,9168,2,1
4585,83,-9999,-9999,276,9170,2,1
4586,83,-9999,-9999,276,9172,2,1
4587,83,-9999,-9999,276,9174,2,1
4588,83,-9999,-9999,276,9176,2,1
4589,83,-9999,-9999,276,9178,2,1
4590,83,-9999,-9999,276,9180,2,1
4591,83,-9999,-9999,276,9182,2,1
4592,83,-9999,-9999,276,9184,2,1
4593,83,-9999,-9999,276,9186,2,1
4594,83,-9999,-9999,276,9188,2,1
4595,83,-9999,-9999,276,9190,2,1
4596,83,-9999,-9999,276,9192,2,1
4597,83,-9999,-9999,276,9194,2,1
4598,83,-9999,-9999,276,9196,2,1
4599,83,-9999,-9999,276,9198,2,1
4600,83,-9999,-9999,277,9200,2,1
4601,83,-9999,-9999,277,9202,2,1
4602,83,-9999,-9999,277,9204,2,1
4603,83,-9999,-9999,277,9206,2,1
4604,83,-9999,-9999,277,9208,2,1
4605,83,-9999,-9999,277,9210,2,1
4606,83,-9999,-9999,277,9212,2,1
4607,83,-9999,-9999,277,9214,2,1
4608,83,-9999,-9999,277,9216,2,1
4609,83,-9999,-9999,277,9218,2,1
4610,83,-9999,-9999,277,9220,2,1
4611,83,-9999,-9999,277,9222,2,1
4612,83,-9999,-9999,277,9224,2,1
4613,83,-9999,-9999,277,9226,2,1
4614,83,-9999,-9999,277,9228,2,1
4615,83,-9999,-9999,277,9230,2,1
4616,83,-9999,-9999,277,9232,2,1
4617,83,-9999,-9999,278,9234,2,1
4618,83,-9999,-9999,278,9236,2,1
4619,83,-9999,-9999,278,9238,2,1
4620,83,-9999,-9999,278,9240,2,1
4621,83,-9999,-9999,278,9242,2,1
4622,83,-9999,-9999,278,9244,2,1
4623,83,-9999,-9999,278,9246,2,1
4624,83,-9999,-9999,278,9248,2,1
4625,83,-9999,-9999,278,9250,2,1
4626,83,-9999,-9999,278,9252,2,1
4627,83,-9999,-9999,278,9254,2,1
4628,83,-9999,-9999,278,9256,2,1
4629,83,-9999,-9999,278,9258,2,1
4630,83,-9999,-9999,278,9260,2,1
4631,83,-9999,-9999,278,9262,2,1
4632,83,-9999,-9999,278,9264,2,1
4633,83,-9999,-9999,279,9266,2,1
4634,83,-9999,-9999,279,9268,2,1
4635,83,-9999,-9999,279,9270,2,1
4636,83,-9999,-9999,279,9272,2,1
4637,83,-9999,-9999,279,9274,2,1
4638,83,-9999,-9999,279,9276,2,1
4639,83,-9999,-9999,279,9278,2,1
4640,83,-9999,-9999,279,9280,2,1
4641,83,-9999,-9999,279,9282,2,1
4642,83,-9999,-9999,279,9284,2,1
4643,83,-9999,-9999,279,9286,2,1
4644,83,-9999,-9999,279,9288,2,1
4645,83,-9999,-9999,279,9290,2,1
4646,83,-9999,-9999,279,9292,2,1
4647,83,-9999,-9999,279,9294,2,1
4648,83,-9999,-9999,279,9296,2,1
4649,83,-9999,-9999,279,9298,2,1
4650,83,-9999,-9999,280,9300,2,1
4651,83,-9999,-9999,280,9302,2,1
4652,83,-9999,-9999,280,9304,2,1
4653,83,-9999,-9999,280,9306,2,1
4654,83,-9999,-9999,280,9308,2,1
4655,83,-9999,-9999,280,9310,2,1
4656,83,-9999,-9999,280,9312,2,1
4657,83,-9999,-9999,280,9314,2,1
4658,83,-9999,-9999,280,9316,2,1
4659,83,-9999,-9999,280,9318,2,1
4660,83,-9999,-9999,280,9320,2,1
4661,83,-9999,-9999,280,9322,2,1
4662,83,-9999,-9999,280,9324,2,1
4663,83,-9999,-9999,280,9326,2,1
4664,83,-9999,-9999,280,9328,2,1
4665,83,-9999,-9999,280,9330,2,1
4666,83,-9999,-9999,281,9332,2,1
4667,83,-9999,-9999,281,9334,2,1
4668,83,-9999,-9999,281,9336,2,1
4669,83,-9999,-9999,281,9338,2,1
4670,83,-9999,-9999,281,9340,2,1
4671,83,-9999,-9999,281,9342,2,1
4672,83,-9999,-9999,281,9344,2,1
4673,83,-9999,-9999,281,9346,2,1
4674,83,-9999,-9999,281,9348,2,1
4675,83,-9999,-9999,281,9350,2,1
4676,83,-9999,-9999,281,9352,2,1
4677,83,-9999,-9999,281,9354,2,1
4678,83,-9999,-9999,281,9356,2,1
4679,83,-9999,-9999,281,9358,2,1
4680,83,-9999,-9999,281,9360,2,1
4681,83,-9999,-9999,281,9362,2,1
4682,83,-9999,-9999,281,9364,2,1
4683,83,-9999,-9999,282,9366,2,1
4684,83,-9999,-9999,282,9368,2,1
4685,83,-9999,-9999,282,9370,2,1
4686,83,-9999,-9999,282,9372,2,1
4687,83,-9999,-9999,282,9374,2,1
4688,83,-9999,-9999,282,9376,2,1
4689,83,-9999,-9999,282,9378,2,1
4690,83,-9999,-9999,282,9380,2,1
4691,83,-9999,-9999,282,9382,2,1
4692,83,-9999,-9999,282,9384,2,1
4693,83,-9999,-9999,282,9386,2,1
4694,83,-9999,-9999,282,9388,2,1
4695,83,-9999,-9999,282,9390,2,1
4696,83,-9999,-9999,282,9392,2,1
4697,83,-9999,-9999,282,9394,2,1
4698,83,-9999,-9999,282,9396,2,1
4699,83,-9999,-9999,282,9398,2,1
4700,83,-9999,-9999,283,9400,2,1
4701,83,-9999,-9999,283,9402,2,1
4702,83,-9999,-9999,283,9404,2,1
4703,83,-9999,-9999,283,9406,2,1
4704,83,-9999,-9999,283,9408,2,1
4705,83,-9999,-9999,283,9410,2,1
4706,83,-9999,-9999,283,9412,2,1
4707,83,-9999,-9999,283,9414,2,1
4708,83,-9999,-9999,283,9416,2,1
4709,83,-9999,-9999,283,9418,2,1
4710,83,-9999,-9999,283,9420,2,1
4711,83,-9999,-9999,283,9422,2,1
4712,83,-9999,-9999,283,9424,2,1
4713,83,-9999,-9999,283,9426,2,1
4714,83,-9999,-9999,283,9428,2,1
4715,83,-9999,-9999,283,9430,2,1
4716,83,-9999,-9999,284,9432,2,1
4717,83,-9999,-9999,284,9434,2,1
4718,83,-9999,-9999,284,9436,2,1
4719,83,-9999,-9999,284,9438,2,1
4720,83,-9999,-9999,284,9440,2,1
4721,83,-9999,-9999,284,9442,2,1
4722,83,-9999,-9999,284,9444,2,1
4723,83,-9999,-9999,284,9446,2,1
4724,83,-9999,-9999,284,9448,2,1
4725,83,-9999,-9999,284,9450,2,1
4726,83,-9999,-9999,284,9452,2,1
4727,83,-9999,-9999,284,9454,2,1
4728,83,-9999,-9999,284,9456,2,1
4729,83,-9999,-9999,284,9458,2,1
4730,83,-9999,-9999,284,9460,2,1
4731,83,-9999,-9999,284,9462,2,1
4732,83,-9999,-9999,284,9464,2,1
4733,83,-9999,-9999,285,9466,2,1
4734,83,-9999,-9999,285,9468,2,1
4735,83,-9999,-9999,285,9470,2,1
4736,83,-9999,-9999,285,9472,2,1
4737,83,-9999,-9999,285,9474,2,1
4738,83,-9999,-9999,285,9476,2,1
4739,83,-9999,-9999,285,9478,2,1
4740,83,-9999,-9999,285,9480,2,1
4741,83,-9999,-9999,285,9482,2,1
4742,83,-9999,-9999,285,9484,2,1
4743,83,-9999,-9999,285,9486,2,1
4744,83,-9999,-9999,285,9488,2,1
4745,83,-9999,-9999,285,9490,2,1
4746,83,-9999,-9999,285,9492,2,1
4747,83,-9999,-9999,285,9494,2,1
4748,83,-9999,-9999,285,9496,2,1
4749,83,-9999,-9999,285,9498,2,1
4750,83,-9999,-9999,286,9500,2,1
4751,83,-9999,-9999,286,9502,2,1
4752,83,-9999,-9999,286,9504,2,1
4753,83,-9999,-9999,286,9506,2,1
4754,83,-9999,-9999,286,9508,2,1
4755,83,-9999,-9999,286,9510,2,1
4756,83,-9999,-9999,286,9512,2,1
4757,83,-9999,-9999,286,9514,2,1
4758,83,-9999,-9999,286,9516,2,1
4759,83,-9999,-9999,286,9518,2,1
4760,83,-9999,-9999,286,9520,2,1
4761,83,-9999,-9999,286,9522,2,1
4762,83,-9999,-9999,286,9524,2,1
4763,83,-9999,-9999,286,9526,2,1
4764,83,-9999,-9999,286,9528,2,1
4765,83,-9999,-9999,286,9530,2,1
4766,83,-9999,-9999,287,9532,2,1
4767,83,-9999,-9999,287,9534,2,1
4768,83,-9999,-9999,287,9536,2,1
4769,83,-9999,-9999,287,9538,2,1
4770,83,-9999,-9999,287,9540,2,1
4771,83,-9999,-9999,287,9542,2,1
4772,83,-9999,-9999,287,9544,2,1
4773,83,-9999,-9999,287,9546,2,1
4774,83,-9999,-9999,287,9548,2,1
4775,83,-9999,-9999,287,9550,2,1
4776,83,-9999,-9999,287,9552,2,1
4777,83,-9999,-9999,287,9554,2,1
4778,83,-9999,-9999,287,9556,2,1
4779,83,-9999,-9999,287,9558,2,1
4780,83,-9999,-9999,287,9560,2,1
4781,83,-9999,-9999,287,9562,2,1
4782,83,-9999,-9999,287,9564,2,1
4783,83,-9999,-9999,288,9566,2,1
4784,83,-9999,-9999,288,9568,2,1
4785,83,-9999,-9999,288,9570,2,1
4786,83,-9999,-9999,288,9572,2,1
4787,83,-9999,-9999,288,9574,2,1
4788,83,-9999,-9999,288,9576,2,1
4789,83,-9999,-9999,288,9578,2,1
4790,83,-9999,-9999,288,9580,2,1
4791,83,-9999,-9999,288,9582,2,1
4792,83,-9999,-9999,288,9584,2,1
4793,83,-9999,-9999,288,9586,2,1
4794,83,-9999,-9999,288,9588,2,1
4795,83,-9999,-9999,288,9590,2,1
4796,83,-9999,-9999,288,9592,2,1
4797,83,-9999,-9999,288,9594,2,1
4798,83,-9999,-9999,288,9596,2,1
4799,83,-9999,-9999,288,9598,2,1
4800,83,-9999,-9999,289,9600,2,1
4801,83,-9999,-9999,289,9602,2,1
4802,83,-9999,-9999,289,9604,2,1
4803,83,-9999,-9999,289,9606,2,1
4804,83,-9999,-9999,289,9608,2,1
4805,83,-9999,-9999,289,9610,2,1
4806,83,-9999,-9999,289,9612,2,1
4807,83,-9999,-9999,289,9614,2,1
4808,83,-9999,-9999,289,9616,2,1
4809,83,-9999,-9999,289,9618,2,1
4810,83,-9999,-9999,289,9620,2,1
4811,83,-9999,-9999,289,9622,2,1
4812,83,-9999,-9999,289,9624,2,1
4813,83,-9999,-9999,289,9626,2,1
4814,83,-9999,-9999,289,9628,2,1
4815,83,-9999,-9999,289,9630,2,1
4816,83,-9999,-9999,290,9632,2,1
4817,83,-9999,-9999,290,9634,2,1
4818,83,-9999,-9999,290,9636,2,1
4819,83,-9999,-9999,290,9638,2,1
4820,83,-9999,-9999,290,9640,2,1
4821,83,-9999,-9999,290,9642,2,1
4822,83,-9999,-9999,290,9644,2,1
4823,83,-9999,-9999,290,9646,2,1
4824,83,-9999,-9999,290,9648,2,1
4825,83,-9999,-9999,290,9650,2,1
4826,83,-9999,-9999,290,9652,2,1
4827,83,-9999,-9999,290,9654,2,1
4828,83,-9999,-9999,290,9656,2,1
4829,83,-9999,-9999,290,9658,2,1
4830,83,-9999,-9999,290,9660,2,1
4831,83,-9999,-9999,290,9662,2,1
4832,83,-9999,-9999,290,9664,2,1
4833,83,-9999,-9999,291,9666,2,1
4834,83,-9999,-9999,291,9668,2,1
4835,83,-9999,-9999,291,9670,2,1
4836,83,-9999,-9999,291,9672,2,1
4837,83,-9999,-9999,291,9674,2,1
4838,83,-9999,-9999,291,9676,2,1
4839,83,-9999,-9999,291,9678,2,1
4840,83,-9999,-9999,291,9680,2,1
4841,83,-9999,-9999,291,9682,2,1
4842,83,-9999,-9999,291,9684,2,1
4843,83,-9999,-9999,291,9686,2,1
4844,83,-9999,-9999,291,9688,2,1
4845,83,-9999,-9999,291,9690,2,1
4846,83,-9999,-9999,291,9692,2,1
4847,83,-9999,-9999,291,9694,2,1
4848,83,-9999,-9999,291,9696,2,1
4849,83,-9999,-9999,291,9698,2,1
4850,83,-9999,-9999,292,9700,2,1
4851,83,-9999,-9999,292,9702,2,1
4852,83,-9999,-9999,292,9704,2,1
4853,83,-9999,-9999,292,9706,2,1
4854,83,-9999,-9999,292,9708,2,1
4855,83,-9999,-9999,292,9710,2,1
4856,83,-9999,-9999,292,9712,2,1
4857,83,-9999,-9999,292,9714,2,1
4858,83,-9999,-9999,292,9716,2,1
4859,83,-9999,-9999,292,9718,2,1
4860,83,-9999,-9999,292,9720,2,1
4861,83,-9999,-9999,292,9722,2,1
4862,83,-9999,-9999,292,9724,2,1
4863,83,-9999,-9999,292,9726,2,1
4864,83,-9999,-9999,292,9728,2,1
4865,83,-9999,-9999,292,9730,2,1
4866,83,-9999,-9999,293,9732,2,1
4867,83,-9999,-9999,293,9734,2,1
4868,83,-9999,-9999,293,9736,2,1
4869,83,-9999,-9999,293,9738,2,1
4870,83,-9999,-9999,293,9740,2,1
4871,83,-9999,-9999,293,9742,2,1
4872,83,-9999,-9999,293,9744,2,1
4873,83,-9999,-9999,293,9746,2,1
4874,83,-9999,-9999,293,9748,2,1
4875,83,-9999,-9999,293,9750,2,1
4876,83,-9999,-9999,293,9752,2,1
4877,83,-9999,-9999,293,9754,2,1
4878,83,-9999,-9999,293,9756,2,1
4879,83,-9999,-9999,293,9758,2,1
4880,83,-9999,-9999,293,9760,2,1
4881,83,-9999,-9999,293,9762,2,1
4882,83,-9999,-9999,293,9764,2,1
4883,83,-9999,-9999,294,9766,2,1
4884,83,-9999,-9999,294,9768,2,1
4885,83,-9999,-9999,294,9770,2,1
4886,83,-9999,-9999,294,9772,2,1
4887,83,-9999,-9999,294,9774,2,1
4888,83,-9999,-9999,294,9776,2,1
4889,83,-9999,-9999,294,9778,2,1
4890,83,-9999,-9999,294,9780,2,1
4891,83,-9999,-9999,294,9782,2,1
4892,83,-9999,-9999,294,9784,2,1
4893,83,-9999,-9999,294,9786,2,1
4894,83,-9999,-9999,294,9788,2,1
4895,83,-9999,-9999,294,9790,2,1
4896,83,-9999,-9999,294,9792,2,1
4897,83,-9999,-9999,294,9794,2,1
4898,83,-9999,-9999,294,9796,2,1
4899,83,-9999,-9999,294,9798,2,1
4900,83,-9999,-9999,295,9800,2,1
4901,83,-9999,-9999,295,9802,2,1
4902,83,-9999,-9999,295,9804,2,1
4903,83,-9999,-9999,295,9806,2,1
4904,83,-9999,-9999,295,9808,2,1
4905,83,-9999,-9999,295,9810,2,1
4906,83,-9999,-9999,295,9812,2,1
4907,83,-9999,-9999,295,9814,2,1
4908,83,-9999,-9999,295,9816,2,1
4909,83,-9999,-9999,295,9818,2,1
4910,83,-9999,-9999,295,9820,2,1
4911,83,-9999,-9999,295,9822,2,1
4912,83,-9999,-9999,295,9824,2,1
4913,83,-9999,-9999,295,9826,2,1
4914,83,-9999,-9999,295,9828,2,1
4915,83,-9999,-9999,295,9830,2,1
4916,83,-9999,-9999,296,9832,2,1
4917,83,-9999,-9999,296,9834,2,1
4918,83,-9999,-9999,296,9836,2,1
4919,83,-9999,-9999,296,9838,2,1
4920,83,-9999,-9999,296,9840,2,1
4921,83,-9999,-9999,296,9842,2,1
4922,83,-9999,-9999,296,9844,2,1
4923,83,-9999,-9999,296,9846,2,1
4924,83,-9999,-9999,296,9848,2,1
4925,83,-9999,-9999,296,9850,2,1
4926,83,-9999,-9999,296,9852,2,1
4927,83,-9999,-9999,296,9854,2,1
4928,83,-9999,-9999,296,9856,2,1
4929,83,-9999,-9999,296,9858,2,1
4930,83,-9999,-9999,296,9860,2,1
4931,83,-9999,-9999,296,9862,2,1
4932,83,-9999,-9999,296,9864,2,1
4933,83,-9999,-9999,297,9866,2,1
4934,83,-9999,-9999,297,9868,2,1
4935,83,-9999,-9999,297,9870,2,1
4936,83,-9999,-9999,297,9872,2,1
4937,83,-9999,-9999,297,9874,2,1
4938,83,-9999,-9999,297,9876,2,1
4939,83,-9999,-9999,297,9878,2,1
4940,83,-9999,-9999,297,9880,2,1
4941,83,-9999,-9999,297,9882,2,1
4942,83,-9999,-9999,297,9884,2,1
4943,83,-9999,-9999,297,9886,2,1
4944,83,-9999,-9999,297,9888,2,1
4945,83,-9999,-9999,297,9890,2,1
4946,83,-9999,-9999,297,9892,2,1
4947,83,-9999,-9999,297,9894,2,1
4948,83,-9999,-9999,297,9896,2,1
4949,83,-9999,-9999,297,9898,2,1
4950,83,-9999,-9999,298,9900,2,1
4951,83,-9999,-9999,298,9902,2,1
4952,83,-9999,-9999,298,9904,2,1
4953,83,-9999,-9999,298,9906,2,1
4954,83,-9999,-9999,298,9908,2,1
4955,83,-9999,-9999,298,9910,2,1
4956,83,-9999,-9999,298,9912,2,1
4957,83,-9999,-9999,298,9914,2,1
4958,83,-9999,-9999,298,9916,2,1
4959,83,-9999,-9999,298,9918,2,1
4960,83,-9999,-9999,298,9920,2,1
4961,83,-9999,-9999,298,9922,2,1
4962,83,-9999,-9999,298,9924,2,1
4963,83,-9999,-9999,298,9926,2,1
4964,83,-9999,-9999,298,9928,2,1
4965,83,-9999,-9999,298,9930,2,1
4966,83,-9999,-9999,299,9932,2,1
4967,83,-9999,-9999,299,9934,2,1
4968,83,-9999,-9999,299,9936,2,1
4969,83,-9999,-9999,299,9938,2,1
4970,83,-9999,-9999,299,9940,2,1
4971,83,-9999,-9999,299,9942,2,1
4972,83,-9999,-9999,299,9944,2,1
4973,83,-9999,-9999,299,9946,2,1
4974,83,-9999,-9999,299,9948,2,1
4975,83,-9999,-9999,299,9950,2,1
4976,83,-9999,-9999,299,9952,2,1
4977,83,-9999,-9999,299,9954,2,1
4978,83,-9999,-9999,299,9956,2,1
4979,83,-9999,-9999,299,9958,2,1
4980,83,-9999,-9999,299,9960,2,1
4981,83,-9999,-9999,299,9962,2,1
4982,83,-9999,-9999,299,9964,2,1
4983,83,-9999,-9999,300,9966,2,1
4984,83,-9999,-9999,300,9968,2,1
4985,83,-9999,-9999,300,9970,2,1
4986,83,-9999,-9999,300,9972,2,1
4987,83,-9999,-9999,300,9974,2,1
4988,83,-9999,-9999,300,9976,2,1
4989,83,-9999,-9999,300,9978,2,1
4990,83,-9999,-9999,300,9980,2,1
4991,83,-9999,-9999,300,9982,2,1
4992,83,-9999,-9999,300,9984,2,1
4993,83,-9999,-9999,300,9986,2,1
4994,83,-9999,-9999,300,9988,2,1
4995,83,-9999,-9999,300,9990,2,1
4996,83,-9999,-9999,300,9992,2,1
4997,83,-9999,-9999,300,9994,2,1
4998,83,-9999,-9999,300,9996,2,1
4999,83,-9999,-9999,300,9998,2,1
5000,83,-9999,-9999,301,10000,2,1
5001,83,-9999,-9999,301,10002,2,1
5002,83,-9999,-9999,301,10004,2,1
5003,83,-9999,-9999,301,10006,2,1
5004,83,-9999,-9999,301,10008,2,1
5005,83,-9999,-9999,301,10010,2,1
5006,83,-9999,-9999,301,10012,2,1
5007,83,-9999,-9999,301,10014,2,1
5008,83,-9999,-9999,301,10016,2,1
5009,83,-9999,-9999,301,10018,2,1
5010,83,-9999,-9999,301,10020,2,1
5011,83,-9999,-9999,301,10022,2,1
5012,83,-9999,-9999,301,10024,2,1
5013,83,-9999,-9999,301,10026,2,1
5014,83,-9999,-9999,301,10028,2,1
5015,83,-9999,-9999,301,10030,2,1
5016,83,-9999,-9999,302,10032,2,1
5017,83,-9999,-9999,302,10034,2,1
5018,83,-9999,-9999,302,10036,2,1
5019,83,-9999,-9999,302,10038,2,1
5020,83,-9999,-9999,302,10040,2,1
5021,83,-9999,-9999,302,10042,2,1
5022,83,-9999,-9999,302,10044,2,1
5023,83,-9999,-9999,302,10046,2,1
5024,83,-9999,-9999,302,10048,2,1
5025,83,-9999,-9999,302,10050,2,1
5026,83,-9999,-9999,302,10052,2,1
5027,83,-9999,-9999,302,10054,2,1
5028,83,-9999,-9999,302,10056,2,1
5029,83,-9999,-9999,302,10058,2,1
5030,83,-9999,-9999,302,10060,2,1
5031,83,-9999,-9999,302,10062,2,1
5032,83,-9999,-9999,302,10064,2,1
5033,83,-9999,-9999,303,10066,2,1
5034,83,-9999,-9999,303,10068,2,1
5035,83,-9999,-9999,303,10070,2,1
5036,83,-9999,-9999,303,10072,2,1
5037,83,-9999,-9999,303,10074,2,1
5038,83,-9999,-9999,303,10076,2,1
5039,83,-9999,-9999,303,10078,2,1
5040,83,-9999,-9999,303,10080,2,1
5041,83,-9999,-9999,303,10082,2,1
5042,83,-9999,-9999,303,10084,2,1
5043,83,-9999,-9999,303,10086,2,1
5044,83,-9999,-9999,303,10088,2,1
5045,83,-9999,-9999,303,10090,2,1
5046,83,-9999,-9999,303,10092,2,1
5047,83,-9999,-9999,303,10094,2,1
5048,83,-9999,-9999,303,10096,2,1
5049,83,-9999,-9999,303,10098,2,1
5050,83,-9999,-9999,304,10100,2,1
5051,83,-9999,-9999,304,10102,2,1
5052,83,-9999,-9999,304,10104,2,1
5053,83,-9999,-9999,304,10106,2,1
5054,83,-9999,-9999,304,10108,2,1
5055,83,-9999,-9999,304,10110,2,1
5056,83,-9999,-9999,304,10112,2,1
5057,83,-9999,-9999,304,10114,2,1
5058,83,-9999,-9999,304,10116,2,1
5059,83,-9999,-9999,304,10118,2,1
5060,83,-9999,-9999,304,10120,2,1
5061,83,-9999,-9999,304,10122,2,1
5062,83,-9999,-9999,304,10124,2,1
5063,83,-9999,-9999,304,10126,2,1
5064,83,-9999,-9999,304,10128,2,1
5065,83,-9999,-9999,304,10130,2,1
5066,83,-9999,-9999,305,10132,2,1
5067,83,-9999,-9999,305,10134,2,1
5068,83,-9999,-9999,305,10136,2,1
5069,83,-9999,-9999,305,10138,2,1
5070,83,-9999,-9999,305,10140,2,1
5071,83,-9999,-9999,305,10142,2,1
5072,83,-9999,-9999,305,10144,2,1
5073,83,-9999,-9999,305,10146,2,1
5074,83,-9999,-9999,305,10148,2,1
5075,83,-9999,-9999,305,10150,2,1
5076,83,-9999,-9999,305,10152,2,1
5077,83,-9999,-9999,305,10154,2,1
5078,83,-9999,-9999,305,10156,2,1
5079,83,-9999,-9999,305,10158,2,1
5080,83,-9999,-9999,305,10160,2,1
5081,83,-9999,-9999,305,10162,2,1
5082,83,-9999,-9999,305,10164,2,1
5083,83,-9999,-9999,306,10166,2,1
5084,83,-9999,-9999,306,10168,2,1
5085,83,-9999,-9999,306,10170,2,1
5086,83,-9999,-9999,306,10172,2,1
5087,83,-9999,-9999,306,10174,2,1
5088,83,-9999,-9999,306,10176,2,1
5089,83,-9999,-9999,306,10178,2,1
5090,83,-9999,-9999,306,10180,2,1
5091,83,-9999,-9999,306,10182,2,1
5092,83,-9999,-9999,306,10184,2,1
5093,83,-9999,-9999,306,10186,2,1
5094,83,-9999,-9999,306,10188,2,1
5095,83,-9999,-9999,306,10190,2,1
5096,83,-9999,-9999,306,10192,2,1
5097,83,-9999,-9999,306,10194,2,1
5098,83,-9999,-9999,306,10196,2,1
5099,83,-9999,-9999,306,10198,2,1
5100,83,-9999,-9999,307,10200,2,1
5101,83,-9999,-9999,307,10202,2,1
5102,83,-9999,-9999,307,10204,2,1
5103,83,-9999,-9999,307,10206,2,1
5104,83,-9999,-9999,307,10208,2,1
5105,83,-9999,-9999,307,10210,2,1
5106,83,-9999,-9999,307,10212,2,1
5107,83,-9999,-9999,307,10214,2,1
5108,83,-9999,-9999,307,10216,2,1
5109,83,-9999,-9999,307,10218,2,1
5110,83,-9999,-9999,307,10220,2,1
5111,83,-9999,-9999,307,10222,2,1
5112,83,-9999,-9999,307,10224,2,1
5113,83,-9999,-9999,307,10226,2,1
5114,83,-9999,-9999,307,10228,2,1
5115,83,-9999,-9999,307,10230,2,1
5116,83,-9999,-9999,308,10232,2,1
5117,83,-9999,-9999,308,10234,2,1
5118,83,-9999,-9999,308,10236,2,1
5119,83,-9999,-9999,308,10238,2,1
5120,83,-9999,-9999,308,10240,2,1
5121,83,-9999,-9999,308,10242,2,1
5122,83,-9999,-9999,308,10244,2,1
5123,83,-9999,-9999,308,10246,2,1
5124,83,-9999,-9999,308,10248,2,1
5125,83,-9999,-9999,308,10250,2,1
5126,83,-9999,-9999,308,10252,2,1
5127,83,-9999,-9999,308,10254,2,1
5128,83,-9999,-9999,308,10256,2,1
5129,83,-9999,-9999,308,10258,2,1
5130,83,-9999,-9999,308,10260,2,1
5131,83,-9999,-9999,308,10262,2,1
5132,83,-9999,-9999,308,10264,2,1
5133,83,-9999,-9999,309,10266,2,1
5134,83,-9999,-9999,309,10268,2,1
5135,83,-9999,-9999,309,10270,2,1
5136,83,-9999,-9999,309,10272,2,1
5137,83,-9999,-9999,309,10274,2,1
5138,83,-9999,-9999,309,10276,2,1
5139,83,-9999,-9999,309,10278,2,1
5140,83,-9999,-9999,309,10280,2,1
5141,83,-9999,-9999,309,10282,2,1
5142,83,-9999,-9999,309,10284,2,1
5143,83,-9999,-9999,309,10286,2,1
5144,83,-9999,-9999,309,10288,2,1
5145,83,-9999,-9999,309,10290,2,1
5146,83,-9999,-9999,309,10292,2,1
5147,83,-9999,-9999,309,10294,2,1
5148,83,-9999,-9999,309,10296,2,1
5149,83,-9999,-9999,309,10298,2,1
5150,83,-9999,-9999,310,10300,2,1
5151,83,-9999,-9999,310,10302,2,1
5152,83,-9999,-9999,310,10304,2,1
5153,83,-9999,-9999,310,10306,2,1
5154,83,-9999,-9999,310,10308,2,1
5155,83,-9999,-9999,310,10310,2,1
5156,83,-9999,-9999,310,10312,2,1
5157,83,-9999,-9999,310,10314,2,1
5158,83,-9999,-9999,310,10316,2,1
5159,83,-9999,-9999,310,10318,2,1
5160,83,-9999,-9999,310,10320,2,1
5161,83,-9999,-9999,310,10322,2,1
5162,83,-9999,-9999,310,10324,2,1
5163,83,-9999,-9999,310,10326,2,1
5164,83,-9999,-9999,310,10328,2,1
5165,83,-9999,-9999,310,10330,2,1
5166,83,-9999,-9999,311,10332,2,1
5167,83,-9999,-9999,311,10334,2,1
5168,83,-9999,-9999,311,10336,2,1
5169,83,-9999,-9999,311,10338,2,1
5170,83,-9999,-9999,311,10340,2,1
5171,83,-9999,-9999,311,10342,2,1
5172,83,-9999,-9999,311,10344,2,1
5173,83,-9999,-9999,311,10346,2,1
5174,83,-9999,-9999,311,10348,2,1
5175,83,-9999,-9999,311,10350,2,1
5176,83,-9999,-9999,311,10352,2,1
5177,83,-9999,-9999,311,10354,2,1
5178,83,-9999,-9999,311,10356,2,1
5179,83,-9999,-9999,311,10358,2,1
5180,83,-9999,-9999,311,10360,2,1
5181,83,-9999,-9999,311,10362,2,1
5182,83,-9999,-9999,311,10364,2,1
5183,83,-9999,-9999,312,10366,2,1
5184,83,-9999,-9999,312,10368,2,1
5185,83,-9999,-9999,312,10370,2,1
5186,83,-9999,-9999,312,10372,2,1
5187,83,-9999,-9999,312,10374,2,1
5188,83,-9999,-9999,312,10376,2,1
5189,83,-9999,-9999,312,10378,2,1
5190,83,-9999,-9999,312,10380,2,1
5191,83,-9999,-9999,312,10382,2,1
5192,83,-9999,-9999,312,10384,2,1
5193,83,-9999,-9999,312,10386,2,1
5194,83,-9999,-9999,312,10388,2,1
5195,83,-9999,-9999,312,10390,2,1
5196,83,-9999,-9999,312,10392,2,1
5197,83,-9999,-9999,312,10394,2,1
5198,83,-9999,-9999,312,10396,2,1
5199,83,-9999,-9999,312,10398,2,1
5200,83,-9999,-9999,313,10400,2,1
5201,83,-9999,-9999,313,10402,2,1
5202,83,-9999,-9999,313,10404,2,1
5203,83,-9999,-9999,313,10406,2,1
5204,83,-9999,-9999,313,10408,2,1
5205,83,-9999,-9999,313,10410,2,1
5206,83,-9999,-9999,313,10412,2,1
5207,83,-9999,-9999,313,10414,2,1
5208,83,-9999,-9999,313,10416,2,1
5209,83,-9999,-9999,313,10418,2,1
5210,83,-9999,-9999,313,10420,2,1
5211,83,-9999,-9999,313,10422,2,1
5212,83,-9999,-9999,313,10424,2,1
5213,83,-9999,-9999,313,10426,2,1
5214,83,-9999,-9999,313,10428,2,1
5215,83,-9999,-9999,313,10430,2,1
5216,83,-9999,-9999,314,10432,2,1
5217,83,-9999,-9999,314,10434,2,1
5218,83,-9999,-9999,314,10436,2,1
5219,83,-9999,-9999,314,10438,2,1
5220,83,-9999,-9999,314,10440,2,1
5221,83,-9999,-9999,314,10442,2,1
5222,83,-9999,-9999,314,10444,2,1
5223,83,-9999,-9999,314,10446,2,1
5224,83,-9999,-9999,314,10448,2,1
5225,83,-9999,-9999,314,10450,2,1
5226,83,-9999,-9999,314,10452,2,1
5227,83,-9999,-9999,314,10454,2,1
5228,83,-9999,-9999,314,10456,2,1
5229,83,-9999,-9999,314,10458,2,1
5230,83,-9999,-9999,314,10460,2,1
5231,83,-9999,-9999,314,10462,2,1
5232,83,-9999,-9999,314,10464,2,1
5233,83,-9999,-9999,315,10466,2,1
5234,83,-9999,-9999,315,10468,2,1
5235,83,-9999,-9999,315,10470,2,1
5236,83,-9999,-9999,315,10472,2,1
5237,83,-9999,-9999,315,10474,2,1
5238,83,-9999,-9999,315,10476,2,1
5239,83,-9999,-9999,315,10478,2,1
5240,83,-9999,-9999,315,10480,2,1
5241,83,-9999,-9999,315,10482,2,1
5242,83,-9999,-9999,315,10484,2,1
5243,83,-9999,-9999,315,10486,2,1
5244,83,-9999,-9999,315,10488,2,1
5245,83,-9999,-9999,315,10490,2,1
5246,83,-9999,-9999,315,10492,2,1
5247,83,-9999,-9999,315,10494,2,1
5248,83,-9999,-9999,315,10496,2,1
5249,83,-9999,-9999,315,10498,2,1
5250,83,-9999,-9999,316,10500,2,1
5251,83,-9999,-9999,316,10502,2,1
5252,83,-9999,-9999,316,10504,2,1
5253,83,-9999,-9999,316,10506,2,1
5254,83,-9999,-9999,316,10508,2,1
5255,83,-9999,-9999,316,10510,2,1
5256,83,-9999,-9999,316,10512,2,1
5257,83,-9999,-9999,316,10514,2,1
5258,83,-9999,-9999,316,10516,2,1
5259,83,-9999,-9999,316,10518,2,1
5260,83,-9999,-9999,316,10520,2,1
5261,83,-9999,-9999,316,10522,2,1
5262,83,-9999,-9999,316,10524,2,1
5263,83,-9999,-9999,316,10526,2,1
5264,83,-9999,-9999,316,10528,2,1
5265,83,-9999,-9999,316,10530,2,1
5266,83,-9999,-9999,317,10532,2,1
5267,83,-9999,-9999,317,10534,2,1
5268,83,-9999,-9999,317,10536,2,1
5269,83,-9999,-9999,317,10538,2,1
5270,83,-9999,-9999,317,10540,2,1
5271,83,-9999,-9999,317,10542,2,1
5272,83,-9999,-9999,317,10544,2,1
5273,83,-9999,-9999,317,10546,2,1
5274,83,-9999,-9999,317,10548,2,1
5275,83,-9999,-9999,317,10550,2,1
5276,83,-9999,-9999,317,10552,2,1
5277,83,-9999,-9999,317,10554,2,1
5278,83,-9999,-9999,317,10556,2,1
5279,83,-9999,-9999,317,10558,2,1
5280,83,-9999,-9999,317,10560,2,1
5281,83,-9999,-9999,317,10562,2,1
5282,83,-9999,-9999,317,10564,2,1
5283,83,-9999,-9999,318,10566,2,1
5284,83,-9999,-9999,318,10568,2,1
5285,83,-9999,-9999,318,10570,2,1
5286,83,-9999,-9999,318,10572,2,1
5287,83,-9999,-9999,318,10574,2,1
5288,83,-9999,-9999,318,10576,2,1
5289,83,-9999,-9999,318,10578,2,1
5290,83,-9999,-9999,318,10580,2,1
5291,83,-9999,-9999,318,10582,2,1
5292,83,-9999,-9999,318,10584,2,1
5293,83,-9999,-9999,318,10586,2,1
5294,83,-9999,-9999,318,10588,2,1
5295,83,-9999,-9999,318,10590,2,1
5296,83,-9999,-9999,318,10592,2,1
5297,83,-9999,-9999,318,10594,2,1
5298,83,-9999,-9999,318,10596,2,1
5299,83,-9999,-9999,318,10598,2,1
5300,83,-9999,-9999,319,10600,2,1
5301,83,-9999,-9999,319,10602,2,1
5302,83,-9999,-9999,319,10604,2,1
5303,83,-9999,-9999,319,10606,2,1
5304,83,-9999,-9999,319,10608,2,1
5305,83,-9999,-9999,319,10610,2,1
5306,83,-9999,-9999,319,10612,2,1
5307,83,-9999,-9999,319,10614,2,1
5308,83,-9999,-9999,319,10616,2,1
5309,83,-9999,-9999,319,10618,2,1
5310,83,-9999,-9999,319,10620,2,1
5311,83,-9999,-9999,319,10622,2,1
5312,83,-9999,-9999,319,10624,2,1
5313,83,-9999,-9999,319,10626,2,1
5314,83,-9999,-9999,319,10628,2,1
5315,83,-9999,-9999,319,10630,2,1
5316,83,-9999,-9999,320,10632,2,1
5317,83,-9999,-9999,320,10634,2,1
5318,83,-9999,-9999,320,10636,2,1
5319,83,-9999,-9999,320,10638,2,1
5320,83,-9999,-9999,320,10640,2,1
5321,83,-9999,-9999,320,10642,2,1
5322,83,-9999,-9999,320,10644,2,1
5323,83,-9999,-9999,320,10646,2,1
5324,83,-9999,-9999,320,10648,2,1
5325,83,-9999,-9999,320,10650,2,1
5326,83,-9999,-9999,320,10652,2,1
5327,83,-9999,-9999,320,10654,2,1
5328,83,-9999,-9999,320,10656,2,1
5329,83,-9999,-9999,320,10658,2,1
5330,83,-9999,-9999,320,10660,2,1
5331,83,-9999,-9999,320,10662,2,1
5332,83,-9999,-9999,320,10664,2,1
5333,83,-9999,-9999,321,10666,2,1
5334,83,-9999,-9999,321,10668,2,1
5335,83,-9999,-9999,321,10670,2,1
5336,83,-9999,-9999,321,10672,2,1
5337,83,-9999,-9999,321,10674,2,1
5338,83,-9999,-9999,321,10676,2,1
5339,83,-9999,-9999,321,10678,2,1
5340,83,-9999,-9999,321,10680,2,1
5341,83,-9999,-9999,321,10682,2,1
5342,83,-9999,-9999,321,10684,2,1
5343,83,-9999,-9999,321,10686,2,1
5344,83,-9999,-9999,321,10688,2,1
5345,83,-9999,-9999,321,10690,2,1
5346,83,-9999,-9999,321,10692,2,1
5347,83,-9999,-9999,321,10694,2,1
5348,83,-9999,-9999,321,10696,2,1
5349,83,-9999,-9999,321,10698,2,1
5350,83,-9999,-9999,322,10700,2,1
5351,83,-9999,-9999,322,10702,2,1
5352,83,-9999,-9999,322,10704,2,1
5353,83,-9999,-9999,322,10706,2,1
5354,83,-9999,-9999,322,10708,2,1
5355,83,-9999,-9999,322,10710,2,1
5356,83,-9999,-9999,322,10712,2,1
5357,83,-9999,-9999,322,10714,2,1
5358,83,-9999,-9999,322,10716,2,1
5359,83,-9999,-9999,322,10718,2,1
5360,83,-9999,-9999,322,10720,2,1
5361,83,-9999,-9999,322,10722,2,1
5362,83,-9999,-9999,322,10724,2,1
5363,83,-9999,-9999,322,10726,2,1
5364,83,-9999,-9999,322,10728,2,1
5365,83,-9999,-9999,322,10730,2,1
5366,83,-9999,-9999,323,10732,2,1
5367,83,-9999,-9999,323,10734,2,1
5368,83,-9999,-9999,323,10736,2,1
5369,83,-9999,-9999,323,10738,2,1
5370,83,-9999,-9999,323,10740,2,1
5371,83,-9999,-9999,323,10742,2,1
5372,83,-9999,-9999,323,10744,2,1
5373,83,-9999,-9999,323,10746,2,1
5374,83,-9999,-9999,323,10748,2,1
5375,83,908.7,524.2,323,10750,2,1
5376,83,305,573.7,323,10752,2,1
5377,83,305,573.7,323,10754,2,1
5378,83,908.7,524.2,323,10756,2,1
5379,83,909.1,523.3,323,10758,2,1
5380,83,910.3,523,323,10760,2,1
5381,83,912,521.4,323,10762,2,1
5382,83,913.9,519.7,323,10764,2,1
5383,83,915.3,519.1,324,10766,2,1
5384,83,916.9,518.6,324,10768,2,1
5385,83,918.4,518.3,324,10770,2,1
5386,83,920,518.1,324,10772,2,1
5387,83,921.1,516.8,324,10774,2,1
5388,83,922.2,515,324,10776,2,1
5389,83,923.2,512.9,324,10778,2,1
5390,83,924,510.8,324,10780,2,1
5391,83,924.5,509.1,324,10782,2,1
5392,83,924.7,507.9,324,10784,2,1
5393,83,924.7,507.1,324,10786,2,1
5394,83,924.7,506.4,324,10788,2,1
5395,83,924.8,505.7,324,10790,2,1
5396,83,924.6,505.2,324,10792,2,1
5397,83,924.2,504.9,324,10794,2,1
5398,83,924,504.5,324,10796,2,1
5399,83,923.7,504,324,10798,2,1
5400,83,923.4,503.4,325,10800,2,1
5401,83,923,503,325,10802,2,1
5402,83,922.6,502.7,325,10804,2,1
5403,83,922.6,502.6,325,10806,2,1
5404,83,922.8,502.5,325,10808,2,1
5405,83,923,502.3,325,10810,2,1
5406,83,923.3,502.1,325,10812,2,1
5407,83,923.6,501.6,325,10814,2,1
5408,83,923.9,501,325,10816,2,1
5409,83,924.2,500.5,325,10818,2,1
5410,83,924.6,500,325,10820,2,1
5411,83,924.8,499.3,325,10822,2,1
5412,83,925,498.8,325,10824,2,1
5413,83,925,498.4,325,10826,2,1
5414,83,924.9,498.3,325,10828,2,1
5415,83,924.7,498.4,325,10830,2,1
5416,83,924.6,498.6,326,10832,2,1
5417,83,924.5,498.9,326,10834,2,1
5418,83,924.4,499.2,326,10836,2,1
5419,83,924.3,499.6,326,10838,2,1
5420,83,924.3,499.8,326,10840,2,1
5421,83,924.4,499.9,326,10842,2,1
5422,83,924.4,500,326,10844,2,1
5423,83,924.3,500.1,326,10846,2,1
5424,83,924.3,500.3,326,10848,2,1
5425,83,923.6,500.6,326,10850,2,1
5426,83,922.9,501.1,326,10852,2,1
5427,83,922,501.6,326,10854,2,1
5428,83,920,502.5,326,10856,2,1
5429,83,917.8,503.2,326,10858,2,1
5430,83,914.9,503.8,326,10860,2,1
5431,83,909.1,504.6,326,10862,2,1
5432,83,902.5,505.3,326,10864,2,1
5433,83,893.5,505.4,327,10866,2,1
5434,83,883.3,504.8,327,10868,2,1
5435,83,872.7,504.2,327,10870,2,1
5436,83,860.8,502.7,327,10872,2,1
5437,83,849.6,501.1,327,10874,2,1
5438,83,841.2,499.3,327,10876,2,1
5439,83,834,497.3,327,10878,2,1
5440,83,829.1,495.9,327,10880,2,1
5441,83,825.5,495,327,10882,2,1
5442,83,823.3,494,327,10884,2,1
5443,83,823,493.8,327,10886,2,1
5444,83,822.7,493.6,327,10888,2,1
5445,83,822.6,493.5,327,10890,2,1
5446,83,822.6,493.4,327,10892,2,1
5447,83,823,493.4,327,10894,2,1
5448,83,823.5,493.5,327,10896,2,1
5449,83,824,493.6,327,10898,2,1
5450,83,824.4,493.6,328,10900,2,1
5451,83,824.7,493.8,328,10902,2,1
5452,83,824.9,494.1,328,10904,2,1
5453,83,825,494.4,328,10906,2,1
5454,83,825,494.7,328,10908,2,1
5455,83,824.9,494.9,328,10910,2,1
5456,83,824.8,495.1,328,10912,2,1
5457,83,824.6,495.4,328,10914,2,1
5458,83,824.4,495.4,328,10916,2,1
5459,83,824.2,495.1,328,10918,2,1
5460,83,824,494.7,328,10920,2,1
5461,83,823.8,494.3,328,10922,2,1
5462,83,823.6,494.1,328,10924,2,1
5463,83,823.5,493.9,328,10926,2,1
5464,83,823.7,493.6,328,10928,2,1
5465,83,823.9,493.5,328,10930,2,1
5466,83,824.1,493.4,329,10932,2,1
5467,83,824.3,493.6,329,10934,2,1
5468,83,824.5,493.8,329,10936,2,1
5469,83,824.8,493.9,329,10938,2,1
5470,83,824.9,494,329,10940,2,1
5471,83,824.9,494.1,329,10942,2,1
5472,83,824.8,494.2,329,10944,2,1
5473,83,824.7,494.2,329,10946,2,1
5474,83,824.7,494.2,329,10948,2,1
5475,83,824.7,494.2,329,10950,2,1
5476,83,824.9,494.1,329,10952,2,1
5477,83,825.2,494.1,329,10954,2,1
5478,83,825.5,493.7,329,10956,2,1
5479,83,826,493.2,329,10958,2,1
5480,83,826.4,492.6,329,10960,2,1
5481,83,827.1,492.1,329,10962,2,1
5482,83,827.8,491.6,329,10964,2,1
5483,83,828.2,491.2,330,10966,2,1
5484,83,828.9,491.1,330,10968,2,1
5485,83,829.6,491.3,330,10970,2,1
5486,83,830.4,491.7,330,10972,2,1
5487,83,831.2,492.1,330,10974,2,1
5488,83,831.6,492.6,330,10976,2,1
5489,83,832,493,330,10978,2,1
5490,83,832.2,493.3,330,10980,2,1
5491,83,832,493.3,330,10982,2,1
5492,83,831.9,493.2,330,10984,2,1
5493,83,831.6,493,330,10986,2,1
5494,83,831.4,492.7,330,10988,2,1
5495,83,831.3,492.3,330,10990,2,1
5496,83,831.2,492,330,10992,2,1
5497,83,831.3,491.6,330,10994,2,1
5498,83,831.4,491.1,330,10996,2,1
5499,83,831.6,490.6,330,10998,2,1
5500,83,831.7,490.1,331,11000,2,1
5501,83,831.8,489.7,331,11002,2,1
5502,83,831.9,489.4,331,11004,2,1
5503,83,831.9,489.4,331,11006,2,1
5504,83,831.8,489.5,331,11008,2,1
5505,83,831.8,489.7,331,11010,2,1
5506,83,831.7,489.9,331,11012,2,1
5507,83,831.6,490.3,331,11014,2,1
5508,83,831.5,490.7,331,11016,2,1
5509,83,831.5,490.9,331,11018,2,1
5510,83,831.5,491,331,11020,2,1
5511,83,832.4,490.9,331,11022,2,1
5512,83,833.4,490.8,331,11024,2,1
5513,83,835.6,487.3,331,11026,2,1
5514,83,838.5,481,331,11028,2,1
5515,83,842.2,471.6,331,11030,2,1
5516,83,845.9,460.6,332,11032,2,1
5517,83,850.4,448.3,332,11034,2,1
5518,83,854.7,433.7,332,11036,2,1
5519,83,859.1,417.8,332,11038,2,1
5520,83,862.2,402.3,332,11040,2,1
5521,83,864.7,388.5,332,11042,2,1
5522,83,866.5,377.8,332,11044,2,1
5523,83,868,368.7,332,11046,2,1
5524,83,868.7,360.9,332,11048,2,1
5525,83,868.2,356.2,332,11050,2,1
5526,83,867.7,352.9,332,11052,2,1
5527,83,867.1,353.9,332,11054,2,1
5528,83,866.4,355.9,332,11056,2,1
5529,83,865.6,358.6,332,11058,2,1
5530,83,865.2,361.2,332,11060,2,1
5531,83,864.8,363.9,332,11062,2,1
5532,83,865.1,365.7,332,11064,2,1
5533,83,865.5,367.5,333,11066,2,1
5534,83,865.9,368,333,11068,2,1
5535,83,866.4,368.2,333,11070,2,1
5536,83,866.9,367,333,11072,2,1
5537,83,867.3,365.8,333,11074,2,1
5538,83,867.6,364.6,333,11076,2,1
5539,83,867.8,363.3,333,11078,2,1
5540,83,867.8,362.2,333,11080,2,1
5541,83,867.7,361,333,11082,2,1
5542,83,867.6,359.8,333,11084,2,1
5543,83,867.5,359.4,333,11086,2,1
5544,83,867.4,359,333,11088,2,1
5545,83,867.4,358.5,333,11090,2,1
5546,83,867.4,358.3,333,11092,2,1
5547,83,867.3,358.3,333,11094,2,1
5548,83,867.3,358.3,333,11096,2,1
5549,83,867.2,358.4,333,11098,2,1
5550,83,866.9,359.1,334,11100,2,1
5551,83,866.5,360,334,11102,2,1
5552,83,866,360.8,334,11104,2,1
5553,83,865.4,361.5,334,11106,2,1
5554,83,864.8,361.9,334,11108,2,1
5555,83,864.3,362.3,334,11110,2,1
5556,83,863.9,362.6,334,11112,2,1
5557,83,863.5,362.6,334,11114,2,1
5558,83,863.1,362.1,334,11116,2,1
5559,83,862.9,361.4,334,11118,2,1
5560,83,862.6,360.8,334,11120,2,1
5561,83,862.5,360.4,334,11122,2,1
5562,83,862.3,360.1,334,11124,2,1
5563,83,862.1,359.7,334,11126,2,1
5564,83,861.7,359.4,334,11128,2,1
5565,83,861.4,359.2,334,11130,2,1
5566,83,860.8,359.2,335,11132,2,1
5567,83,860.1,359.3,335,11134,2,1
5568,83,859.6,359.3,335,11136,2,1
5569,83,859.2,359.3,335,11138,2,1
5570,83,858.8,359.4,335,11140,2,1
5571,83,858.6,359.4,335,11142,2,1
5572,83,858.7,359.5,335,11144,2,1
5573,83,859.1,359.5,335,11146,2,1
5574,83,859.6,359.5,335,11148,2,1
5575,83,860,360.1,335,11150,2,1
5576,83,860.2,360.9,335,11152,2,1
5577,83,860.3,361.6,335,11154,2,1
5578,83,860.5,362.2,335,11156,2,1
5579,83,860.4,363,335,11158,2,1
5580,83,860.3,363.5,335,11160,2,1
5581,83,860.3,363.9,335,11162,2,1
5582,83,860.4,363.6,335,11164,2,1
5583,83,860.5,363.4,336,11166,2,1
5584,83,860.6,363,336,11168,2,1
5585,83,860.7,362.5,336,11170,2,1
5586,83,860.8,361.8,336,11172,2,1
5587,83,860.8,361.2,336,11174,2,1
5588,83,860.8,360.7,336,11176,2,1
5589,83,860.9,360.3,336,11178,2,1
5590,83,860.9,359.9,336,11180,2,1
5591,83,861,359.6,336,11182,2,1
5592,83,861,359.6,336,11184,2,1
5593,83,861,359.8,336,11186,2,1
5594,83,861.2,360,336,11188,2,1
5595,83,861.2,360.3,336,11190,2,1
5596,83,861.3,360.5,336,11192,2,1
5597,83,861.5,360.6,336,11194,2,1
5598,83,861.7,360.7,336,11196,2,1
5599,83,861.9,360.7,336,11198,2,1
5600,83,862.1,360.7,337,11200,2,1
5601,83,862.2,360.6,337,11202,2,1
5602,83,862.3,360.6,337,11204,2,1
5603,83,862.1,360.5,337,11206,2,1
5604,83,861.9,360.4,337,11208,2,1
5605,83,861.6,360.1,337,11210,2,1
5606,83,861.5,360,337,11212,2,1
5607,83,861.3,359.8,337,11214,2,1
5608,83,861.4,359.9,337,11216,2,1
5609,83,861.5,360,337,11218,2,1
5610,83,861.7,360.3,337,11220,2,1
5611,83,861.9,360.6,337,11222,2,1
5612,83,862.1,360.9,337,11224,2,1
5613,83,862.2,361.2,337,11226,2,1
5614,83,862.3,361.6,337,11228,2,1
5615,83,862.3,361.7,337,11230,2,1
5616,83,862.2,362.2,338,11232,2,1
5617,83,862.1,362.7,338,11234,2,1
5618,83,861.9,363.2,338,11236,2,1
5619,83,861.4,363.7,338,11238,2,1
5620,83,860.9,364.7,338,11240,2,1
5621,83,860.3,365.7,338,11242,2,1
5622,83,859.6,366.6,338,11244,2,1
5623,83,859,367.2,338,11246,2,1
5624,83,858.5,367.7,338,11248,2,1
5625,83,858.1,367.3,338,11250,2,1
5626,83,858.1,366.9,338,11252,2,1
5627,83,858.1,365.9,338,11254,2,1
5628,83,858.1,364.9,338,11256,2,1
5629,83,858.2,363.9,338,11258,2,1
5630,83,858.3,362.8,338,11260,2,1
5631,83,858.3,361.9,338,11262,2,1
5632,83,858.3,363,338,11264,2,1
5633,83,858.3,364.3,339,11266,2,1
5634,83,858.3,365.5,339,11268,2,1
5635,83,858.3,366.5,339,11270,2,1
5636,83,858.5,367.1,339,11272,2,1
5637,83,858.7,367.7,339,11274,2,1
5638,83,858.9,368.2,339,11276,2,1
5639,83,859.3,367.4,339,11278,2,1
5640,83,859.7,366.6,339,11280,2,1
5641,83,860.1,365.7,339,11282,2,1
5642,83,860.5,365.1,339,11284,2,1
5643,83,860.8,365,339,11286,2,1
5644,83,861.1,365.1,339,11288,2,1
5645,83,861.5,365.1,339,11290,2,1
5646,83,861.8,365,339,11292,2,1
5647,83,861.9,364.9,339,11294,2,1
5648,83,861.8,364.8,339,11296,2,1
5649,83,861.6,364.7,339,11298,2,1
5650,83,861.3,364.7,340,11300,2,1
5651,83,860.9,364.6,340,11302,2,1
5652,83,860.3,364.6,340,11304,2,1
5653,83,859.7,364.7,340,11306,2,1
5654,83,859.6,364.6,340,11308,2,1
5655,83,859.7,364.1,340,11310,2,1
5656,83,859.8,363.7,340,11312,2,1
5657,83,860.1,363,340,11314,2,1
5658,83,860.5,362.3,340,11316,2,1
5659,83,860.9,361.7,340,11318,2,1
5660,83,861.1,361.2,340,11320,2,1
5661,83,860.9,361,340,11322,2,1
5662,83,860.8,361.7,340,11324,2,1
5663,83,860.5,362.4,340,11326,2,1
5664,83,860.3,363,340,11328,2,1
5665,83,860,363.6,340,11330,2,1
5666,83,859.8,364.2,341,11332,2,1
5667,83,859.7,364.6,341,11334,2,1
5668,83,859.8,365.1,341,11336,2,1
5669,83,860.3,365,341,11338,2,1
5670,83,860.9,364.9,341,11340,2,1
5671,83,861.3,364.8,341,11342,2,1
5672,83,861.8,364.6,341,11344,2,1
5673,83,862.1,364.4,341,11346,2,1
5674,83,862.5,364.4,341,11348,2,1
5675,83,862.4,364.3,341,11350,2,1
5676,83,862.1,364,341,11352,2,1
5677,83,861.8,363.2,341,11354,2,1
5678,83,861.6,362.3,341,11356,2,1
5679,83,861.5,361.3,341,11358,2,1
5680,83,861.4,360.5,341,11360,2,1
5681,83,861.3,359.6,341,11362,2,1
5682,83,861.1,359.2,341,11364,2,1
5683,83,860.9,359,342,11366,2,1
5684,83,860.7,359.4,342,11368,2,1
5685,83,860.4,360,342,11370,2,1
5686,83,860,360.6,342,11372,2,1
5687,83,859.6,361.1,342,11374,2,1
5688,83,859.2,361.7,342,11376,2,1
5689,83,858.9,362,342,11378,2,1
5690,83,858.6,362.2,342,11380,2,1
5691,83,858.7,362.4,342,11382,2,1
5692,83,858.9,362.4,342,11384,2,1
5693,83,859.2,362.4,342,11386,2,1
5694,83,859.7,362.3,342,11388,2,1
5695,83,860.1,362.2,342,11390,2,1
5696,83,860.5,362.1,342,11392,2,1
5697,83,860.8,361.8,342,11394,2,1
5698,83,861.1,361.4,342,11396,2,1
5699,83,861.1,361.2,342,11398,2,1
5700,83,861.1,361,343,11400,2,1
5701,83,861,360.8,343,11402,2,1
5702,83,861.1,360.7,343,11404,2,1
5703,83,861.6,360.8,343,11406,2,1
5704,83,861.9,361,343,11408,2,1
5705,83,862.3,361.1,343,11410,2,1
5706,83,862.7,361.4,343,11412,2,1
5707,83,863.2,361.6,343,11414,2,1
5708,83,863.6,361.9,343,11416,2,1
5709,83,864,362,343,11418,2,1
5710,83,864.2,361.7,343,11420,2,1
5711,83,864.5,361.5,343,11422,2,1
5712,83,864.8,361,343,11424,2,1
5713,83,865.1,360.6,343,11426,2,1
5714,83,865.4,360.1,343,11428,2,1
5715,83,865.6,359.7,343,11430,2,1
5716,83,865.6,359.3,344,11432,2,1
5717,83,865.5,359.1,344,11434,2,1
5718,83,865.4,358.9,344,11436,2,1
5719,83,865.4,358.7,344,11438,2,1
5720,83,865.2,358.4,344,11440,2,1
5721,83,865,358.2,344,11442,2,1
5722,83,864.8,358.2,344,11444,2,1
5723,83,864.6,358.6,344,11446,2,1
5724,83,864.4,359.1,344,11448,2,1
5725,83,864.3,359.6,344,11450,2,1
5726,83,864,360.1,344,11452,2,1
5727,83,863.8,359.8,344,11454,2,1
5728,83,863.6,359.5,344,11456,2,1
5729,83,863.6,359,344,11458,2,1
5730,83,863.5,358.2,344,11460,2,1
5731,83,863.5,357.4,344,11462,2,1
5732,83,863.4,357.5,344,11464,2,1
5733,83,863,357.7,345,11466,2,1
5734,83,862.7,358.5,345,11468,2,1
5735,83,862.4,359.4,345,11470,2,1
5736,83,862,360.2,345,11472,2,1
5737,83,862.1,361,345,11474,2,1
5738,83,862.2,361.8,345,11476,2,1
5739,83,862.4,361.7,345,11478,2,1
5740,83,863.1,361.6,345,11480,2,1
5741,83,863.8,361.7,345,11482,2,1
5742,83,864.5,361.7,345,11484,2,1
5743,83,865.1,361.8,345,11486,2,1
5744,83,865.1,361.9,345,11488,2,1
5745,83,865,362.1,345,11490,2,1
5746,83,864.8,362.3,345,11492,2,1
5747,83,864.3,362.4,345,11494,2,1
5748,83,863.7,362.5,345,11496,2,1
5749,83,863.2,362.7,345,11498,2,1
5750,83,862.4,363.2,346,11500,2,1
5751,83,861.7,363.9,346,11502,2,1
5752,83,861.2,364.4,346,11504,2,1
5753,83,860.6,364.7,346,11506,2,1
5754,83,860.1,364.9,346,11508,2,1
5755,83,859.8,365,346,11510,2,1
5756,83,859.4,365.1,346,11512,2,1
5757,83,859.2,365,346,11514,2,1
5758,83,859.1,364.8,346,11516,2,1
5759,83,859.1,364.7,346,11518,2,1
5760,83,859.2,364.9,346,11520,2,1
5761,83,859.4,365.2,346,11522,2,1
5762,83,859.8,365.4,346,11524,2,1
5763,83,860.2,365.2,346,11526,2,1
5764,83,860.5,365,346,11528,2,1
5765,83,860.7,364.9,346,11530,2,1
5766,83,860.8,364.8,347,11532,2,1
5767,83,860.7,364.8,347,11534,2,1
5768,83,860.5,365.6,347,11536,2,1
5769,83,860,366.5,347,11538,2,1
5770,83,859.4,368.8,347,11540,2,1
5771,83,858.8,373,347,11542,2,1
5772,83,858,378.7,347,11544,2,1
5773,83,857.2,387.1,347,11546,2,1
5774,83,855.7,397.8,347,11548,2,1
5775,83,854.2,411.2,347,11550,2,1
5776,83,852.7,424.8,347,11552,2,1
5777,83,851.4,436.9,347,11554,2,1
5778,83,850.2,446.9,347,11556,2,1
5779,83,849.9,454.1,347,11558,2,1
5780,83,849.8,458.3,347,11560,2,1
5781,83,850.5,459.5,347,11562,2,1
5782,83,851.3,457.2,347,11564,2,1
5783,83,852.3,454.4,348,11566,2,1
5784,83,853.3,451.8,348,11568,2,1
5785,83,854.1,449.5,348,11570,2,1
5786,83,854.4,448.1,348,11572,2,1
5787,83,854.9,446.9,348,11574,2,1
5788,83,855.2,446.4,348,11576,2,1
5789,83,855.5,446.3,348,11578,2,1
5790,83,855.6,446.5,348,11580,2,1
5791,83,855.8,447.5,348,11582,2,1
5792,83,855.9,448.8,348,11584,2,1
5793,83,856,450.3,348,11586,2,1
5794,83,856,451.9,348,11588,2,1
5795,83,856,453.5,348,11590,2,1
5796,83,855.9,455.1,348,11592,2,1
5797,83,855.5,456.6,348,11594,2,1
5798,83,854.5,457.3,348,11596,2,1
5799,83,853.4,457.8,348,11598,2,1
5800,83,852.4,457.6,349,11600,2,1
5801,83,851.4,457.4,349,11602,2,1
5802,83,850.5,457.1,349,11604,2,1
5803,83,850,456.7,349,11606,2,1
5804,83,849.9,456.3,349,11608,2,1
5805,83,850.4,456,349,11610,2,1
5806,83,850.9,455.8,349,11612,2,1
5807,83,851.5,456.2,349,11614,2,1
5808,83,851.9,456.5,349,11616,2,1
5809,83,852.3,456.8,349,11618,2,1
5810,83,852.4,456.8,349,11620,2,1
5811,83,852.5,456.8,349,11622,2,1
5812,83,852.6,457.1,349,11624,2,1
5813,83,852.6,457.5,349,11626,2,1
5814,83,852.6,458.1,349,11628,2,1
5815,83,852.6,459,349,11630,2,1
5816,83,852.4,459.9,350,11632,2,1
5817,83,852.3,460.8,350,11634,2,1
5818,83,852.3,461.6,350,11636,2,1
5819,83,852.3,461.8,350,11638,2,1
5820,83,852.3,462.1,350,11640,2,1
5821,83,852.4,462.2,350,11642,2,1
5822,83,852.5,462.1,350,11644,2,1
5823,83,852.6,462,350,11646,2,1
5824,83,852.7,461.6,350,11648,2,1
5825,83,852.6,461.1,350,11650,2,1
5826,83,852.5,460.8,350,11652,2,1
5827,83,852.4,460.6,350,11654,2,1
5828,83,852.2,460.5,350,11656,2,1
5829,83,851.9,460.4,350,11658,2,1
5830,83,851.6,460.6,350,11660,2,1
5831,83,851.3,461.1,350,11662,2,1
5832,83,850.8,461.6,350,11664,2,1
5833,83,850.5,461.9,351,11666,2,1
5834,83,850.1,462.3,351,11668,2,1
5835,83,849.9,462.5,351,11670,2,1
5836,83,850.3,462.7,351,11672,2,1
5837,83,850.8,462.8,351,11674,2,1
5838,83,851.3,462.8,351,11676,2,1
5839,83,852,462.8,351,11678,2,1
5840,83,852.4,462.7,351,11680,2,1
5841,83,852.8,462.7,351,11682,2,1
5842,83,853.2,462.5,351,11684,2,1
5843,83,853,462.3,351,11686,2,1
5844,83,852.7,462.3,351,11688,2,1
5845,83,852.4,462.6,351,11690,2,1
5846,83,852.1,462.8,351,11692,2,1
5847,83,852.1,463,351,11694,2,1
5848,83,852,463.2,351,11696,2,1
5849,83,852,463.4,351,11698,2,1
5850,83,852,463.6,352,11700,2,1
5851,83,852,463.5,352,11702,2,1
5852,83,852,463.3,352,11704,2,1
5853,83,852,463.1,352,11706,2,1
5854,83,852,463,352,11708,2,1
5855,83,851.9,463.1,352,11710,2,1
5856,83,851.8,463.3,352,11712,2,1
5857,83,851.6,463.6,352,11714,2,1
5858,83,851.3,464.2,352,11716,2,1
5859,83,850.9,464.8,352,11718,2,1
5860,83,850.5,465.5,352,11720,2,1
5861,83,850,466.1,352,11722,2,1
5862,83,849.5,466.4,352,11724,2,1
5863,83,849.2,466.5,352,11726,2,1
5864,83,848.9,466.4,352,11728,2,1
5865,83,848.8,466.2,352,11730,2,1
5866,83,848.8,466,353,11732,2,1
5867,83,848.8,465.8,353,11734,2,1
5868,83,848.8,465.6,353,11736,2,1
5869,83,849,465.5,353,11738,2,1
5870,83,849.1,465.5,353,11740,2,1
5871,83,848.6,465.6,353,11742,2,1
5872,83,848.1,465.8,353,11744,2,1
5873,83,847.5,466.2,353,11746,2,1
5874,83,847,466.6,353,11748,2,1
5875,83,846.7,467,353,11750,2,1
5876,83,846.3,467.4,353,11752,2,1
5877,83,846,467.7,353,11754,2,1
5878,83,846.3,467.9,353,11756,2,1
5879,83,846.6,467.8,353,11758,2,1
5880,83,847.1,467.6,353,11760,2,1
5881,83,847.1,467.2,353,11762,2,1
5882,83,846.9,466.9,353,11764,2,1
5883,83,846.8,466.7,354,11766,2,1
5884,83,846.7,466.6,354,11768,2,1
5885,83,846.6,466.6,354,11770,2,1
5886,83,846.5,467,354,11772,2,1
5887,83,846.3,467.4,354,11774,2,1
5888,83,846.2,467.6,354,11776,2,1
5889,83,846.2,467.7,354,11778,2,1
5890,83,846.2,467.9,354,11780,2,1
5891,83,846.1,467.9,354,11782,2,1
5892,83,845.8,467.7,354,11784,2,1
5893,83,845.5,467.5,354,11786,2,1
5894,83,845.2,467.4,354,11788,2,1
5895,83,844.9,467.5,354,11790,2,1
5896,83,844.3,467.9,354,11792,2,1
5897,83,843.7,468.3,354,11794,2,1
5898,83,843.2,468.8,354,11796,2,1
5899,83,842.7,469,354,11798,2,1
5900,83,842.2,468.8,355,11800,2,1
5901,83,841.8,468.5,355,11802,2,1
5902,83,841.5,468.1,355,11804,2,1
5903,83,841.5,467.4,355,11806,2,1
5904,83,841.5,466.7,355,11808,2,1
5905,83,841.5,466,355,11810,2,1
5906,83,841.6,465.6,355,11812,2,1
5907,83,841.7,465.6,355,11814,2,1
5908,83,841.7,465.7,355,11816,2,1
5909,83,841.7,465.9,355,11818,2,1
5910,83,841.7,466.1,355,11820,2,1
5911,83,841.7,466.3,355,11822,2,1
5912,83,841.6,466.5,355,11824,2,1
5913,83,842,466.4,355,11826,2,1
5914,83,842.4,466.3,355,11828,2,1
5915,83,842.9,465.9,355,11830,2,1
5916,83,843.3,465.6,356,11832,2,1
5917,83,843.7,465.2,356,11834,2,1
5918,83,843.9,464.8,356,11836,2,1
5919,83,843.7,464.6,356,11838,2,1
5920,83,843.2,464.6,356,11840,2,1
5921,83,842.6,464.6,356,11842,2,1
5922,83,842,464.9,356,11844,2,1
5923,83,841.4,465.2,356,11846,2,1
5924,83,840.8,465.6,356,11848,2,1
5925,83,840.3,465.9,356,11850,2,1
5926,83,840.2,466.4,356,11852,2,1
5927,83,840.1,466.9,356,11854,2,1
5928,83,840.1,467.4,356,11856,2,1
5929,83,840.1,468.2,356,11858,2,1
5930,83,840.1,469,356,11860,2,1
5931,83,840.1,469.6,356,11862,2,1
5932,83,840.1,470.3,356,11864,2,1
5933,83,839.6,471,357,11866,2,1
5934,83,839.1,471.7,357,11868,2,1
5935,83,838.6,472.4,357,11870,2,1
5936,83,838,472.7,357,11872,2,1
5937,83,837.5,472.9,357,11874,2,1
5938,83,836.9,473.1,357,11876,2,1
5939,83,836.5,472.9,357,11878,2,1
5940,83,836.8,472.6,357,11880,2,1
5941,83,837.2,472.1,357,11882,2,1
5942,83,837.5,471.7,357,11884,2,1
5943,83,837.9,471.3,357,11886,2,1
5944,83,838.2,471,357,11888,2,1
5945,83,838.4,470.8,357,11890,2,1
5946,83,838.4,470.9,357,11892,2,1
5947,83,838.2,470.8,357,11894,2,1
5948,83,838,470.7,357,11896,2,1
5949,83,837.7,470.6,357,11898,2,1
5950,83,837.5,470.3,358,11900,2,1
5951,83,837.3,469.9,358,11902,2,1
5952,83,837.3,469.5,358,11904,2,1
5953,83,837.2,469.1,358,11906,2,1
5954,83,837.1,469.2,358,11908,2,1
5955,83,837,469.8,358,11910,2,1
5956,83,837.7,470.3,358,11912,2,1
5957,83,838.4,470.9,358,11914,2,1
5958,83,839.2,471.3,358,11916,2,1
5959,83,840,471.6,358,11918,2,1
5960,83,840.8,471.7,358,11920,2,1
5961,83,841.5,471.5,358,11922,2,1
5962,83,842.1,471,358,11924,2,1
5963,83,841.8,470.6,358,11926,2,1
5964,83,841.4,470.4,358,11928,2,1
5965,83,840.8,470.3,358,11930,2,1
5966,83,840.2,470.7,359,11932,2,1
5967,83,839.8,471.2,359,11934,2,1
5968,83,839.5,471.7,359,11936,2,1
5969,83,839.2,472.5,359,11938,2,1
5970,83,838.9,473.1,359,11940,2,1
5971,83,838.5,473.7,359,11942,2,1
5972,83,838.2,474.2,359,11944,2,1
5973,83,837.8,474.6,359,11946,2,1
5974,83,837.4,474.8,359,11948,2,1
5975,83,837.1,475.2,359,11950,2,1
5976,83,836.9,475.2,359,11952,2,1
5977,83,836.8,475.3,359,11954,2,1
5978,83,837.1,475.3,359,11956,2,1
5979,83,837.4,475.4,359,11958,2,1
5980,83,837.7,475.3,359,11960,2,1
5981,83,837.9,475.3,359,11962,2,1
5982,83,838,474.1,359,11964,2,1
5983,83,837.9,472.3,360,11966,2,1
5984,83,836.2,468.7,360,11968,2,1
5985,83,833.9,462.6,360,11970,2,1
5986,83,831.5,453.6,360,11972,2,1
5987,83,828.4,441.4,360,11974,2,1
5988,83,825.5,424.2,360,11976,2,1
5989,83,822,403.2,360,11978,2,1
5990,83,817.5,377.8,360,11980,2,1
5991,83,813.9,351.9,360,11982,2,1
5992,83,810.5,325.7,360,11984,2,1
5993,83,807.2,300.5,360,11986,2,1
5994,83,804.8,276.2,360,11988,2,1
5995,83,801.8,256.6,360,11990,2,1
5996,83,799.6,240.8,360,11992,2,1
5997,83,798.5,229.1,360,11994,2,1
5998,83,797.9,219.1,360,11996,2,1
5999,83,797.4,210.9,360,11998,2,1
6000,83,796.8,204.2,361,12000,2,1
6001,83,794.6,199.9,361,12002,2,1
6002,83,792.1,195.9,361,12004,2,1
6003,83,789.5,193.1,361,12006,2,1
6004,83,787,191.6,361,12008,2,1
6005,83,784.5,190.8,361,12010,2,1
6006,83,782.5,191.4,361,12012,2,1
6007,83,780.5,192.6,361,12014,2,1
6008,83,780,193.7,361,12016,2,1
6009,83,780.3,194.6,361,12018,2,1
6010,83,780.9,194.7,361,12020,2,1
6011,83,781.7,194.4,361,12022,2,1
6012,83,782.4,194.2,361,12024,2,1
6013,83,783.1,194,361,12026,2,1
6014,83,783.8,192.7,361,12028,2,1
6015,83,784.4,191.5,361,12030,2,1
6016,83,784.9,190.3,362,12032,2,1
6017,83,785.1,189.7,362,12034,2,1
6018,83,784.9,189.4,362,12036,2,1
6019,83,784.7,189.3,362,12038,2,1
6020,83,784.4,189.2,362,12040,2,1
6021,83,784.1,189.8,362,12042,2,1
6022,83,783.7,190.5,362,12044,2,1
6023,83,783.4,190.9,362,12046,2,1
6024,83,783.2,191.4,362,12048,2,1
6025,83,782.8,191.8,362,12050,2,1
6026,83,782.4,192,362,12052,2,1
6027,83,782,192.1,362,12054,2,1
6028,83,781.7,192.1,362,12056,2,1
6029,83,781.4,192.2,362,12058,2,1
6030,83,781.1,192.7,362,12060,2,1
6031,83,780.9,193.1,362,12062,2,1
6032,83,780.9,193.4,362,12064,2,1
6033,83,781.1,193.6,363,12066,2,1
6034,83,781.3,193.6,363,12068,2,1
6035,83,781.5,193.5,363,12070,2,1
6036,83,781.7,193.1,363,12072,2,1
6037,83,781.8,192.5,363,12074,2,1
6038,83,781.9,191.9,363,12076,2,1
6039,83,781.7,191.5,363,12078,2,1
6040,83,781.4,191.5,363,12080,2,1
6041,83,780.5,191.8,363,12082,2,1
6042,83,779.6,192.1,363,12084,2,1
6043,83,778.7,192.3,363,12086,2,1
6044,83,778,192.5,363,12088,2,1
6045,83,777.3,192.6,363,12090,2,1
6046,83,776.8,192.6,363,12092,2,1
6047,83,776.2,192.5,363,12094,2,1
6048,83,776.2,192.6,363,12096,2,1
6049,83,776.3,192.6,363,12098,2,1
6050,83,776.4,193.1,364,12100,2,1
6051,83,776.4,193.6,364,12102,2,1
6052,83,776.3,194,364,12104,2,1
6053,83,776.3,194.3,364,12106,2,1
6054,83,776.3,194.6,364,12108,2,1
6055,83,776.3,195.1,364,12110,2,1
6056,83,776.2,195.8,364,12112,2,1
6057,83,776.3,196.2,364,12114,2,1
6058,83,776.4,196.7,364,12116,2,1
6059,83,776.7,197.2,364,12118,2,1
6060,83,776.8,198.2,364,12120,2,1
6061,83,777,199.1,364,12122,2,1
6062,83,777.3,199.8,364,12124,2,1
6063,83,777.4,200.2,364,12126,2,1
6064,83,777.3,200.5,364,12128,2,1
6065,83,777.2,200.6,364,12130,2,1
6066,83,777,200.7,365,12132,2,1
6067,83,776.9,200.2,365,12134,2,1
6068,83,776.9,199.7,365,12136,2,1
6069,83,777,199.4,365,12138,2,1
6070,83,777.1,199.3,365,12140,2,1
6071,83,777.3,199.5,365,12142,2,1
6072,83,777.5,199.9,365,12144,2,1
6073,83,777.7,200.2,365,12146,2,1
6074,83,778,199.8,365,12148,2,1
6075,83,778.3,199.3,365,12150,2,1
6076,83,778.4,198.8,365,12152,2,1
6077,83,778.5,198.2,365,12154,2,1
6078,83,778.7,197.6,365,12156,2,1
6079,83,778.8,196.9,365,12158,2,1
6080,83,779,196.3,365,12160,2,1
6081,83,779.2,196.3,365,12162,2,1
6082,83,779.3,196.7,365,12164,2,1
6083,83,779.4,197.1,366,12166,2,1
6084,83,779.5,197.3,366,12168,2,1
6085,83,779.6,197.3,366,12170,2,1
6086,83,779.6,197.4,366,12172,2,1
6087,83,779.3,197.4,366,12174,2,1
6088,83,778.9,197.5,366,12176,2,1
6089,83,778.5,197.1,366,12178,2,1
6090,83,778.1,196.6,366,12180,2,1
6091,83,777.7,196.1,366,12182,2,1
6092,83,777.4,195.6,366,12184,2,1
6093,83,777.2,195.2,366,12186,2,1
6094,83,777.3,195,366,12188,2,1
6095,83,777.4,194.8,366,12190,2,1
6096,83,777.7,194.7,366,12192,2,1
6097,83,777.9,194.9,366,12194,2,1
6098,83,778.3,195.3,366,12196,2,1
6099,83,778.8,195.6,366,12198,2,1
6100,83,779.1,195.9,367,12200,2,1
6101,83,779.3,196.1,367,12202,2,1
6102,83,779.6,196.3,367,12204,2,1
6103,83,779.8,196.5,367,12206,2,1
6104,83,779.8,196.4,367,12208,2,1
6105,83,779.7,196,367,12210,2,1
6106,83,779.4,196.3,367,12212,2,1
6107,83,779.2,196.7,367,12214,2,1
6108,83,779,197.2,367,12216,2,1
6109,83,778.8,197.7,367,12218,2,1
6110,83,778.6,198.3,367,12220,2,1
6111,83,778.6,198.7,367,12222,2,1
6112,83,778.5,199.2,367,12224,2,1
6113,83,778.4,199.1,367,12226,2,1
6114,83,778.4,199.1,367,12228,2,1
6115,83,778.4,199.1,367,12230,2,1
6116,83,778.5,199.2,368,12232,2,1
6117,83,778.6,199.5,368,12234,2,1
6118,83,778.8,199.8,368,12236,2,1
6119,83,779.1,200,368,12238,2,1
6120,83,779.4,200.1,368,12240,2,1
6121,83,779.6,200,368,12242,2,1
6122,83,780.5,199.8,368,12244,2,1
6123,83,781.2,199.5,368,12246,2,1
6124,83,781.9,199.3,368,12248,2,1
6125,83,782.6,199.2,368,12250,2,1
6126,83,783.2,199.2,368,12252,2,1
6127,83,783.6,199.4,368,12254,2,1
6128,83,784,199.7,368,12256,2,1
6129,83,783.8,200,368,12258,2,1
6130,83,783.5,200.3,368,12260,2,1
6131,83,783.3,200.6,368,12262,2,1
6132,83,783,200.7,368,12264,2,1
6133,83,782.7,200.8,369,12266,2,1
6134,83,782.6,200.8,369,12268,2,1
6135,83,782.6,200.7,369,12270,2,1
6136,83,782.5,200.6,369,12272,2,1
6137,83,782.3,200.7,369,12274,2,1
6138,83,781.9,200.7,369,12276,2,1
6139,83,781.6,200.8,369,12278,2,1
6140,83,781.4,200.9,369,12280,2,1
6141,83,781.1,201,369,12282,2,1
6142,83,780.9,201.3,369,12284,2,1
6143,83,780.7,201.3,369,12286,2,1
6144,83,780.6,201.1,369,12288,2,1
6145,83,780.9,200.7,369,12290,2,1
6146,83,781,200.3,369,12292,2,1
6147,83,781.1,199.6,369,12294,2,1
6148,83,781.1,199,369,12296,2,1
6149,83,781.2,198.5,369,12298,2,1
6150,83,781.2,198.1,370,12300,2,1
6151,83,781.4,197.9,370,12302,2,1
6152,83,781.8,198,370,12304,2,1
6153,83,784.1,198.7,370,12306,2,1
6154,83,787.6,199.7,370,12308,2,1
6155,83,791.1,200.8,370,12310,2,1
6156,83,797.3,201.7,370,12312,2,1
6157,83,803.7,203,370,12314,2,1
6158,83,810.1,204.1,370,12316,2,1
6159,83,816.5,205,370,12318,2,1
6160,83,820.8,205.6,370,12320,2,1
6161,83,823.8,206,370,12322,2,1
6162,83,826.7,206.5,370,12324,2,1
6163,83,827,207,370,12326,2,1
6164,83,826.5,207.2,370,12328,2,1
6165,83,825.9,207.2,370,12330,2,1
6166,83,825.1,207.3,371,12332,2,1
6167,83,824.5,207.3,371,12334,2,1
6168,83,824.5,207.4,371,12336,2,1
6169,83,824.7,207.4,371,12338,2,1
6170,83,825,207.6,371,12340,2,1
6171,83,825.6,207.8,371,12342,2,1
6172,83,826.2,208,371,12344,2,1
6173,83,826.7,208.1,371,12346,2,1
6174,83,827.2,208.2,371,12348,2,1
6175,83,827.7,207.9,371,12350,2,1
6176,83,828,207.6,371,12352,2,1
6177,83,828.3,207.2,371,12354,2,1
6178,83,828.4,206.6,371,12356,2,1
6179,83,828.6,206.1,371,12358,2,1
6180,83,828.7,205.3,371,12360,2,1
6181,83,828.7,204.8,371,12362,2,1
6182,83,828.4,204.4,371,12364,2,1
6183,83,828.1,204.1,372,12366,2,1
6184,83,827.8,203.9,372,12368,2,1
6185,83,827.5,204,372,12370,2,1
6186,83,827.2,204.3,372,12372,2,1
6187,83,827,204.7,372,12374,2,1
6188,83,826.9,205.2,372,12376,2,1
6189,83,826.7,205.9,372,12378,2,1
6190,83,826.4,206.2,372,12380,2,1
6191,83,826.1,206.2,372,12382,2,1
6192,83,825.7,206.3,372,12384,2,1
6193,83,825.3,206.3,372,12386,2,1
6194,83,825,206.4,372,12388,2,1
6195,83,824.7,206.5,372,12390,2,1
6196,83,824.3,206.5,372,12392,2,1
6197,83,824.1,206.4,372,12394,2,1
6198,83,824,206.3,372,12396,2,1
6199,83,824.1,206,372,12398,2,1
6200,83,824.2,205.7,373,12400,2,1
6201,83,824.2,205.5,373,12402,2,1
6202,83,824.3,205.2,373,12404,2,1
6203,83,824.3,204.9,373,12406,2,1
6204,83,824.2,204.7,373,12408,2,1
6205,83,824.2,204.4,373,12410,2,1
6206,83,824.1,204.6,373,12412,2,1
6207,83,824.5,204.6,373,12414,2,1
6208,83,824.9,204.6,373,12416,2,1
6209,83,825.3,204.6,373,12418,2,1
6210,83,825.6,204.6,373,12420,2,1
6211,83,825.9,204.8,373,12422,2,1
6212,83,826.2,204.9,373,12424,2,1
6213,83,826.4,205,373,12426,2,1
6214,83,826.4,204.9,373,12428,2,1
6215,83,826.4,204.8,373,12430,2,1
6216,83,826.5,204.7,374,12432,2,1
6217,83,826.8,204.3,374,12434,2,1
6218,83,827.2,203.8,374,12436,2,1
6219,83,827.7,203.6,374,12438,2,1
6220,83,828,203.6,374,12440,2,1
6221,83,828,203.8,374,12442,2,1
6222,83,828,203.9,374,12444,2,1
6223,83,827.9,203.8,374,12446,2,1
6224,83,827.6,204.1,374,12448,2,1
6225,83,827.2,204.5,374,12450,2,1
6226,83,826.8,205.1,374,12452,2,1
6227,83,826.6,205.1,374,12454,2,1
6228,83,827.1,205.1,374,12456,2,1
6229,83,827.4,205.3,374,12458,2,1
6230,83,827.7,205.7,374,12460,2,1
6231,83,828.1,205.9,374,12462,2,1
6232,83,828.5,206.1,374,12464,2,1
6233,83,828.8,206.2,375,12466,2,1
6234,83,829,206.6,375,12468,2,1
6235,83,829,206.8,375,12470,2,1
6236,83,829,206.8,375,12472,2,1
6237,83,828.9,206.5,375,12474,2,1
6238,83,828.9,206.1,375,12476,2,1
6239,83,828.8,205.6,375,12478,2,1
6240,83,828.7,205.1,375,12480,2,1
6241,83,828.5,204.9,375,12482,2,1
6242,83,828.3,204.4,375,12484,2,1
6243,83,828.1,204.2,375,12486,2,1
6244,83,828,204.2,375,12488,2,1
6245,83,828,204.4,375,12490,2,1
6246,83,828,204.5,375,12492,2,1
6247,83,828,204.7,375,12494,2,1
6248,83,828,205,375,12496,2,1
6249,83,827.9,205.2,375,12498,2,1
6250,83,827.8,205.4,376,12500,2,1
6251,83,827.7,205.6,376,12502,2,1
6252,83,827.7,205.7,376,12504,2,1
6253,83,827.6,205.9,376,12506,2,1
6254,83,827.4,205.9,376,12508,2,1
6255,83,827.3,206.1,376,12510,2,1
6256,83,826.9,206.1,376,12512,2,1
6257,83,826.4,206,376,12514,2,1
6258,83,825.9,206.1,376,12516,2,1
6259,83,825.5,205.9,376,12518,2,1
6260,83,825.1,205.8,376,12520,2,1
6261,83,824.8,205.7,376,12522,2,1
6262,83,824.4,205.5,376,12524,2,1
6263,83,824.5,205.3,376,12526,2,1
6264,83,824.5,205.3,376,12528,2,1
6265,83,824.6,205.3,376,12530,2,1
6266,83,824.6,205.4,377,12532,2,1
6267,83,824.8,205.5,377,12534,2,1
6268,83,825,205.7,377,12536,2,1
6269,83,825.2,205.9,377,12538,2,1
6270,83,825.4,206.1,377,12540,2,1
6271,83,825.8,206.4,377,12542,2,1
6272,83,826.2,206.6,377,12544,2,1
6273,83,826.7,206.8,377,12546,2,1
6274,83,827,206.9,377,12548,2,1
6275,83,827.5,206.8,377,12550,2,1
6276,83,827.9,206.7,377,12552,2,1
6277,83,828.2,206.6,377,12554,2,1
6278,83,828.5,206.5,377,12556,2,1
6279,83,828.5,206.4,377,12558,2,1
6280,83,828.5,206.4,377,12560,2,1
6281,83,828.5,206.4,377,12562,2,1
6282,83,828.5,206.7,377,12564,2,1
6283,83,828.6,207,378,12566,2,1
6284,83,828.7,207.4,378,12568,2,1
6285,83,828.8,207.3,378,12570,2,1
6286,83,829.1,207.3,378,12572,2,1
6287,83,829.3,207.2,378,12574,2,1
6288,83,829.4,207,378,12576,2,1
6289,83,829.4,206.6,378,12578,2,1
6290,83,829.3,206.2,378,12580,2,1
6291,83,829.2,205.8,378,12582,2,1
6292,83,829,206.3,378,12584,2,1
6293,83,828.9,206.4,378,12586,2,1
6294,83,829,206.5,378,12588,2,1
6295,83,829.2,206.7,378,12590,2,1
6296,83,829.4,206.9,378,12592,2,1
6297,83,829.7,207.1,378,12594,2,1
6298,83,830,207.2,378,12596,2,1
6299,83,830.3,207.2,378,12598,2,1
6300,83,830.5,207.1,379,12600,2,1
6301,83,830.7,206.9,379,12602,2,1
6302,83,830.8,206.8,379,12604,2,1
6303,83,830.9,206.6,379,12606,2,1
6304,83,830.9,206.4,379,12608,2,1
6305,83,830.9,206.3,379,12610,2,1
6306,83,830.8,206.2,379,12612,2,1
6307,83,830.7,206.4,379,12614,2,1
6308,83,830.1,206.9,379,12616,2,1
6309,83,829.5,207.4,379,12618,2,1
6310,83,829,208.1,379,12620,2,1
6311,83,828.4,208.8,379,12622,2,1
6312,83,827.8,209.4,379,12624,2,1
6313,83,827.2,209.8,379,12626,2,1
6314,83,826.6,210.3,379,12628,2,1
6315,83,826.4,210.5,379,12630,2,1
6316,83,826.4,210.6,380,12632,2,1
6317,83,826.5,210.5,380,12634,2,1
6318,83,826.6,210.5,380,12636,2,1
6319,83,826.9,210,380,12638,2,1
6320,83,827.2,209.7,380,12640,2,1
6321,83,827.6,209.3,380,12642,2,1
6322,83,828.2,208.5,380,12644,2,1
6323,83,828.7,207.8,380,12646,2,1
6324,83,829.2,207.2,380,12648,2,1
6325,83,829.6,206.7,380,12650,2,1
6326,83,829.8,206.7,380,12652,2,1
6327,83,830.1,206.6,380,12654,2,1
6328,83,830.2,206.4,380,12656,2,1
6329,83,829.9,206.6,380,12658,2,1
6330,83,829.6,206.8,380,12660,2,1
6331,83,829.2,207.1,380,12662,2,1
6332,83,828.8,207.9,380,12664,2,1
6333,83,828.5,208.5,381,12666,2,1
6334,83,828.2,209.1,381,12668,2,1
6335,83,828,209.7,381,12670,2,1
6336,83,827.8,210.2,381,12672,2,1
6337,83,827.3,210.3,381,12674,2,1
6338,83,826.2,210.5,381,12676,2,1
6339,83,824.2,210,381,12678,2,1
6340,83,820.7,208.1,381,12680,2,1
6341,83,814.9,204.3,381,12682,2,1
6342,83,806.5,199.8,381,12684,2,1
6343,83,794.2,193.6,381,12686,2,1
6344,83,779.9,187.5,381,12688,2,1
6345,83,762.8,181.5,381,12690,2,1
6346,83,744.3,174,381,12692,2,1
6347,83,724,167.9,381,12694,2,1
6348,83,702.9,162.5,381,12696,2,1
6349,83,682.2,157.9,381,12698,2,1
6350,83,662.8,154.6,382,12700,2,1
6351,83,642.2,151.8,382,12702,2,1
6352,83,622.9,147.8,382,12704,2,1
6353,83,603.7,145.4,382,12706,2,1
6354,83,586.1,142.9,382,12708,2,1
6355,83,568.9,141.6,382,12710,2,1
6356,83,552.9,140.3,382,12712,2,1
6357,83,539.6,139.5,382,12714,2,1
6358,83,529.9,138.4,382,12716,2,1
6359,83,522.3,138.4,382,12718,2,1
6360,83,517.2,138.2,382,12720,2,1
6361,83,514,137.4,382,12722,2,1
6362,83,513.6,136.5,382,12724,2,1
6363,83,514.3,135.6,382,12726,2,1
6364,83,515,134.8,382,12728,2,1
6365,83,515.9,133.7,382,12730,2,1
6366,83,516.7,132.9,383,12732,2,1
6367,83,517.1,132.4,383,12734,2,1
6368,83,517,132.4,383,12736,2,1
6369,83,516.7,133.2,383,12738,2,1
6370,83,516,133.8,383,12740,2,1
6371,83,515.2,134.3,383,12742,2,1
6372,83,514.4,134.8,383,12744,2,1
6373,83,513.7,135.1,383,12746,2,1
6374,83,513.4,134.9,383,12748,2,1
6375,83,513.3,134.9,383,12750,2,1
6376,83,513.5,134.3,383,12752,2,1
6377,83,513.9,134.3,383,12754,2,1
6378,83,514.4,134.4,383,12756,2,1
6379,83,514.8,134.7,383,12758,2,1
6380,83,515.2,135.4,383,12760,2,1
6381,83,515.4,136.1,383,12762,2,1
6382,83,515.5,136.8,383,12764,2,1
6383,83,515.5,137.3,384,12766,2,1
6384,83,515.5,137.1,384,12768,2,1
6385,83,515.4,137,384,12770,2,1
6386,83,515.4,136.6,384,12772,2,1
6387,83,515.3,136.3,384,12774,2,1
6388,83,515.2,136,384,12776,2,1
6389,83,515,135.8,384,12778,2,1
6390,83,514.8,135.6,384,12780,2,1
6391,83,514.6,135.6,384,12782,2,1
6392,83,514.3,135.5,384,12784,2,1
6393,83,514.2,135.6,384,12786,2,1
6394,83,514,135.8,384,12788,2,1
6395,83,513.7,136.1,384,12790,2,1
6396,83,513.7,136.4,384,12792,2,1
6397,83,513.8,136.9,384,12794,2,1
6398,83,513.8,137.3,384,12796,2,1
6399,83,513.8,137.8,384,12798,2,1
6400,83,513.7,138.3,385,12800,2,1
6401,83,513.7,138.6,385,12802,2,1
6402,83,513.6,138.8,385,12804,2,1
6403,83,513.4,138.8,385,12806,2,1
6404,83,512.8,138.8,385,12808,2,1
6405,83,512.3,138.3,385,12810,2,1
6406,83,511.6,137.7,385,12812,2,1
6407,83,511,137.3,385,12814,2,1
6408,83,510.4,136.9,385,12816,2,1
6409,83,509.8,136.5,385,12818,2,1
6410,83,509.2,136.1,385,12820,2,1
6411,83,509.1,135.8,385,12822,2,1
6412,83,508.9,136,385,12824,2,1
6413,83,508.6,136.1,385,12826,2,1
6414,83,508.4,136.5,385,12828,2,1
6415,83,508.1,136.9,385,12830,2,1
6416,83,507.8,137.3,386,12832,2,1
6417,83,507.4,137.5,386,12834,2,1
6418,83,506.9,137.9,386,12836,2,1
6419,83,506.6,138.2,386,12838,2,1
6420,83,506.5,138.4,386,12840,2,1
6421,83,506.3,138.5,386,12842,2,1
6422,83,506.2,138.4,386,12844,2,1
6423,83,506,138.2,386,12846,2,1
6424,83,505.8,137.9,386,12848,2,1
6425,83,505.7,137.4,386,12850,2,1
6426,83,505.5,137,386,12852,2,1
6427,83,505.3,136.5,386,12854,2,1
6428,83,505.1,136,386,12856,2,1
6429,83,504.7,135.9,386,12858,2,1
6430,83,504.4,135.9,386,12860,2,1
6431,83,504.2,136.1,386,12862,2,1
6432,83,503.9,136.4,386,12864,2,1
6433,83,503.7,136.3,387,12866,2,1
6434,83,503.4,136.3,387,12868,2,1
6435,83,503.2,136.2,387,12870,2,1
6436,83,503,136.5,387,12872,2,1
6437,83,502.9,136.8,387,12874,2,1
6438,83,502.8,137.1,387,12876,2,1
6439,83,502.7,137.1,387,12878,2,1
6440,83,502.5,137.6,387,12880,2,1
6441,83,502.3,138.1,387,12882,2,1
6442,83,502.1,138.5,387,12884,2,1
6443,83,502.1,138.5,387,12886,2,1
6444,83,502.2,138.6,387,12888,2,1
6445,83,502.9,138.9,387,12890,2,1
6446,83,503.6,139.3,387,12892,2,1
6447,83,504.2,139.7,387,12894,2,1
6448,83,505,139.9,387,12896,2,1
6449,83,505.8,140.2,387,12898,2,1
6450,83,506.4,140.6,388,12900,2,1
6451,83,506.2,140.9,388,12902,2,1
6452,83,505.4,141.2,388,12904,2,1
6453,83,504.7,141.6,388,12906,2,1
6454,83,503.9,142,388,12908,2,1
6455,83,503,142.5,388,12910,2,1
6456,83,502.1,143,388,12912,2,1
6457,83,501.2,143.4,388,12914,2,1
6458,83,501.3,143.6,388,12916,2,1
6459,83,501.4,143.7,388,12918,2,1
6460,83,501.5,144,388,12920,2,1
6461,83,501.9,144.1,388,12922,2,1
6462,83,502.4,144.2,388,12924,2,1
6463,83,502.9,144,388,12926,2,1
6464,83,503.3,143.5,388,12928,2,1
6465,83,503.4,143,388,12930,2,1
6466,83,503.5,142.7,389,12932,2,1
6467,83,503.6,142.6,389,12934,2,1
6468,83,503.4,142.5,389,12936,2,1
6469,83,503.3,142.3,389,12938,2,1
6470,83,503.1,142.3,389,12940,2,1
6471,83,502.9,142,389,12942,2,1
6472,83,502.9,141.8,389,12944,2,1
6473,83,503,141.7,389,12946,2,1
6474,83,502.9,141.5,389,12948,2,1
6475,83,502.9,141.3,389,12950,2,1
6476,83,502.9,141.3,389,12952,2,1
6477,83,502.8,141.5,389,12954,2,1
6478,83,502.8,141.6,389,12956,2,1
6479,83,503,142.2,389,12958,2,1
6480,83,503,143.1,389,12960,2,1
6481,83,502.9,143.8,389,12962,2,1
6482,83,502.8,144.4,389,12964,2,1
6483,83,502.8,144.9,390,12966,2,1
6484,83,502.9,145.1,390,12968,2,1
6485,83,503,145.2,390,12970,2,1
6486,83,503,145.3,390,12972,2,1
6487,83,503.1,145.2,390,12974,2,1
6488,83,503.4,145.3,390,12976,2,1
6489,83,503.5,145.5,390,12978,2,1
6490,83,503.6,145.6,390,12980,2,1
6491,83,503.4,145.6,390,12982,2,1
6492,83,503.1,145.5,390,12984,2,1
6493,83,502.9,145.4,390,12986,2,1
6494,83,502.7,145.3,390,12988,2,1
6495,83,502.3,145.2,390,12990,2,1
6496,83,501.9,145,390,12992,2,1
6497,83,501.5,144.9,390,12994,2,1
6498,83,501.2,144.8,390,12996,2,1
6499,83,501,144.6,390,12998,2,1
6500,83,500.8,145.2,391,13000,2,1
6501,83,500.8,146.1,391,13002,2,1
6502,83,500.9,146.9,391,13004,2,1
6503,83,501.2,147.6,391,13006,2,1
6504,83,501.8,148.3,391,13008,2,1
6505,83,502.3,148.9,391,13010,2,1
6506,83,502.8,149.6,391,13012,2,1
6507,83,503.1,149.9,391,13014,2,1
6508,83,503.2,150,391,13016,2,1
6509,83,503.2,150.2,391,13018,2,1
6510,83,503.2,150.2,391,13020,2,1
6511,83,503,150.3,391,13022,2,1
6512,83,503.1,150.3,391,13024,2,1
6513,83,503.2,150.3,391,13026,2,1
6514,83,503.4,150.1,391,13028,2,1
6515,83,503.4,149.9,391,13030,2,1
6516,83,503.4,149.6,392,13032,2,1
6517,83,503.4,149.3,392,13034,2,1
6518,83,503.4,149.2,392,13036,2,1
6519,83,503.1,149.4,392,13038,2,1
6520,83,502.8,149.4,392,13040,2,1
6521,83,502.6,149.4,392,13042,2,1
6522,83,502.8,149.4,392,13044,2,1
6523,83,503.1,149.4,392,13046,2,1
6524,83,503.3,149.5,392,13048,2,1
6525,83,503.5,149.7,392,13050,2,1
6526,83,503.7,149.8,392,13052,2,1
6527,83,504.1,149.9,392,13054,2,1
6528,83,504.2,150,392,13056,2,1
6529,83,504.3,150.1,392,13058,2,1
6530,83,504.3,150.2,392,13060,2,1
6531,83,504.3,150.2,392,13062,2,1
6532,83,504.3,150.1,392,13064,2,1
6533,83,504.3,150,393,13066,2,1
6534,83,504.2,149.8,393,13068,2,1
6535,83,504.1,149.7,393,13070,2,1
6536,83,504,149.7,393,13072,2,1
6537,83,504.1,149.7,393,13074,2,1
6538,83,504.1,149.8,393,13076,2,1
6539,83,504.1,149.8,393,13078,2,1
6540,83,504.1,149.9,393,13080,2,1
6541,83,504.1,149.9,393,13082,2,1
6542,83,504.3,149.8,393,13084,2,1
6543,83,504.5,149.6,393,13086,2,1
6544,83,504.7,149.4,393,13088,2,1
6545,83,504.9,149.1,393,13090,2,1
6546,83,505,148.8,393,13092,2,1
6547,83,505.2,148.8,393,13094,2,1
6548,83,505.3,148.9,393,13096,2,1
6549,83,505.3,149.1,393,13098,2,1
6550,83,505.2,149.4,394,13100,2,1
6551,83,505.1,149.7,394,13102,2,1
6552,83,505,150,394,13104,2,1
6553,83,504.9,150.3,394,13106,2,1
6554,83,504.8,150.2,394,13108,2,1
6555,83,504.6,150,394,13110,2,1
6556,83,504.3,150.2,394,13112,2,1
6557,83,504,150.5,394,13114,2,1
6558,83,503.4,150.8,394,13116,2,1
6559,83,502.9,150.9,394,13118,2,1
6560,83,502.4,150.8,394,13120,2,1
6561,83,501.9,150.7,394,13122,2,1
6562,83,501.4,150.8,394,13124,2,1
6563,83,501.3,150.8,394,13126,2,1
6564,83,501.2,150.9,394,13128,2,1
6565,83,501.4,151.2,394,13130,2,1
6566,83,501.6,151.5,395,13132,2,1
6567,83,501.7,151.8,395,13134,2,1
6568,83,501.9,152.1,395,13136,2,1
6569,83,502,152.2,395,13138,2,1
6570,83,502,152.1,395,13140,2,1
6571,83,501.9,152,395,13142,2,1
6572,83,501.9,151.8,395,13144,2,1
6573,83,501.9,151.6,395,13146,2,1
6574,83,501.9,151.4,395,13148,2,1
6575,83,501.9,151.3,395,13150,2,1
6576,83,501.8,151.3,395,13152,2,1
6577,83,501.6,151.4,395,13154,2,1
6578,83,501.5,151.6,395,13156,2,1
6579,83,501.4,151.7,395,13158,2,1
6580,83,501.3,151.4,395,13160,2,1
6581,83,500.9,151.1,395,13162,2,1
6582,83,500,150.7,395,13164,2,1
6583,83,499.2,150.3,396,13166,2,1
6584,83,498.4,149.9,396,13168,2,1
6585,83,497.6,149.6,396,13170,2,1
6586,83,496.7,149.8,396,13172,2,1
6587,83,496,150.4,396,13174,2,1
6588,83,495.4,151.2,396,13176,2,1
6589,83,495.4,152.1,396,13178,2,1
6590,83,495.5,152.9,396,13180,2,1
6591,83,495.7,153.6,396,13182,2,1
6592,83,495.8,154.3,396,13184,2,1
6593,83,496.1,154.5,396,13186,2,1
6594,83,496.2,154.6,396,13188,2,1
6595,83,496.3,154.6,396,13190,2,1
6596,83,496.4,153.8,396,13192,2,1
6597,83,496.6,153.3,396,13194,2,1
6598,83,496.8,153,396,13196,2,1
6599,83,497,152.7,396,13198,2,1
6600,83,497.1,152.5,397,13200,2,1
6601,83,497,152.4,397,13202,2,1
6602,83,496.9,152.4,397,13204,2,1
6603,83,496.7,152.7,397,13206,2,1
6604,83,496.3,153.4,397,13208,2,1
6605,83,495.8,153.6,397,13210,2,1
6606,83,495.5,154.2,397,13212,2,1
6607,83,495.3,154.9,397,13214,2,1
6608,83,495.4,155.5,397,13216,2,1
6609,83,495.4,156,397,13218,2,1
6610,83,495.8,156.2,397,13220,2,1
6611,83,496.4,156.1,397,13222,2,1
6612,83,497,156,397,13224,2,1
6613,83,497.6,155.9,397,13226,2,1
6614,83,498.3,155.8,397,13228,2,1
6615,83,499,155.9,397,13230,2,1
6616,83,499.6,155.9,398,13232,2,1
6617,83,499.9,156,398,13234,2,1
6618,83,500.1,156,398,13236,2,1
6619,83,500.2,156.1,398,13238,2,1
6620,83,500.1,156.2,398,13240,2,1
6621,83,499.7,156.2,398,13242,2,1
6622,83,499.5,156.3,398,13244,2,1
6623,83,499.3,156.5,398,13246,2,1
6624,83,499.2,156.8,398,13248,2,1
6625,83,499.1,157,398,13250,2,1
6626,83,499.1,157,398,13252,2,1
6627,83,499.1,156.9,398,13254,2,1
6628,83,499.3,156.2,398,13256,2,1
6629,83,499.4,155.6,398,13258,2,1
6630,83,499.6,154.8,398,13260,2,1
6631,83,499.8,154,398,13262,2,1
6632,83,500.1,153.1,398,13264,2,1
6633,83,500.3,152.3,399,13266,2,1
6634,83,500.5,151.5,399,13268,2,1
6635,83,500.7,151,399,13270,2,1
6636,83,500.9,150.5,399,13272,2,1
6637,83,501,150.6,399,13274,2,1
6638,83,500.9,151.3,399,13276,2,1
6639,83,500.8,151.9,399,13278,2,1
6640,83,500.6,152.4,399,13280,2,1
6641,83,500.4,152.9,399,13282,2,1
6642,83,500,153.3,399,13284,2,1
6643,83,499.6,153.7,399,13286,2,1
6644,83,499.2,154.1,399,13288,2,1
6645,83,499,154.2,399,13290,2,1
6646,83,499.2,154.1,399,13292,2,1
6647,83,499.5,154.1,399,13294,2,1
6648,83,499.6,153.9,399,13296,2,1
6649,83,500,153.8,399,13298,2,1
6650,83,500.3,153.7,400,13300,2,1
6651,83,500.5,153.9,400,13302,2,1
6652,83,500.7,154.2,400,13304,2,1
6653,83,500.3,154.7,400,13306,2,1
6654,83,499.9,155.3,400,13308,2,1
6655,83,499.5,156.4,400,13310,2,1
6656,83,499.2,157,400,13312,2,1
6657,83,499.1,157.6,400,13314,2,1
6658,83,499.2,158.2,400,13316,2,1
6659,83,499.3,158.6,400,13318,2,1
6660,83,499.6,159.2,400,13320,2,1
6661,83,500,159.7,400,13322,2,1
6662,83,500.4,159.4,400,13324,2,1
6663,83,500.8,159.2,400,13326,2,1
6664,83,501,159,400,13328,2,1
6665,83,501,158.7,400,13330,2,1
6666,83,500.8,158.2,401,13332,2,1
6667,83,500.6,157.8,401,13334,2,1
6668,83,500.3,157.7,401,13336,2,1
6669,83,499.9,158.2,401,13338,2,1
6670,83,499.7,158.6,401,13340,2,1
6671,83,499.6,159.2,401,13342,2,1
6672,83,500,159.9,401,13344,2,1
6673,83,500.6,160.7,401,13346,2,1
6674,83,501.3,160.8,401,13348,2,1
6675,83,502,160.8,401,13350,2,1
6676,83,502.6,160,401,13352,2,1
6677,83,503,159.2,401,13354,2,1
6678,83,503.2,158.2,401,13356,2,1
6679,83,502.9,157.3,401,13358,2,1
6680,83,502.5,156.6,401,13360,2,1
6681,83,502,156.4,401,13362,2,1
6682,83,501.5,156.2,401,13364,2,1
6683,83,501,156.3,402,13366,2,1
6684,83,500.6,156.4,402,13368,2,1
6685,83,500.2,156.6,402,13370,2,1
6686,83,500,156.8,402,13372,2,1
6687,83,499.8,157,402,13374,2,1
6688,83,499.6,157.1,402,13376,2,1
6689,83,499.2,157.1,402,13378,2,1
6690,83,499,156.7,402,13380,2,1
6691,83,498.8,156.3,402,13382,2,1
6692,83,498.5,156.1,402,13384,2,1
6693,83,498.4,155.9,402,13386,2,1
6694,83,498.3,155.6,402,13388,2,1
6695,83,498.3,155.3,402,13390,2,1
6696,83,498.4,154.9,402,13392,2,1
6697,83,498.4,154.6,402,13394,2,1
6698,83,498.4,154.3,402,13396,2,1
6699,83,498.5,154.2,402,13398,2,1
6700,83,498.6,154.5,403,13400,2,1
6701,83,499.1,154.9,403,13402,2,1
6702,83,499.6,155.3,403,13404,2,1
6703,83,500.2,155.7,403,13406,2,1
6704,83,500.8,155.6,403,13408,2,1
6705,83,501.3,155.3,403,13410,2,1
6706,83,501.8,155,403,13412,2,1
6707,83,501.8,154.4,403,13414,2,1
6708,83,501.3,153.8,403,13416,2,1
6709,83,500.8,153.5,403,13418,2,1
6710,83,500.2,153.2,403,13420,2,1
6711,83,499.6,153.4,403,13422,2,1
6712,83,499,153.6,403,13424,2,1
6713,83,498.3,154.4,403,13426,2,1
6714,83,497.8,155.1,403,13428,2,1
6715,83,497.4,156,403,13430,2,1
6716,83,497.1,156.6,404,13432,2,1
6717,83,496.8,157.1,404,13434,2,1
6718,83,496.6,157.5,404,13436,2,1
6719,83,496.5,157.4,404,13438,2,1
6720,83,496.6,156.7,404,13440,2,1
6721,83,496.7,156,404,13442,2,1
6722,83,496.9,155.5,404,13444,2,1
6723,83,497,154.8,404,13446,2,1
6724,83,497.1,154.4,404,13448,2,1
6725,83,497.1,154.1,404,13450,2,1
6726,83,497,154.4,404,13452,2,1
6727,83,496.9,154.6,404,13454,2,1
6728,83,496.8,154.8,404,13456,2,1
6729,83,496.6,154.9,404,13458,2,1
6730,83,496.5,155,404,13460,2,1
6731,83,496.4,155.1,404,13462,2,1
6732,83,496.4,155.1,404,13464,2,1
6733,83,496.5,155,405,13466,2,1
6734,83,496.5,154.9,405,13468,2,1
6735,83,496,154.7,405,13470,2,1
6736,83,495.5,154.3,405,13472,2,1
6737,83,495,153.8,405,13474,2,1
6738,83,494.5,153.3,405,13476,2,1
6739,83,493.9,152.9,405,13478,2,1
6740,83,493.3,152.6,405,13480,2,1
6741,83,492.7,152.7,405,13482,2,1
6742,83,492.8,153.1,405,13484,2,1
6743,83,493,153.6,405,13486,2,1
6744,83,493.1,154.5,405,13488,2,1
6745,83,493.1,155.3,405,13490,2,1
6746,83,493,155.9,405,13492,2,1
6747,83,492.9,156.1,405,13494,2,1
6748,83,492.7,156.1,405,13496,2,1
6749,83,492.6,155.4,405,13498,2,1
6750,83,492.4,154.7,406,13500,2,1
6751,83,492.3,153.8,406,13502,2,1
6752,83,492.1,152.7,406,13504,2,1
6753,83,491.9,152,406,13506,2,1
6754,83,491.8,151.8,406,13508,2,1
6755,83,491.8,151.7,406,13510,2,1
6756,83,491.7,152,406,13512,2,1
6757,83,491.7,152.4,406,13514,2,1
6758,83,491.8,152.8,406,13516,2,1
6759,83,492,153.1,406,13518,2,1
6760,83,492.4,153.2,406,13520,2,1
6761,83,493,153.1,406,13522,2,1
6762,83,493.6,153,406,13524,2,1
6763,83,493.9,152.8,406,13526,2,1
6764,83,493.9,152.9,406,13528,2,1
6765,83,493.7,152.7,406,13530,2,1
6766,83,493.5,152.4,407,13532,2,1
6767,83,493.3,152.1,407,13534,2,1
6768,83,492.9,151.9,407,13536,2,1
6769,83,492.7,152.1,407,13538,2,1
6770,83,492.5,151.9,407,13540,2,1
6771,83,492.7,151.5,407,13542,2,1
6772,83,493,151.1,407,13544,2,1
6773,83,493.3,150.8,407,13546,2,1
6774,83,493.6,150.7,407,13548,2,1
6775,83,494.1,150.7,407,13550,2,1
6776,83,494.6,150.8,407,13552,2,1
6777,83,495.1,150.9,407,13554,2,1
6778,83,495.6,151,407,13556,2,1
6779,83,495.9,151,407,13558,2,1
6780,83,496.2,151,407,13560,2,1
6781,83,496.5,151,407,13562,2,1
6782,83,496.5,151,407,13564,2,1
6783,83,496.2,151.3,408,13566,2,1
6784,83,495.9,151.7,408,13568,2,1
6785,83,495.5,152.1,408,13570,2,1
6786,83,495.2,152.7,408,13572,2,1
6787,83,494.9,153.4,408,13574,2,1
6788,83,494.7,153.8,408,13576,2,1
6789,83,494.7,154,408,13578,2,1
6790,83,495.3,153.8,408,13580,2,1
6791,83,496,153.5,408,13582,2,1
6792,83,496.7,152.8,408,13584,2,1
6793,83,497.4,152.1,408,13586,2,1
6794,83,498,151.4,408,13588,2,1
6795,83,498.4,150.9,408,13590,2,1
6796,83,498.8,150.7,408,13592,2,1
6797,83,498.7,150.9,408,13594,2,1
6798,83,498.6,151.2,408,13596,2,1
6799,83,498.5,151.6,408,13598,2,1
6800,83,498.3,152.3,409,13600,2,1
6801,83,498.3,152.9,409,13602,2,1
6802,83,498.2,153.6,409,13604,2,1
6803,83,498.2,154.2,409,13606,2,1
6804,83,498.1,154.9,409,13608,2,1
6805,83,498,155.5,409,13610,2,1
6806,83,497.9,156,409,13612,2,1
6807,83,497.8,156,409,13614,2,1
6808,83,497.7,156.1,409,13616,2,1
6809,83,497.6,156,409,13618,2,1
6810,83,497.6,155.8,409,13620,2,1
6811,83,497.5,155.5,409,13622,2,1
6812,83,497.4,155.2,409,13624,2,1
6813,83,497,154.8,409,13626,2,1
6814,83,496.7,154.4,409,13628,2,1
6815,83,496.4,154,409,13630,2,1
6816,83,496.1,153.6,410,13632,2,1
6817,83,495.8,153.4,410,13634,2,1
6818,83,495.6,153.1,410,13636,2,1
6819,83,495.2,152.9,410,13638,2,1
6820,83,495.1,152.9,410,13640,2,1
6821,83,495,152.9,410,13642,2,1
6822,83,494.9,152.9,410,13644,2,1
6823,83,494.9,152.8,410,13646,2,1
6824,83,494.8,152.7,410,13648,2,1
6825,83,494.7,152.7,410,13650,2,1
6826,83,494.8,152.7,410,13652,2,1
6827,83,494.8,152.8,410,13654,2,1
6828,83,494.9,152.8,410,13656,2,1
6829,83,494.9,152.7,410,13658,2,1
6830,83,495,152.5,410,13660,2,1
6831,83,495.2,152.3,410,13662,2,1
6832,83,495.3,152,410,13664,2,1
6833,83,495.4,151.6,411,13666,2,1
6834,83,495.5,151.3,411,13668,2,1
6835,83,495.6,151.1,411,13670,2,1
6836,83,495.6,151.1,411,13672,2,1
6837,83,495.5,151,411,13674,2,1
6838,83,495.4,150.9,411,13676,2,1
6839,83,495.3,150.8,411,13678,2,1
6840,83,495.1,150.6,411,13680,2,1
6841,83,495,150.5,411,13682,2,1
6842,83,495,150.4,411,13684,2,1
6843,83,495.1,150.5,411,13686,2,1
6844,83,495.1,150.6,411,13688,2,1
6845,83,494.9,150.8,411,13690,2,1
6846,83,494.7,150.9,411,13692,2,1
6847,83,494.4,151.1,411,13694,2,1
6848,83,494.1,151.2,411,13696,2,1
6849,83,493.7,151,411,13698,2,1
6850,83,493.4,150.7,412,13700,2,1
6851,83,493.1,150.2,412,13702,2,1
6852,83,492.9,150,412,13704,2,1
6853,83,493,149.8,412,13706,2,1
6854,83,493.1,149.7,412,13708,2,1
6855,83,493.4,149.7,412,13710,2,1
6856,83,493.7,149.9,412,13712,2,1
6857,83,494.1,150.1,412,13714,2,1
6858,83,494.6,150.3,412,13716,2,1
6859,83,495.2,150.5,412,13718,2,1
6860,83,495.6,150.7,412,13720,2,1
6861,83,496.1,150.8,412,13722,2,1
6862,83,496.3,150.8,412,13724,2,1
6863,83,496.6,150.9,412,13726,2,1
6864,83,496.5,151,412,13728,2,1
6865,83,496.3,151.1,412,13730,2,1
6866,83,496.1,151.3,413,13732,2,1
6867,83,495.9,151.6,413,13734,2,1
6868,83,496,151.7,413,13736,2,1
6869,83,496,151.7,413,13738,2,1
6870,83,496,151.8,413,13740,2,1
6871,83,496.4,151.7,413,13742,2,1
6872,83,496.7,151.8,413,13744,2,1
6873,83,496.4,151.9,413,13746,2,1
6874,83,496,151.9,413,13748,2,1
6875,83,495.4,151.9,413,13750,2,1
6876,83,494.8,151.9,413,13752,2,1
6877,83,494.2,151.7,413,13754,2,1
6878,83,493.5,151.5,413,13756,2,1
6879,83,492.8,151.3,413,13758,2,1
6880,83,492.7,151.3,413,13760,2,1
6881,83,492.6,151.3,413,13762,2,1
6882,83,492.5,151.4,413,13764,2,1
6883,83,492.5,151.4,414,13766,2,1
6884,83,492.5,151.7,414,13768,2,1
6885,83,492.7,152,414,13770,2,1
6886,83,492.9,152.2,414,13772,2,1
6887,83,493.1,152.1,414,13774,2,1
6888,83,493.4,152.1,414,13776,2,1
6889,83,493.7,152.4,414,13778,2,1
6890,83,493.8,152.6,414,13780,2,1
6891,83,493.8,152.8,414,13782,2,1
6892,83,493.8,152.9,414,13784,2,1
6893,83,493.5,153.1,414,13786,2,1
6894,83,493.2,153.3,414,13788,2,1
6895,83,492.9,153.4,414,13790,2,1
6896,83,492.5,153.5,414,13792,2,1
6897,83,492.2,153.4,414,13794,2,1
6898,83,491.8,153.3,414,13796,2,1
6899,83,491.4,153.3,414,13798,2,1
6900,83,491.1,153.3,415,13800,2,1
6901,83,490.8,153.3,415,13802,2,1
6902,83,490.5,153.2,415,13804,2,1
6903,83,490.3,153,415,13806,2,1
6904,83,490.1,152.8,415,13808,2,1
6905,83,489.8,152.5,415,13810,2,1
6906,83,489.8,152.1,415,13812,2,1
6907,83,490,151.6,415,13814,2,1
6908,83,490.1,151.2,415,13816,2,1
6909,83,490.2,151,415,13818,2,1
6910,83,490.2,151.1,415,13820,2,1
6911,83,490.3,151.4,415,13822,2,1
6912,83,490.3,151.7,415,13824,2,1
6913,83,490.2,152.1,415,13826,2,1
6914,83,490,152.7,415,13828,2,1
6915,83,490,153.1,415,13830,2,1
6916,83,490.2,153.2,416,13832,2,1
6917,83,490.5,153,416,13834,2,1
6918,83,490.9,152.5,416,13836,2,1
6919,83,491.4,151.8,416,13838,2,1
6920,83,491.9,151,416,13840,2,1
6921,83,492.4,150.2,416,13842,2,1
6922,83,492.5,149.6,416,13844,2,1
6923,83,492.5,148.7,416,13846,2,1
6924,83,492.5,147.9,416,13848,2,1
6925,83,491.9,147.5,416,13850,2,1
6926,83,491.3,147.4,416,13852,2,1
6927,83,490.5,148,416,13854,2,1
6928,83,489.7,148.7,416,13856,2,1
6929,83,489.1,149.4,416,13858,2,1
6930,83,488.6,150.4,416,13860,2,1
6931,83,488.1,151.3,416,13862,2,1
6932,83,487.9,152,416,13864,2,1
6933,83,487.8,152.5,417,13866,2,1
6934,83,487.8,152.3,417,13868,2,1
6935,83,488,152.1,417,13870,2,1
6936,83,488.1,151.8,417,13872,2,1
6937,83,488.2,151.5,417,13874,2,1
6938,83,488.3,151.4,417,13876,2,1
6939,83,488.3,151.4,417,13878,2,1
6940,83,488.2,151.4,417,13880,2,1
6941,83,488.1,151.3,417,13882,2,1
6942,83,487.9,151.1,417,13884,2,1
6943,83,487.9,150.6,417,13886,2,1
6944,83,487.9,150.1,417,13888,2,1
6945,83,488.3,149.7,417,13890,2,1
6946,83,488.7,149.2,417,13892,2,1
6947,83,489.2,148.7,417,13894,2,1
6948,83,489.6,148.3,417,13896,2,1
6949,83,490,148,417,13898,2,1
6950,83,490.3,148.1,418,13900,2,1
6951,83,490.4,148.2,418,13902,2,1
6952,83,490.2,148.3,418,13904,2,1
6953,83,490.1,148.9,418,13906,2,1
6954,83,490.1,149.9,418,13908,2,1
6955,83,490.2,151.1,418,13910,2,1
6956,83,490.3,152.2,418,13912,2,1
6957,83,490.5,153.2,418,13914,2,1
6958,83,490.8,154.2,418,13916,2,1
6959,83,490.8,155.1,418,13918,2,1
6960,83,490.9,155.8,418,13920,2,1
6961,83,490.8,156,418,13922,2,1
6962,83,490.7,155.9,418,13924,2,1
6963,83,490.5,155.6,418,13926,2,1
6964,83,490.4,155.3,418,13928,2,1
6965,83,490.3,155,418,13930,2,1
6966,83,490.4,154.7,419,13932,2,1
6967,83,490.5,154.5,419,13934,2,1
6968,83,490.6,154.6,419,13936,2,1
6969,83,490.7,154.8,419,13938,2,1
6970,83,490.9,154.9,419,13940,2,1
6971,83,491,155.1,419,13942,2,1
6972,83,491,155.6,419,13944,2,1
6973,83,491,156.1,419,13946,2,1
6974,83,490.9,156.6,419,13948,2,1
6975,83,490.8,157,419,13950,2,1
6976,83,490.4,157.3,419,13952,2,1
6977,83,490,157.6,419,13954,2,1
6978,83,489.8,157.6,419,13956,2,1
6979,83,490,157.4,419,13958,2,1
6980,83,490,157.3,419,13960,2,1
6981,83,490.1,157.2,419,13962,2,1
6982,83,490.1,156.9,419,13964,2,1
6983,83,490.1,156.3,420,13966,2,1
6984,83,490,156,420,13968,2,1
6985,83,489.8,156.1,420,13970,2,1
6986,83,489.3,156.3,420,13972,2,1
6987,83,489,156.4,420,13974,2,1
6988,83,488.8,156.5,420,13976,2,1
6989,83,488.8,156.5,420,13978,2,1
6990,83,488.9,156.3,420,13980,2,1
6991,83,489,155.4,420,13982,2,1
6992,83,489.2,154.5,420,13984,2,1
6993,83,489.2,153.7,420,13986,2,1
6994,83,489.2,153.1,420,13988,2,1
6995,83,489.3,152.6,420,13990,2,1
6996,83,489.4,152.3,420,13992,2,1
6997,83,489.5,151.9,420,13994,2,1
6998,83,489.7,151.8,420,13996,2,1
6999,83,490.1,151.5,420,13998,2,1
7000,83,490.5,150.9,421,14000,2,1
7001,83,490.7,150.4,421,14002,2,1
7002,83,490.7,150,421,14004,2,1
7003,83,490.7,149.9,421,14006,2,1
7004,83,490.6,150.1,421,14008,2,1
7005,83,490.3,150.5,421,14010,2,1
7006,83,489.8,151.5,421,14012,2,1
7007,83,489.4,152.5,421,14014,2,1
7008,83,489.2,153.4,421,14016,2,1
7009,83,489.2,154.3,421,14018,2,1
7010,83,489.3,154.9,421,14020,2,1
7011,83,489.5,155.3,421,14022,2,1
7012,83,490.1,154.8,421,14024,2,1
7013,83,491,153.9,421,14026,2,1
7014,83,491.8,153.1,421,14028,2,1
7015,83,492.5,152.2,421,14030,2,1
7016,83,493.1,151.5,422,14032,2,1
7017,83,493.7,151,422,14034,2,1
7018,83,494.2,151,422,14036,2,1
7019,83,494.3,151.8,422,14038,2,1
7020,83,494.4,152.6,422,14040,2,1
7021,83,494.5,153.3,422,14042,2,1
7022,83,494.6,154.1,422,14044,2,1
7023,83,494.7,154.2,422,14046,2,1
7024,83,494.6,154.3,422,14048,2,1
7025,83,494.6,153.9,422,14050,2,1
7026,83,494.4,153.9,422,14052,2,1
7027,83,494.1,154,422,14054,2,1
7028,83,493.7,154.2,422,14056,2,1
7029,83,493.2,154.4,422,14058,2,1
7030,83,492.8,154.6,422,14060,2,1
7031,83,492.5,154.9,422,14062,2,1
7032,83,492.3,155.1,422,14064,2,1
7033,83,492.2,154.9,423,14066,2,1
7034,83,492.1,154.8,423,14068,2,1
7035,83,492.1,154.7,423,14070,2,1
7036,83,492.2,154.5,423,14072,2,1
7037,83,492.3,154.1,423,14074,2,1
7038,83,492.5,153.7,423,14076,2,1
7039,83,492.7,153.3,423,14078,2,1
7040,83,492.9,152.9,423,14080,2,1
7041,83,493.1,152.3,423,14082,2,1
7042,83,493.2,151.8,423,14084,2,1
7043,83,493.1,151.4,423,14086,2,1
7044,83,492.8,151.2,423,14088,2,1
7045,83,492.3,151,423,14090,2,1
7046,83,491.8,150.8,423,14092,2,1
7047,83,491.4,150.9,423,14094,2,1
7048,83,491.3,151.2,423,14096,2,1
7049,83,491.3,151.4,423,14098,2,1
7050,83,491.5,151.7,424,14100,2,1
7051,83,491.9,152,424,14102,2,1
7052,83,492.4,152.6,424,14104,2,1
7053,83,493,153.2,424,14106,2,1
7054,83,493.4,153.4,424,14108,2,1
7055,83,493.8,153.3,424,14110,2,1
7056,83,494.1,153.1,424,14112,2,1
7057,83,494.4,152.9,424,14114,2,1
7058,83,494.4,152.7,424,14116,2,1
7059,83,494.4,152.3,424,14118,2,1
7060,83,493.8,152.4,424,14120,2,1
7061,83,493.3,152.4,424,14122,2,1
7062,83,492.7,152.8,424,14124,2,1
7063,83,492.2,152.8,424,14126,2,1
7064,83,491.9,152.8,424,14128,2,1
7065,83,491.8,152.7,424,14130,2,1
7066,83,491.7,152.5,425,14132,2,1
7067,83,492.3,151.7,425,14134,2,1
7068,83,493,151.1,425,14136,2,1
7069,83,493.4,150.7,425,14138,2,1
7070,83,493.8,150.2,425,14140,2,1
7071,83,494,149.7,425,14142,2,1
7072,83,494.1,149.2,425,14144,2,1
7073,83,494.3,148.8,425,14146,2,1
7074,83,494.1,148.8,425,14148,2,1
7075,83,493.9,149.1,425,14150,2,1
7076,83,493.8,149.5,425,14152,2,1
7077,83,493.7,150,425,14154,2,1
7078,83,493.7,150.4,425,14156,2,1
7079,83,493.8,150.8,425,14158,2,1
7080,83,493.8,151.2,425,14160,2,1
7081,83,494,151.5,425,14162,2,1
7082,83,494.2,151.7,425,14164,2,1
7083,83,494.5,152.2,426,14166,2,1
7084,83,494.8,152.6,426,14168,2,1
7085,83,495.1,152.7,426,14170,2,1
7086,83,495.4,152.8,426,14172,2,1
7087,83,495.7,153,426,14174,2,1
7088,83,496,153.1,426,14176,2,1
7089,83,496.2,153,426,14178,2,1
7090,83,496.4,152.7,426,14180,2,1
7091,83,496.4,152.7,426,14182,2,1
7092,83,496.4,152.6,426,14184,2,1
7093,83,496.4,152.5,426,14186,2,1
7094,83,496.4,152.4,426,14188,2,1
7095,83,496.3,152.2,426,14190,2,1
7096,83,496.3,152.1,426,14192,2,1
7097,83,496.3,151.8,426,14194,2,1
7098,83,496.3,151.4,426,14196,2,1
7099,83,496.4,150.5,426,14198,2,1
7100,83,496.6,149.9,427,14200,2,1
7101,83,496.8,149.3,427,14202,2,1
7102,83,496.9,148.9,427,14204,2,1
7103,83,497,148.5,427,14206,2,1
7104,83,497,149.4,427,14208,2,1
7105,83,497,150,427,14210,2,1
7106,83,497.2,150.5,427,14212,2,1
7107,83,497.4,150.8,427,14214,2,1
7108,83,497.7,151.2,427,14216,2,1
7109,83,498,151.7,427,14218,2,1
7110,83,498.3,152.2,427,14220,2,1
7111,83,498.6,152,427,14222,2,1
7112,83,498.8,151.8,427,14224,2,1
7113,83,498.7,151.7,427,14226,2,1
7114,83,498.6,151.4,427,14228,2,1
7115,83,498.5,151,427,14230,2,1
7116,83,498.4,150.6,428,14232,2,1
7117,83,498.5,150.1,428,14234,2,1
7118,83,498.6,149.6,428,14236,2,1
7119,83,498.7,149.1,428,14238,2,1
7120,83,498.8,149,428,14240,2,1
7121,83,498.9,149,428,14242,2,1
7122,83,498.2,149.1,428,14244,2,1
7123,83,497.6,149.3,428,14246,2,1
7124,83,496.7,149.6,428,14248,2,1
7125,83,495.9,149.8,428,14250,2,1
7126,83,495.2,150.1,428,14252,2,1
7127,83,494.5,150.3,428,14254,2,1
7128,83,493.9,150.5,428,14256,2,1
7129,83,494,150.8,428,14258,2,1
7130,83,494,150.7,428,14260,2,1
7131,83,494.1,150.7,428,14262,2,1
7132,83,494.2,150.5,428,14264,2,1
7133,83,494.3,150.5,429,14266,2,1
7134,83,494.5,150.4,429,14268,2,1
7135,83,494.7,150.4,429,14270,2,1
7136,83,494.8,150.3,429,14272,2,1
7137,83,495.1,150.5,429,14274,2,1
7138,83,495.1,150.5,429,14276,2,1
7139,83,495.2,150.4,429,14278,2,1
7140,83,495.1,150.2,429,14280,2,1
7141,83,495,150.1,429,14282,2,1
7142,83,494.7,150.3,429,14284,2,1
7143,83,494.4,150.5,429,14286,2,1
7144,83,494,150.7,429,14288,2,1
7145,83,493.9,150.5,429,14290,2,1
7146,83,493.7,150.4,429,14292,2,1
7147,83,493.6,150.3,429,14294,2,1
7148,83,493.3,150.4,429,14296,2,1
7149,83,493.2,150.5,429,14298,2,1
7150,83,493.2,150.5,430,14300,2,1
7151,83,493.2,150.9,430,14302,2,1
7152,83,493.1,150.4,430,14304,2,1
7153,83,493,149.8,430,14306,2,1
7154,83,492.5,149,430,14308,2,1
7155,83,492.2,148.1,430,14310,2,1
7156,83,491.9,147.1,430,14312,2,1
7157,83,491.4,146.4,430,14314,2,1
7158,83,490.9,146.1,430,14316,2,1
7159,83,490.4,147.3,430,14318,2,1
7160,83,490.1,148.4,430,14320,2,1
7161,83,490,149,430,14322,2,1
7162,83,489.9,149.4,430,14324,2,1
7163,83,489.8,149.7,430,14326,2,1
7164,83,489.9,150,430,14328,2,1
7165,83,489.8,150.2,430,14330,2,1
7166,83,489.6,150.3,431,14332,2,1
7167,83,489.3,150.3,431,14334,2,1
7168,83,489.1,150.3,431,14336,2,1
7169,83,488.8,150.4,431,14338,2,1
7170,83,488.6,150.2,431,14340,2,1
7171,83,488.2,150.1,431,14342,2,1
7172,83,487.7,149.5,431,14344,2,1
7173,83,487.4,148.9,431,14346,2,1
7174,83,540.1,70.4,431,14348,2,1
7175,83,591.8,-9999,431,14350,2,1
7176,83,642.8,-9999,431,14352,2,1
7177,83,667.9,-9999,431,14354,2,1
7178,83,702.9,-9999,431,14356,2,1
7179,83,754.9,-9999,431,14358,2,1
7180,83,1058.3,-9999,431,14360,2,1
7181,83,-9999,-9999,431,14362,2,1
7182,83,-9999,144.3,431,14364,2,1
7183,83,-9999,302.5,432,14366,2,1
7184,83,-9999,256.4,432,14368,2,1
7185,83,-9999,201.6,432,14370,2,1
7186,83,-9999,132.1,432,14372,2,1
7187,83,-9999,50.6,432,14374,2,1
7188,83,-9999,-9999,432,14376,2,1
7189,83,-9999,-9999,432,14378,2,1
7190,83,-9999,2.5,432,14380,2,1
7191,83,-9999,48.9,432,14382,2,1
7192,83,-9999,117.4,432,14384,2,1
7193,83,1275.6,187.5,432,14386,2,1
7194,83,1112.4,257,432,14388,2,1
7195,83,942.7,328.2,432,14390,2,1
7196,83,825.8,284.7,432,14392,2,1
7197,83,711.3,240.1,432,14394,2,1
7198,83,599,194.4,432,14396,2,1
7199,83,489.7,148,432,14398,2,1
7200,83,489.5,145.8,433,14400,2,1
7201,83,489.1,146.5,433,14402,2,1
7202,83,488.6,147.1,433,14404,2,1
7203,83,488.2,147.4,433,14406,2,1
7204,83,487.5,148,433,14408,2,1
7205,83,487.4,148.5,433,14410,2,1
7206,83,487.3,148.9,433,14412,2,1
7207,83,487.2,149,433,14414,2,1
7208,83,487.2,149,433,14416,2,1
7209,83,487.3,149,433,14418,2,1
7210,83,487.5,149.2,433,14420,2,1
7211,83,488,149.3,433,14422,2,1
7212,83,488.3,149.3,433,14424,2,1
7213,83,488.7,149.1,433,14426,2,1
7214,83,489.1,148.6,433,14428,2,1
7215,83,489.4,148.3,433,14430,2,1
7216,83,489.7,148.2,434,14432,2,1
7217,83,489.7,148.8,434,14434,2,1
7218,83,489.8,149.6,434,14436,2,1
7219,83,489.8,150.2,434,14438,2,1
7220,83,489.9,150.6,434,14440,2,1
7221,83,489.9,150.9,434,14442,2,1
7222,83,489.8,151,434,14444,2,1
7223,83,489.7,151,434,14446,2,1
7224,83,489.5,150.7,434,14448,2,1
7225,83,489.5,150.2,434,14450,2,1
7226,83,489.5,150,434,14452,2,1
7227,83,489.5,149.7,434,14454,2,1
7228,83,489.3,149.7,434,14456,2,1
7229,83,489.3,149.7,434,14458,2,1
7230,83,489.4,149.6,434,14460,2,1
7231,83,489.6,149.7,434,14462,2,1
7232,83,489.8,149.8,434,14464,2,1
7233,83,489.9,149.5,435,14466,2,1
7234,83,489.9,149.2,435,14468,2,1
7235,83,489.9,149,435,14470,2,1
7236,83,489.9,148.9,435,14472,2,1
7237,83,489.9,148.9,435,14474,2,1
7238,83,489.7,148.8,435,14476,2,1
7239,83,489.6,148.8,435,14478,2,1
7240,83,489.6,148.8,435,14480,2,1
7241,83,489.6,148.7,435,14482,2,1
7242,83,489.6,148.5,435,14484,2,1
7243,83,489.7,148.4,435,14486,2,1
7244,83,489.6,148.4,435,14488,2,1
7245,83,489.6,148.5,435,14490,2,1
7246,83,489.5,147.7,435,14492,2,1
7247,83,489.4,146.8,435,14494,2,1
7248,83,489.4,146.4,435,14496,2,1
7249,83,489.4,146.1,435,14498,2,1
7250,83,489.2,145.7,436,14500,2,1
7251,83,488.8,145.5,436,14502,2,1
7252,83,488.2,145.4,436,14504,2,1
7253,83,487.7,145.7,436,14506,2,1
7254,83,487.4,146.2,436,14508,2,1
7255,83,487.1,146.4,436,14510,2,1
7256,83,486.9,146.6,436,14512,2,1
7257,83,486.8,146.8,436,14514,2,1
7258,83,486.9,146.7,436,14516,2,1
7259,83,487.1,146.7,436,14518,2,1
7260,83,487.1,147.1,436,14520,2,1
7261,83,486.9,147.5,436,14522,2,1
7262,83,486.6,147.8,436,14524,2,1
7263,83,486.3,148.3,436,14526,2,1
7264,83,486.2,148.3,436,14528,2,1
7265,83,486.2,147.9,436,14530,2,1
7266,83,486.5,147.6,437,14532,2,1
7267,83,486.9,147.5,437,14534,2,1
7268,83,487.2,147.3,437,14536,2,1
7269,83,487.7,147.2,437,14538,2,1
7270,83,488.1,147,437,14540,2,1
7271,83,488.4,147.2,437,14542,2,1
7272,83,488.4,147.7,437,14544,2,1
7273,83,488.4,148.3,437,14546,2,1
7274,83,488.4,148.8,437,14548,2,1
7275,83,488.3,149.3,437,14550,2,1
7276,83,488.3,149.7,437,14552,2,1
7277,83,487.9,150.1,437,14554,2,1
7278,83,487.4,150.4,437,14556,2,1
7279,83,486.9,150.2,437,14558,2,1
7280,83,486.3,149.9,437,14560,2,1
7281,83,485.6,148.7,437,14562,2,1
7282,83,484.5,144.7,437,14564,2,1
7283,83,483.5,140.7,438,14566,2,1
7284,83,483,135.9,438,14568,2,1
7285,83,482.4,129.5,438,14570,2,1
7286,83,481.6,120.5,438,14572,2,1
7287,83,480.4,108.4,438,14574,2,1
7288,83,478.7,91.1,438,14576,2,1
7289,83,477.1,73.1,438,14578,2,1
7290,83,475.2,53.2,438,14580,2,1
7291,83,472.7,28.9,438,14582,2,1
7292,83,472.7,28.2,438,14584,2,1
7293,83,472.5,27.4,438,14586,2,1
7294,83,472.4,26.7,438,14588,2,1
7295,83,472.4,25.9,438,14590,2,1
7296,83,472.7,25.1,438,14592,2,1
7297,83,473.1,24.3,438,14594,2,1
7298,83,473.5,23.4,438,14596,2,1
7299,83,474.1,23.3,438,14598,2,1
7300,83,475,23.3,439,14600,2,1
7301,83,475.7,23.2,439,14602,2,1
7302,83,476.3,23.2,439,14604,2,1
7303,83,476.5,23.2,439,14606,2,1
7304,83,476.3,23.2,439,14608,2,1
7305,83,475.8,23.3,439,14610,2,1
7306,83,475.1,23.4,439,14612,2,1
7307,83,474.3,23.4,439,14614,2,1
7308,83,473.5,23.4,439,14616,2,1
7309,83,472.8,23.3,439,14618,2,1
7310,83,472.1,23.3,439,14620,2,1
7311,83,471.9,23.4,439,14622,2,1
7312,83,471.8,23.9,439,14624,2,1
7313,83,471.8,24.4,439,14626,2,1
7314,83,471.9,24.9,439,14628,2,1
7315,83,472.2,24.5,439,14630,2,1
7316,83,472.5,24.2,440,14632,2,1
7317,83,472.9,23.6,440,14634,2,1
7318,83,472.7,22.9,440,14636,2,1
7319,83,472.6,22,440,14638,2,1
7320,83,472.4,21.4,440,14640,2,1
7321,83,471.8,21.6,440,14642,2,1
7322,83,471.1,22.9,440,14644,2,1
7323,83,470.3,24.1,440,14646,2,1
7324,83,469.6,25.5,440,14648,2,1
7325,83,469.4,27.3,440,14650,2,1
7326,83,469.8,28.8,440,14652,2,1
7327,83,470.3,30.1,440,14654,2,1
7328,83,471,30.7,440,14656,2,1
7329,83,471.8,31.2,440,14658,2,1
7330,83,472.6,31.8,440,14660,2,1
7331,83,473.1,33.4,440,14662,2,1
7332,83,475.3,37.2,440,14664,2,1
7333,83,490.2,57.3,441,14666,2,1
7334,83,571.3,80.1,441,14668,2,1
7335,83,711,134.4,441,14670,2,1
7336,83,854.6,187,441,14672,2,1
7337,83,1001.8,237.7,441,14674,2,1
7338,83,1094.8,268,441,14676,2,1
7339,83,1223.6,305.8,441,14678,2,1
7340,83,-9999,332.6,441,14680,2,1
7341,83,-9999,381.8,441,14682,2,1
7342,83,-9999,381.8,441,14684,2,1
7343,83,-9999,381.8,441,14686,2,1
7344,83,-9999,-9999,441,14688,2,1
7345,83,-9999,-9999,441,14690,2,1
7346,83,-9999,-9999,441,14692,2,1
7347,83,-9999,-9999,441,14694,2,1
7348,83,-9999,-9999,441,14696,2,1
7349,83,-9999,-9999,441,14698,2,1
7350,83,-9999,-9999,442,14700,2,1
7351,83,-9999,-9999,442,14702,2,1
7352,83,-9999,-9999,442,14704,2,1
7353,83,-9999,-9999,442,14706,2,1
7354,83,-9999,-9999,442,14708,2,1
7355,83,-9999,-9999,442,14710,2,1
7356,83,-9999,-9999,442,14712,2,1
7357,83,-9999,-9999,442,14714,2,1
7358,83,-9999,-9999,442,14716,2,1
7359,83,-9999,-9999,442,14718,2,1
7360,83,-9999,-9999,442,14720,2,1
7361,83,-9999,-9999,442,14722,2,1
7362,83,-9999,-9999,442,14724,2,1
7363,83,-9999,-9999,442,14726,2,1
7364,83,-9999,-9999,442,14728,2,1
7365,83,-9999,-9999,442,14730,2,1
7366,83,-9999,-9999,443,14732,2,1
7367,83,-9999,-9999,443,14734,2,1
7368,83,-9999,-9999,443,14736,2,1
7369,83,-9999,-9999,443,14738,2,1
7370,83,-9999,-9999,443,14740,2,1
7371,83,638.3,284.6,443,14742,2,1
7372,83,638.3,283.2,443,14744,2,1
7373,83,638.3,282.5,443,14746,2,1
7374,83,638.3,281.7,443,14748,2,1
7375,83,638.3,280.9,443,14750,2,1
7376,83,638.3,280.3,443,14752,2,1
7377,83,616.4,266.7,443,14754,2,1
7378,83,594.7,252.9,443,14756,2,1
7379,83,573,239.5,443,14758,2,1
7380,83,551.5,225.7,443,14760,2,1
7381,83,530.2,211.8,443,14762,2,1
7382,83,509.4,198.9,443,14764,2,1
7383,83,488.8,185.8,444,14766,2,1
7384,83,489.1,185.6,444,14768,2,1
7385,83,488.9,184.7,444,14770,2,1
7386,83,488.8,184.2,444,14772,2,1
7387,83,488.6,183.4,444,14774,2,1
7388,83,488.5,182.8,444,14776,2,1
7389,83,487.9,181.5,444,14778,2,1
7390,83,487.4,180.8,444,14780,2,1
7391,83,486.8,180,444,14782,2,1
7392,83,486.8,179.8,444,14784,2,1
7393,83,486.7,179.5,444,14786,2,1
7394,83,486.7,179.3,444,14788,2,1
7395,83,486.6,179,444,14790,2,1
7396,83,487.4,179.4,444,14792,2,1
7397,83,488.2,179.4,444,14794,2,1
7398,83,488.9,179.6,444,14796,2,1
7399,83,490.4,179.9,444,14798,2,1
7400,83,491.8,180.2,445,14800,2,1
7401,83,493.2,180.6,445,14802,2,1
7402,83,494.4,180.8,445,14804,2,1
7403,83,494.8,180.8,445,14806,2,1
7404,83,495.5,180.7,445,14808,2,1
7405,83,496.6,180.7,445,14810,2,1
7406,83,496.5,180,445,14812,2,1
7407,83,496.4,179.5,445,14814,2,1
7408,83,-9999,-9999,445,14816,2,1
7409,83,-9999,-9999,445,14818,2,1
7410,83,-9999,-9999,445,14820,2,1
7411,83,-9999,-9999,445,14822,2,1
7412,83,-9999,-9999,445,14824,2,1
7413,83,-9999,-9999,445,14826,2,1
7414,83,-9999,-9999,445,14828,2,1
7415,83,-9999,-9999,445,14830,2,1
7416,83,-9999,-9999,446,14832,2,1
7417,83,-9999,-9999,446,14834,2,1
7418,83,-9999,-9999,446,14836,2,1
7419,83,-9999,-9999,446,14838,2,1
7420,83,-9999,-9999,446,14840,2,1
7421,83,-9999,-9999,446,14842,2,1
7422,83,-9999,-9999,446,14844,2,1
7423,83,-9999,-9999,446,14846,2,1
7424,83,-9999,-9999,446,14848,2,1
7425,83,-9999,-9999,446,14850,2,1
7426,83,-9999,-9999,446,14852,2,1
7427,83,-9999,-9999,446,14854,2,1
7428,83,-9999,-9999,446,14856,2,1
7429,83,-9999,-9999,446,14858,2,1
7430,83,-9999,-9999,446,14860,2,1
7431,83,-9999,-9999,446,14862,2,1
7432,83,-9999,-9999,446,14864,2,1
7433,83,-9999,-9999,447,14866,2,1
7434,83,-9999,-9999,447,14868,2,1
7435,83,-9999,-9999,447,14870,2,1
7436,83,-9999,-9999,447,14872,2,1
7437,83,-9999,-9999,447,14874,2,1
7438,83,-9999,-9999,447,14876,2,1
7439,83,-9999,-9999,447,14878,2,1
7440,83,-9999,-9999,447,14880,2,1
7441,83,-9999,-9999,447,14882,2,1
7442,83,-9999,-9999,447,14884,2,1
7443,83,-9999,-9999,447,14886,2,1
7444,83,-9999,-9999,447,14888,2,1
7445,83,-9999,-9999,447,14890,2,1
7446,83,-9999,-9999,447,14892,2,1
7447,83,-9999,-9999,447,14894,2,1
7448,83,-9999,-9999,447,14896,2,1
7449,83,-9999,-9999,447,14898,2,1
7450,83,-9999,-9999,448,14900,2,1
7451,83,-9999,-9999,448,14902,2,1
7452,83,-9999,-9999,448,14904,2,1
7453,83,-9999,-9999,448,14906,2,1
7454,83,-9999,-9999,448,14908,2,1
7455,83,-9999,-9999,448,14910,2,1
7456,83,-9999,-9999,448,14912,2,1
7457,83,-9999,-9999,448,14914,2,1
7458,83,-9999,-9999,448,14916,2,1
7459,83,-9999,-9999,448,14918,2,1
7460,83,-9999,-9999,448,14920,2,1
7461,83,-9999,-9999,448,14922,2,1
7462,83,-9999,-9999,448,14924,2,1
7463,83,-9999,-9999,448,14926,2,1
7464,83,-9999,-9999,448,14928,2,1
7465,83,-9999,-9999,448,14930,2,1
7466,83,-9999,-9999,449,14932,2,1
7467,83,-9999,-9999,449,14934,2,1
7468,83,-9999,-9999,449,14936,2,1
7469,83,-9999,-9999,449,14938,2,1
7470,83,-9999,-9999,449,14940,2,1
7471,83,-9999,-9999,449,14942,2,1
7472,83,-9999,-9999,449,14944,2,1
7473,83,-9999,-9999,449,14946,2,1
7474,83,-9999,-9999,449,14948,2,1
7475,83,-9999,-9999,449,14950,2,1
7476,83,-9999,-9999,449,14952,2,1
7477,83,-9999,-9999,449,14954,2,1
7478,83,-9999,-9999,449,14956,2,1
7479,83,-9999,-9999,449,14958,2,1
7480,83,-9999,-9999,449,14960,2,1
7481,83,-9999,-9999,449,14962,2,1
7482,83,-9999,-9999,449,14964,2,1
7483,83,-9999,-9999,450,14966,2,1
7484,83,-9999,-9999,450,14968,2,1
7485,83,-9999,-9999,450,14970,2,1
7486,83,-9999,-9999,450,14972,2,1
7487,83,-9999,-9999,450,14974,2,1
7488,83,-9999,-9999,450,14976,2,1
7489,83,-9999,-9999,450,14978,2,1
7490,83,-9999,-9999,450,14980,2,1
7491,83,-9999,-9999,450,14982,2,1
7492,83,-9999,-9999,450,14984,2,1
7493,83,-9999,-9999,450,14986,2,1
7494,83,-9999,-9999,450,14988,2,1
7495,83,-9999,-9999,450,14990,2,1
7496,83,-9999,-9999,450,14992,2,1
7497,83,-9999,-9999,450,14994,2,1
7498,83,-9999,-9999,450,14996,2,1
7499,83,-9999,-9999,450,14998,2,1
7500,83,-9999,-9999,451,15000,2,1
7501,83,-9999,-9999,451,15002,2,1
7502,83,-9999,-9999,451,15004,2,1
7503,83,-9999,-9999,451,15006,2,1
7504,83,-9999,-9999,451,15008,2,1
7505,83,-9999,-9999,451,15010,2,1
7506,83,-9999,-9999,451,15012,2,1
7507,83,-9999,-9999,451,15014,2,1
7508,83,-9999,-9999,451,15016,2,1
7509,83,-9999,-9999,451,15018,2,1
7510,83,-9999,-9999,451,15020,2,1
7511,83,-9999,-9999,451,15022,2,1
7512,83,-9999,-9999,451,15024,2,1
7513,83,-9999,-9999,451,15026,2,1
7514,83,-9999,-9999,451,15028,2,1
7515,83,-9999,-9999,451,15030,2,1
7516,83,-9999,-9999,452,15032,2,1
7517,83,-9999,-9999,452,15034,2,1
7518,83,-9999,-9999,452,15036,2,1
7519,83,-9999,-9999,452,15038,2,1
7520,83,-9999,-9999,452,15040,2,1
7521,83,-9999,-9999,452,15042,2,1
7522,83,-9999,-9999,452,15044,2,1
7523,83,-9999,-9999,452,15046,2,1
7524,83,-9999,-9999,452,15048,2,1
7525,83,-9999,-9999,452,15050,2,1
7526,83,-9999,-9999,452,15052,2,1
7527,83,-9999,-9999,452,15054,2,1
7528,83,-9999,-9999,452,15056,2,1
7529,83,-9999,-9999,452,15058,2,1
7530,83,-9999,-9999,452,15060,2,1
7531,83,-9999,-9999,452,15062,2,1
7532,83,-9999,-9999,452,15064,2,1
7533,83,-9999,-9999,453,15066,2,1
7534,83,-9999,-9999,453,15068,2,1
7535,83,-9999,-9999,453,15070,2,1
7536,83,-9999,-9999,453,15072,2,1
7537,83,-9999,-9999,453,15074,2,1
7538,83,-9999,-9999,453,15076,2,1
7539,83,-9999,-9999,453,15078,2,1
7540,83,-9999,-9999,453,15080,2,1
7541,83,-9999,-9999,453,15082,2,1
7542,83,-9999,-9999,453,15084,2,1
7543,83,-9999,-9999,453,15086,2,1
7544,83,-9999,-9999,453,15088,2,1
7545,83,-9999,-9999,453,15090,2,1
7546,83,-9999,-9999,453,15092,2,1
7547,83,-9999,-9999,453,15094,2,1
7548,83,-9999,-9999,453,15096,2,1
7549,83,-9999,-9999,453,15098,2,1
7550,83,-9999,-9999,454,15100,2,1
7551,83,491.4,152.7,454,15102,2,1
7552,83,491.4,152.8,454,15104,2,1
7553,83,491.4,152.8,454,15106,2,1
7554,83,491.4,152.7,454,15108,2,1
7555,83,488.6,153.3,454,15110,2,1
7556,83,486.8,154,454,15112,2,1
7557,83,485.4,154.6,454,15114,2,1
7558,83,483.4,155.6,454,15116,2,1
7559,83,481.2,157.1,454,15118,2,1
7560,83,479,158.8,454,15120,2,1
7561,83,476.8,160.5,454,15122,2,1
7562,83,476.6,161.8,454,15124,2,1
7563,83,476.4,162.9,454,15126,2,1
7564,83,476.3,163.8,454,15128,2,1
7565,83,476.1,164.7,454,15130,2,1
7566,83,476.1,164.8,455,15132,2,1
7567,83,476.1,164.6,455,15134,2,1
7568,83,476,164.6,455,15136,2,1
7569,83,476,164.7,455,15138,2,1
7570,83,476,165,455,15140,2,1
7571,83,476,165.2,455,15142,2,1
7572,83,476,165.3,455,15144,2,1
7573,83,475.9,165.8,455,15146,2,1
7574,83,475.7,166.3,455,15148,2,1
7575,83,475.5,166.7,455,15150,2,1
7576,83,475.2,167.1,455,15152,2,1
7577,83,475,167.4,455,15154,2,1
7578,83,474.9,167.1,455,15156,2,1
7579,83,474.8,166.5,455,15158,2,1
7580,83,474.8,166,455,15160,2,1
7581,83,474.8,165.6,455,15162,2,1
7582,83,475,165.1,455,15164,2,1
7583,83,474.9,164.7,456,15166,2,1
7584,83,474.9,164.4,456,15168,2,1
7585,83,474.7,164.8,456,15170,2,1
7586,83,474.6,165.3,456,15172,2,1
7587,83,474.5,165.6,456,15174,2,1
7588,83,474.4,166.3,456,15176,2,1
7589,83,474.4,166.9,456,15178,2,1
7590,83,474.5,167.3,456,15180,2,1
7591,83,474.7,167.6,456,15182,2,1
7592,83,475,167.9,456,15184,2,1
7593,83,475.2,168.1,456,15186,2,1
7594,83,475.6,168.2,456,15188,2,1
7595,83,476,168.2,456,15190,2,1
7596,83,476.5,168.4,456,15192,2,1
7597,83,477,168.5,456,15194,2,1
7598,83,477.9,168.7,456,15196,2,1
7599,83,478.7,169,456,15198,2,1
7600,83,479.4,169.2,457,15200,2,1
7601,83,479.9,169.5,457,15202,2,1
7602,83,480.4,169.8,457,15204,2,1
7603,83,480.5,170,457,15206,2,1
7604,83,480.6,169.8,457,15208,2,1
7605,83,480.4,169.9,457,15210,2,1
7606,83,480,169.9,457,15212,2,1
7607,83,479.7,169.8,457,15214,2,1
7608,83,479.5,169.7,457,15216,2,1
7609,83,479.3,169.5,457,15218,2,1
7610,83,479.8,169.3,457,15220,2,1
7611,83,480.2,169.1,457,15222,2,1
7612,83,480.6,169.1,457,15224,2,1
7613,83,481,169,457,15226,2,1
7614,83,481.4,169.1,457,15228,2,1
7615,83,481.8,169.1,457,15230,2,1
7616,83,482.3,168.9,458,15232,2,1
7617,83,482.4,168.8,458,15234,2,1
7618,83,482.6,168.6,458,15236,2,1
7619,83,482.8,168.1,458,15238,2,1
7620,83,483.2,167.5,458,15240,2,1
7621,83,483.6,167,458,15242,2,1
7622,83,483.9,166.7,458,15244,2,1
7623,83,484.1,166.5,458,15246,2,1
7624,83,484.2,166.6,458,15248,2,1
7625,83,484.4,166.5,458,15250,2,1
7626,83,484.5,166.5,458,15252,2,1
7627,83,484.5,166.3,458,15254,2,1
7628,83,484.5,166.1,458,15256,2,1
7629,83,484.5,166,458,15258,2,1
7630,83,484.3,165.8,458,15260,2,1
7631,83,484,165.7,458,15262,2,1
7632,83,483.7,165.8,458,15264,2,1
7633,83,483.3,165.9,459,15266,2,1
7634,83,482.9,166.1,459,15268,2,1
7635,83,482.6,166.6,459,15270,2,1
7636,83,482.3,167.1,459,15272,2,1
7637,83,481.9,167.6,459,15274,2,1
7638,83,481.5,167.9,459,15276,2,1
7639,83,481.2,168,459,15278,2,1
7640,83,481.1,168.3,459,15280,2,1
7641,83,481,168.6,459,15282,2,1
7642,83,481,168.9,459,15284,2,1
7643,83,481,169.2,459,15286,2,1
7644,83,481.2,169.4,459,15288,2,1
7645,83,481.5,169.4,459,15290,2,1
7646,83,481.6,169.5,459,15292,2,1
7647,83,481.8,169.7,459,15294,2,1
7648,83,481.9,170.2,459,15296,2,1
7649,83,482,170.4,459,15298,2,1
7650,83,482.1,170.6,460,15300,2,1
7651,83,482.2,170.6,460,15302,2,1
7652,83,482.2,170.8,460,15304,2,1
7653,83,482.3,170.8,460,15306,2,1
7654,83,482.5,170.7,460,15308,2,1
7655,83,482.6,170.3,460,15310,2,1
7656,83,482.7,170,460,15312,2,1
7657,83,483.2,169.8,460,15314,2,1
7658,83,483.6,169.8,460,15316,2,1
7659,83,484.1,169.3,460,15318,2,1
7660,83,484.6,168.7,460,15320,2,1
7661,83,485,168,460,15322,2,1
7662,83,485.5,167.4,460,15324,2,1
7663,83,486,166.7,460,15326,2,1
7664,83,486.2,166.1,460,15328,2,1
7665,83,486.4,165.5,460,15330,2,1
7666,83,486.5,165.1,461,15332,2,1
7667,83,486.6,165.8,461,15334,2,1
7668,83,486.6,166.2,461,15336,2,1
7669,83,486.7,166.5,461,15338,2,1
7670,83,486.9,167,461,15340,2,1
7671,83,487,167.6,461,15342,2,1
7672,83,487.2,168.1,461,15344,2,1
7673,83,487.3,168.8,461,15346,2,1
7674,83,487.5,169.4,461,15348,2,1
7675,83,487.7,169.9,461,15350,2,1
7676,83,487.8,170.2,461,15352,2,1
7677,83,487.9,169.9,461,15354,2,1
7678,83,487.9,169.5,461,15356,2,1
7679,83,487.8,168.9,461,15358,2,1
7680,83,487.5,168.4,461,15360,2,1
7681,83,487.1,167.9,461,15362,2,1
7682,83,486.9,167.3,461,15364,2,1
7683,83,486.7,166.8,462,15366,2,1
7684,83,486.2,167.5,462,15368,2,1
7685,83,485.8,168.2,462,15370,2,1
7686,83,485.2,169,462,15372,2,1
7687,83,484.8,169.7,462,15374,2,1
7688,83,484.6,170.4,462,15376,2,1
7689,83,484.5,171,462,15378,2,1
7690,83,484.4,171.7,462,15380,2,1
7691,83,485.1,171.8,462,15382,2,1
7692,83,485.9,171.8,462,15384,2,1
7693,83,486.8,171.7,462,15386,2,1
7694,83,487.6,171.9,462,15388,2,1
7695,83,488.2,172.1,462,15390,2,1
7696,83,488.5,172.4,462,15392,2,1
7697,83,488.9,172.7,462,15394,2,1
7698,83,488.6,173,462,15396,2,1
7699,83,488.4,173.3,462,15398,2,1
7700,83,488.3,173.7,463,15400,2,1
7701,83,488.5,174.1,463,15402,2,1
7702,83,488.9,174.7,463,15404,2,1
7703,83,489.4,175.1,463,15406,2,1
7704,83,489.8,175.6,463,15408,2,1
7705,83,490.3,175.7,463,15410,2,1
7706,83,490.7,175.7,463,15412,2,1
7707,83,490.9,175.4,463,15414,2,1
7708,83,491,174.7,463,15416,2,1
7709,83,490.6,173.8,463,15418,2,1
7710,83,490.2,173,463,15420,2,1
7711,83,489.7,172.3,463,15422,2,1
7712,83,489.2,171.9,463,15424,2,1
7713,83,488.5,171.9,463,15426,2,1
7714,83,488,172.1,463,15428,2,1
7715,83,487.6,172.5,463,15430,2,1
7716,83,487.7,173,464,15432,2,1
7717,83,487.9,173.8,464,15434,2,1
7718,83,488.4,174.5,464,15436,2,1
7719,83,488.9,175.1,464,15438,2,1
7720,83,489.6,174.9,464,15440,2,1
7721,83,490.4,174.5,464,15442,2,1
7722,83,491.2,173.9,464,15444,2,1
7723,83,491.8,173,464,15446,2,1
7724,83,492.4,171.9,464,15448,2,1
7725,83,492.8,170.9,464,15450,2,1
7726,83,493,169.9,464,15452,2,1
7727,83,493,169.3,464,15454,2,1
7728,83,492.7,169,464,15456,2,1
7729,83,492.4,168.6,464,15458,2,1
7730,83,492.1,168.6,464,15460,2,1
7731,83,491.8,168.5,464,15462,2,1
7732,83,491.5,168.6,464,15464,2,1
7733,83,491.4,168.3,465,15466,2,1
7734,83,491.5,168,465,15468,2,1
7735,83,491.7,167.5,465,15470,2,1
7736,83,491.9,167.1,465,15472,2,1
7737,83,492.1,166.9,465,15474,2,1
7738,83,492.3,167.2,465,15476,2,1
7739,83,492.4,167.6,465,15478,2,1
7740,83,492.5,168.2,465,15480,2,1
7741,83,492.5,168.9,465,15482,2,1
7742,83,492.4,169.8,465,15484,2,1
7743,83,492.4,170.7,465,15486,2,1
7744,83,492.7,171.4,465,15488,2,1
7745,83,493,172,465,15490,2,1
7746,83,493.3,172.6,465,15492,2,1
7747,83,493.5,173,465,15494,2,1
7748,83,493.6,173.1,465,15496,2,1
7749,83,493.7,172.9,465,15498,2,1
7750,83,493.6,172.6,466,15500,2,1
7751,83,493.4,172.4,466,15502,2,1
7752,83,493.1,172.2,466,15504,2,1
7753,83,492.9,172.1,466,15506,2,1
7754,83,492.7,172.1,466,15508,2,1
7755,83,492.8,172.1,466,15510,2,1
7756,83,492.9,172.7,466,15512,2,1
7757,83,492.9,173.1,466,15514,2,1
7758,83,493,173.6,466,15516,2,1
7759,83,493.3,173.8,466,15518,2,1
7760,83,493.5,174,466,15520,2,1
7761,83,493.6,174.4,466,15522,2,1
7762,83,493.6,174.9,466,15524,2,1
7763,83,493.7,175.1,466,15526,2,1
7764,83,494,175.4,466,15528,2,1
7765,83,494.7,175.7,466,15530,2,1
7766,83,495.3,176.2,467,15532,2,1
7767,83,495.8,176.5,467,15534,2,1
7768,83,496.2,176.6,467,15536,2,1
7769,83,496.7,176.4,467,15538,2,1
7770,83,496.6,175.9,467,15540,2,1
7771,83,496.3,175.6,467,15542,2,1
7772,83,495.6,175.4,467,15544,2,1
7773,83,494.8,175.2,467,15546,2,1
7774,83,493.9,175.1,467,15548,2,1
7775,83,493.1,175,467,15550,2,1
7776,83,492.5,174.9,467,15552,2,1
7777,83,492.3,175,467,15554,2,1
7778,83,492.1,175.2,467,15556,2,1
7779,83,491.9,175.5,467,15558,2,1
7780,83,491.8,175.7,467,15560,2,1
7781,83,491.8,176,467,15562,2,1
7782,83,491.9,176.1,467,15564,2,1
7783,83,492.2,176,468,15566,2,1
7784,83,492.5,175.8,468,15568,2,1
7785,83,493,175.5,468,15570,2,1
7786,83,493.8,175.1,468,15572,2,1
7787,83,494.4,174.6,468,15574,2,1
7788,83,494.9,174.1,468,15576,2,1
7789,83,495.3,173.6,468,15578,2,1
7790,83,495.4,173.3,468,15580,2,1
7791,83,495.3,173,468,15582,2,1
7792,83,495.1,172.2,468,15584,2,1
7793,83,494.6,171.6,468,15586,2,1
7794,83,494.3,171.2,468,15588,2,1
7795,83,494,170.9,468,15590,2,1
7796,83,493.7,170.9,468,15592,2,1
7797,83,493.4,170.8,468,15594,2,1
7798,83,493.4,171.7,468,15596,2,1
7799,83,493.4,173.3,468,15598,2,1
7800,83,493.4,174.7,469,15600,2,1
7801,83,493.4,175.9,469,15602,2,1
7802,83,493.5,176.7,469,15604,2,1
7803,83,493.5,177.2,469,15606,2,1
7804,83,493.3,177.6,469,15608,2,1
7805,83,493.2,177.2,469,15610,2,1
7806,83,492.9,176.5,469,15612,2,1
7807,83,492.6,175.8,469,15614,2,1
7808,83,492.3,175.2,469,15616,2,1
7809,83,492,174.7,469,15618,2,1
7810,83,491.8,174.4,469,15620,2,1
7811,83,491.6,174.1,469,15622,2,1
7812,83,491.3,173.5,469,15624,2,1
7813,83,490.7,173.2,469,15626,2,1
7814,83,489,172.9,469,15628,2,1
7815,83,486,172.1,469,15630,2,1
7816,83,479.9,171,470,15632,2,1
7817,83,470.7,170,470,15634,2,1
7818,83,458.2,168.8,470,15636,2,1
7819,83,441.8,167.4,470,15638,2,1
7820,83,422.7,165.9,470,15640,2,1
7821,83,400,163.8,470,15642,2,1
7822,83,375.2,162.4,470,15644,2,1
7823,83,350.6,161.4,470,15646,2,1
7824,83,325.2,160.5,470,15648,2,1
7825,83,300.7,159.6,470,15650,2,1
7826,83,277.7,159.4,470,15652,2,1
7827,83,254,158.4,470,15654,2,1
7828,83,232.9,157.8,470,15656,2,1
7829,83,212.4,157.4,470,15658,2,1
7830,83,191.4,156.9,470,15660,2,1
7831,83,173.2,156.7,470,15662,2,1
7832,83,156.1,156.6,470,15664,2,1
7833,83,140.6,156.9,471,15666,2,1
7834,83,128.8,158.2,471,15668,2,1
7835,83,119.1,159.9,471,15670,2,1
7836,83,112.2,161.3,471,15672,2,1
7837,83,109.3,162.3,471,15674,2,1
7838,83,108.5,162.7,471,15676,2,1
7839,83,108.9,162.3,471,15678,2,1
7840,83,110.4,161.8,471,15680,2,1
7841,83,112,161.2,471,15682,2,1
7842,83,113,160.5,471,15684,2,1
7843,83,113.1,160.1,471,15686,2,1
7844,83,112,159.8,471,15688,2,1
7845,83,109.7,159.9,471,15690,2,1
7846,83,107.1,161,471,15692,2,1
7847,83,104.4,162.6,471,15694,2,1
7848,83,101.8,164.2,471,15696,2,1
7849,83,100.2,165.8,471,15698,2,1
7850,83,99.4,167.2,472,15700,2,1
7851,83,99.1,168.6,472,15702,2,1
7852,83,99.1,169.8,472,15704,2,1
7853,83,99.2,170.2,472,15706,2,1
7854,83,99.3,170,472,15708,2,1
7855,83,99.4,169.4,472,15710,2,1
7856,83,99.4,168.9,472,15712,2,1
7857,83,99.5,168.6,472,15714,2,1
7858,83,99.5,168.2,472,15716,2,1
7859,83,99.5,168.1,472,15718,2,1
7860,83,99.5,167.9,472,15720,2,1
7861,83,99.6,167.7,472,15722,2,1
7862,83,99.6,167.7,472,15724,2,1
7863,83,100,167.8,472,15726,2,1
7864,83,100.4,167.9,472,15728,2,1
7865,83,100.8,168,472,15730,2,1
7866,83,101.1,168,473,15732,2,1
7867,83,101.3,168,473,15734,2,1
7868,83,101.4,167.9,473,15736,2,1
7869,83,101.3,167.7,473,15738,2,1
7870,83,101.4,168.1,473,15740,2,1
7871,83,101.2,168.5,473,15742,2,1
7872,83,101,168.8,473,15744,2,1
7873,83,100.6,168.7,473,15746,2,1
7874,83,99.8,168.6,473,15748,2,1
7875,83,99.1,168.3,473,15750,2,1
7876,83,98.3,168,473,15752,2,1
7877,83,97.3,167.8,473,15754,2,1
7878,83,96.5,167.8,473,15756,2,1
7879,83,95.9,167.7,473,15758,2,1
7880,83,95.4,167.9,473,15760,2,1
7881,83,95.7,168,473,15762,2,1
7882,83,96.1,168.2,473,15764,2,1
7883,83,96.2,169,474,15766,2,1
7884,83,96.8,169.7,474,15768,2,1
7885,83,97.4,170.4,474,15770,2,1
7886,83,98,171.3,474,15772,2,1
7887,83,98.7,172.2,474,15774,2,1
7888,83,98.7,172.9,474,15776,2,1
7889,83,98.3,173.6,474,15778,2,1
7890,83,97.9,173.8,474,15780,2,1
7891,83,97.5,174,474,15782,2,1
7892,83,97.1,174.1,474,15784,2,1
7893,83,96.9,174.2,474,15786,2,1
7894,83,96.8,174.3,474,15788,2,1
7895,83,96.7,174.3,474,15790,2,1
7896,83,97,174.2,474,15792,2,1
7897,83,97.4,174.3,474,15794,2,1
7898,83,97.9,174.3,474,15796,2,1
7899,83,98,174.4,475,15798,2,1
7900,83,98,174.6,475,15800,2,1
7901,83,97.9,174.7,475,15802,2,1
7902,83,97.8,174.7,475,15804,2,1
7903,83,97.7,174.2,475,15806,2,1
7904,83,97.7,173.8,475,15808,2,1
7905,83,97.6,173.5,475,15810,2,1
7906,83,97.8,173.3,475,15812,2,1
7907,83,98,173.1,475,15814,2,1
7908,83,98.2,173,475,15816,2,1
7909,83,98.3,173,475,15818,2,1
7910,83,98.2,173.3,475,15820,2,1
7911,83,98,173.6,475,15822,2,1
7912,83,97.7,173.6,475,15824,2,1
7913,83,97.5,173.5,475,15826,2,1
7914,83,97.2,173.9,475,15828,2,1
7915,83,96.9,174.3,475,15830,2,1
7916,83,96.5,174.5,476,15832,2,1
7917,83,96.2,174.7,476,15834,2,1
7918,83,96.1,174.8,476,15836,2,1
7919,83,95.9,174.9,476,15838,2,1
7920,83,95.8,175.3,476,15840,2,1
7921,83,96,175.5,476,15842,2,1
7922,83,96.1,175.6,476,15844,2,1
7923,83,96.2,175.7,476,15846,2,1
7924,83,96.4,176,476,15848,2,1
7925,83,96.7,176,476,15850,2,1
7926,83,97,176,476,15852,2,1
7927,83,97.4,175.9,476,15854,2,1
7928,83,97.9,175.9,476,15856,2,1
7929,83,98.2,176.2,476,15858,2,1
7930,83,98.5,176.2,476,15860,2,1
7931,83,98.5,175.9,476,15862,2,1
7932,83,98.4,175.9,476,15864,2,1
7933,83,98,175.9,477,15866,2,1
7934,83,97.5,175.8,477,15868,2,1
7935,83,97.1,175.9,477,15870,2,1
7936,83,96.5,175.6,477,15872,2,1
7937,83,95.8,175.4,477,15874,2,1
7938,83,95,175.3,477,15876,2,1
7939,83,94.5,175.2,477,15878,2,1
7940,83,94,175.1,477,15880,2,1
7941,83,93.6,175.1,477,15882,2,1
7942,83,93.3,175.1,477,15884,2,1
7943,83,93.2,175.1,477,15886,2,1
7944,83,93.3,175.1,477,15888,2,1
7945,83,93.4,175,477,15890,2,1
7946,83,93.6,175,477,15892,2,1
7947,83,94,175,477,15894,2,1
7948,83,94.3,175,477,15896,2,1
7949,83,94.6,175.1,478,15898,2,1
7950,83,95,175.2,478,15900,2,1
7951,83,95.6,175.3,478,15902,2,1
7952,83,96.4,175.4,478,15904,2,1
7953,83,98.2,175.6,478,15906,2,1
7954,83,100.4,175.5,478,15908,2,1
7955,83,105.3,175.3,478,15910,2,1
7956,83,111.4,174.7,478,15912,2,1
7957,83,119.2,173.9,478,15914,2,1
7958,83,129,172.8,478,15916,2,1
7959,83,140.6,171.5,478,15918,2,1
7960,83,151.8,169.7,478,15920,2,1
7961,83,162.7,168.2,478,15922,2,1
7962,83,170.7,167,478,15924,2,1
7963,83,177.5,166.5,478,15926,2,1
7964,83,181.8,166.9,478,15928,2,1
7965,83,183.9,167.4,478,15930,2,1
7966,83,183.8,168.1,479,15932,2,1
7967,83,183,169.4,479,15934,2,1
7968,83,182,170.5,479,15936,2,1
7969,83,181.1,171.4,479,15938,2,1
7970,83,180.5,172,479,15940,2,1
7971,83,180.6,171.7,479,15942,2,1
7972,83,180.9,171.1,479,15944,2,1
7973,83,181.3,170.6,479,15946,2,1
7974,83,182.2,169.9,479,15948,2,1
7975,83,183,169.3,479,15950,2,1
7976,83,183.8,168.7,479,15952,2,1
7977,83,184.5,168.2,479,15954,2,1
7978,83,185,167.8,479,15956,2,1
7979,83,185.4,167.7,479,15958,2,1
7980,83,185.7,167.7,479,15960,2,1
7981,83,185.8,168.2,479,15962,2,1
7982,83,186,168.7,479,15964,2,1
7983,83,186.2,169.2,480,15966,2,1
7984,83,186.4,169.7,480,15968,2,1
7985,83,186.7,170.2,480,15970,2,1
7986,83,186.9,170.6,480,15972,2,1
7987,83,187,170.9,480,15974,2,1
7988,83,187.1,170.7,480,15976,2,1
7989,83,187.2,170.3,480,15978,2,1
7990,83,187.3,169.6,480,15980,2,1
7991,83,187.5,168.9,480,15982,2,1
7992,83,187.6,168.2,480,15984,2,1
7993,83,187.8,167.7,480,15986,2,1
7994,83,187.9,167.2,480,15988,2,1
7995,83,188,167.3,480,15990,2,1
7996,83,188.1,167.5,480,15992,2,1
7997,83,188.1,168.1,480,15994,2,1
7998,83,188.1,168.7,480,15996,2,1
7999,83,188.2,169.2,480,15998,2,1
8000,83,188.4,169.7,481,16000,2,1
8001,83,188.7,170.3,481,16002,2,1
8002,83,189,170.8,481,16004,2,1
8003,83,189.2,171.9,481,16006,2,1
8004,83,189.8,172.9,481,16008,2,1
8005,83,190.3,174.1,481,16010,2,1
8006,83,190.7,175.2,481,16012,2,1
8007,83,191,176,481,16014,2,1
8008,83,191.3,176.3,481,16016,2,1
8009,83,191.6,176.1,481,16018,2,1
8010,83,191.9,175.4,481,16020,2,1
8011,83,191.9,174.8,481,16022,2,1
8012,83,191.9,174.2,481,16024,2,1
8013,83,191.9,174,481,16026,2,1
8014,83,191.7,173.8,481,16028,2,1
8015,83,191.5,174.3,481,16030,2,1
8016,83,191.2,174.9,482,16032,2,1
8017,83,191,175.6,482,16034,2,1
8018,83,190.8,176.2,482,16036,2,1
8019,83,190.6,176.7,482,16038,2,1
8020,83,190.6,176.6,482,16040,2,1
8021,83,190.7,176.3,482,16042,2,1
8022,83,192,175.9,482,16044,2,1
8023,83,194.9,175.7,482,16046,2,1
8024,83,199.4,175.5,482,16048,2,1
8025,83,207,175.5,482,16050,2,1
8026,83,216.4,175,482,16052,2,1
8027,83,228.4,174.6,482,16054,2,1
8028,83,245.3,174.3,482,16056,2,1
8029,83,263.7,173.7,482,16058,2,1
8030,83,282.6,172.7,482,16060,2,1
8031,83,302.2,171.7,482,16062,2,1
8032,83,321,170.5,482,16064,2,1
8033,83,338.7,169.5,483,16066,2,1
8034,83,353.9,168.6,483,16068,2,1
8035,83,364.1,168.8,483,16070,2,1
8036,83,371.7,168.9,483,16072,2,1
8037,83,377.1,168.8,483,16074,2,1
8038,83,380.2,169,483,16076,2,1
8039,83,381,169.4,483,16078,2,1
8040,83,381.1,169.8,483,16080,2,1
8041,83,380.8,170.4,483,16082,2,1
8042,83,380.6,169.9,483,16084,2,1
8043,83,380.6,169.5,483,16086,2,1
8044,83,380.7,168.9,483,16088,2,1
8045,83,381,168.2,483,16090,2,1
8046,83,381.4,167.6,483,16092,2,1
8047,83,382,167,483,16094,2,1
8048,83,383.5,166.5,483,16096,2,1
8049,83,385,166.1,484,16098,2,1
8050,83,386.3,165.9,484,16100,2,1
8051,83,387.3,165.8,484,16102,2,1
8052,83,388,165.6,484,16104,2,1
8053,83,388.6,165.1,484,16106,2,1
8054,83,389.2,164.5,484,16108,2,1
8055,83,389.4,164.1,484,16110,2,1
8056,83,389.6,163.8,484,16112,2,1
8057,83,390,163.6,484,16114,2,1
8058,83,390.3,163.5,484,16116,2,1
8059,83,390.8,163.4,484,16118,2,1
8060,83,391,163.5,484,16120,2,1
8061,83,391,163.5,484,16122,2,1
8062,83,390.5,163.4,484,16124,2,1
8063,83,389.8,162.8,484,16126,2,1
8064,83,389,161.6,484,16128,2,1
8065,83,388.4,160.7,484,16130,2,1
8066,83,387.9,160,485,16132,2,1
8067,83,387.5,159.4,485,16134,2,1
8068,83,387.2,158.7,485,16136,2,1
8069,83,387,158.3,485,16138,2,1
8070,83,387.1,158,485,16140,2,1
8071,83,387,157.9,485,16142,2,1
8072,83,388,157.4,485,16144,2,1
8073,83,389,156.8,485,16146,2,1
8074,83,390,156.9,485,16148,2,1
8075,83,391,157.5,485,16150,2,1
8076,83,391.9,158.1,485,16152,2,1
8077,83,392.6,158.7,485,16154,2,1
8078,83,393.2,158.9,485,16156,2,1
8079,83,392.7,158.7,485,16158,2,1
8080,83,392.3,158.6,485,16160,2,1
8081,83,391.9,158,485,16162,2,1
8082,83,391.7,157.3,485,16164,2,1
8083,83,391.6,156.6,486,16166,2,1
8084,83,391.7,156.2,486,16168,2,1
8085,83,391.7,155.7,486,16170,2,1
8086,83,391.7,155.1,486,16172,2,1
8087,83,391.5,154.6,486,16174,2,1
8088,83,391.5,154.5,486,16176,2,1
8089,83,391.5,154.6,486,16178,2,1
8090,83,391.1,154.7,486,16180,2,1
8091,83,390.7,154.8,486,16182,2,1
8092,83,390.5,155,486,16184,2,1
8093,83,390.2,154.9,486,16186,2,1
8094,83,390.2,154.9,486,16188,2,1
8095,83,390.3,154.9,486,16190,2,1
8096,83,390.5,155,486,16192,2,1
8097,83,391.5,155,486,16194,2,1
8098,83,392.2,154.5,486,16196,2,1
8099,83,392.9,153.8,486,16198,2,1
8100,83,393.6,153.2,487,16200,2,1
8101,83,394.1,152.7,487,16202,2,1
8102,83,394.3,152.5,487,16204,2,1
8103,83,394.4,152.2,487,16206,2,1
8104,83,394.1,151.8,487,16208,2,1
8105,83,393.8,151.4,487,16210,2,1
8106,83,393.6,151.5,487,16212,2,1
8107,83,393.6,151.5,487,16214,2,1
8108,83,393.6,151.6,487,16216,2,1
8109,83,393.8,151.5,487,16218,2,1
8110,83,394,151.4,487,16220,2,1
8111,83,394.1,151.7,487,16222,2,1
8112,83,394,151.9,487,16224,2,1
8113,83,393.9,152,487,16226,2,1
8114,83,393.6,152,487,16228,2,1
8115,83,393.2,151.8,487,16230,2,1
8116,83,392.9,151.5,488,16232,2,1
8117,83,392.7,151.1,488,16234,2,1
8118,83,392.7,150.9,488,16236,2,1
8119,83,392.6,150.6,488,16238,2,1
8120,83,392.6,150.5,488,16240,2,1
8121,83,392.7,150.4,488,16242,2,1
8122,83,392.8,150.2,488,16244,2,1
8123,83,393,150.2,488,16246,2,1
8124,83,393.3,150.8,488,16248,2,1
8125,83,393.6,151.2,488,16250,2,1
8126,83,394,151.7,488,16252,2,1
8127,83,394.3,152.3,488,16254,2,1
8128,83,394.6,152.9,488,16256,2,1
8129,83,394.8,153.3,488,16258,2,1
8130,83,394.7,153.7,488,16260,2,1
8131,83,394.6,153.6,488,16262,2,1
8132,83,394.4,153.8,488,16264,2,1
8133,83,394.4,153.9,489,16266,2,1
8134,83,394.4,154,489,16268,2,1
8135,83,394.9,154.2,489,16270,2,1
8136,83,395.5,154.3,489,16272,2,1
8137,83,396.2,154.4,489,16274,2,1
8138,83,397.2,154.3,489,16276,2,1
8139,83,398,154,489,16278,2,1
8140,83,398.8,153.8,489,16280,2,1
8141,83,399.6,153.8,489,16282,2,1
8142,83,399.9,153.8,489,16284,2,1
8143,83,400.2,154.1,489,16286,2,1
8144,83,400.3,154.3,489,16288,2,1
8145,83,400.3,154.5,489,16290,2,1
8146,83,400.3,154.7,489,16292,2,1
8147,83,400.4,154.8,489,16294,2,1
8148,83,400.5,154.9,489,16296,2,1
8149,83,400.7,155.1,490,16298,2,1
8150,83,400.9,155.2,490,16300,2,1
8151,83,401.1,155.3,490,16302,2,1
8152,83,401.3,155.4,490,16304,2,1
8153,83,401.4,155.5,490,16306,2,1
8154,83,401.5,155.6,490,16308,2,1
8155,83,401.5,155.5,490,16310,2,1
8156,83,401.5,155.6,490,16312,2,1
8157,83,401.6,155.5,490,16314,2,1
8158,83,402.5,156.1,490,16316,2,1
8159,83,403.5,156.8,490,16318,2,1
8160,83,406.6,157.7,490,16320,2,1
8161,83,411,158.6,490,16322,2,1
8162,83,416.5,160,490,16324,2,1
8163,83,423.2,161.6,490,16326,2,1
8164,83,430.8,164.3,490,16328,2,1
8165,83,438.1,166.3,490,16330,2,1
8166,83,445.4,167.8,491,16332,2,1
8167,83,450.6,169.2,491,16334,2,1
8168,83,454.4,170.6,491,16336,2,1
8169,83,456.8,171.6,491,16338,2,1
8170,83,457.2,172.6,491,16340,2,1
8171,83,456.6,172.5,491,16342,2,1
8172,83,455.2,172.4,491,16344,2,1
8173,83,453.8,172.4,491,16346,2,1
8174,83,452.5,172.7,491,16348,2,1
8175,83,451.5,172.8,491,16350,2,1
8176,83,450.7,172.9,491,16352,2,1
8177,83,450.8,173,491,16354,2,1
8178,83,451.2,173.1,491,16356,2,1
8179,83,451.6,173,491,16358,2,1
8180,83,452,172.9,491,16360,2,1
8181,83,452.5,173,491,16362,2,1
8182,83,452.8,173.1,491,16364,2,1
8183,83,453.1,173,492,16366,2,1
8184,83,453.8,173.1,492,16368,2,1
8185,83,454.1,173.1,492,16370,2,1
8186,83,454.4,173.3,492,16372,2,1
8187,83,453.9,173.3,492,16374,2,1
8188,83,453.4,173.1,492,16376,2,1
8189,83,452.9,173,492,16378,2,1
8190,83,452.4,172.7,492,16380,2,1
8191,83,451.5,172.4,492,16382,2,1
8192,83,450.8,172.3,492,16384,2,1
8193,83,450.2,172.1,492,16386,2,1
8194,83,450.3,171.8,492,16388,2,1
8195,83,450.4,171.6,492,16390,2,1
8196,83,450.4,171.3,492,16392,2,1
8197,83,450.5,171.2,492,16394,2,1
8198,83,451.1,171.2,492,16396,2,1
8199,83,451.6,171.2,493,16398,2,1
8200,83,452.2,171.3,493,16400,2,1
8201,83,452.8,171.5,493,16402,2,1
8202,83,453.4,171.7,493,16404,2,1
8203,83,454.1,171.9,493,16406,2,1
8204,83,455,172.1,493,16408,2,1
8205,83,455.3,172.1,493,16410,2,1
8206,83,455.7,172.2,493,16412,2,1
8207,83,456,172.2,493,16414,2,1
8208,83,456.3,172.3,493,16416,2,1
8209,83,456.4,172.8,493,16418,2,1
8210,83,456.7,173.4,493,16420,2,1
8211,83,456.7,173.9,493,16422,2,1
8212,83,456.8,174.4,493,16424,2,1
8213,83,457,175.1,493,16426,2,1
8214,83,457.2,175.4,493,16428,2,1
8215,83,457.4,175.6,493,16430,2,1
8216,83,457.6,175.2,494,16432,2,1
8217,83,457.7,174.5,494,16434,2,1
8218,83,457.7,173.8,494,16436,2,1
8219,83,457.7,173.2,494,16438,2,1
8220,83,457.6,173,494,16440,2,1
8221,83,457.5,172.9,494,16442,2,1
8222,83,457.4,173,494,16444,2,1
8223,83,457.1,173.1,494,16446,2,1
8224,83,456.8,173.5,494,16448,2,1
8225,83,456.5,173.9,494,16450,2,1
8226,83,456.2,174.1,494,16452,2,1
8227,83,455.9,174.1,494,16454,2,1
8228,83,455.6,173.9,494,16456,2,1
8229,83,455.5,173.9,494,16458,2,1
8230,83,455.5,173.8,494,16460,2,1
8231,83,455.6,173.7,494,16462,2,1
8232,83,455.8,173.7,494,16464,2,1
8233,83,456.1,173.6,495,16466,2,1
8234,83,456.7,173.4,495,16468,2,1
8235,83,457.4,173.3,495,16470,2,1
8236,83,458.1,173.1,495,16472,2,1
8237,83,459,172.6,495,16474,2,1
8238,83,460,172.3,495,16476,2,1
8239,83,461,171.8,495,16478,2,1
8240,83,461.7,171.3,495,16480,2,1
8241,83,461.8,170.9,495,16482,2,1
8242,83,461.9,170.4,495,16484,2,1
8243,83,461.8,170,495,16486,2,1
8244,83,461.5,170.1,495,16488,2,1
8245,83,461,170.1,495,16490,2,1
8246,83,460.4,170,495,16492,2,1
8247,83,460,170.2,495,16494,2,1
8248,83,459.8,170.2,495,16496,2,1
8249,83,459.9,170.2,496,16498,2,1
8250,83,460,170.3,496,16500,2,1
8251,83,460.2,170.5,496,16502,2,1
8252,83,460.5,170.5,496,16504,2,1
8253,83,460.7,170.7,496,16506,2,1
8254,83,460.9,170.8,496,16508,2,1
8255,83,461.1,170.8,496,16510,2,1
8256,83,461.2,170.7,496,16512,2,1
8257,83,461.4,170.7,496,16514,2,1
8258,83,461.6,170.9,496,16516,2,1
8259,83,461.8,171.2,496,16518,2,1
8260,83,461.8,171.3,496,16520,2,1
8261,83,461.8,171.4,496,16522,2,1
8262,83,461.7,171.5,496,16524,2,1
8263,83,461.6,171.7,496,16526,2,1
8264,83,461.5,171.7,496,16528,2,1
8265,83,461.5,171.4,496,16530,2,1
8266,83,461.4,171,497,16532,2,1
8267,83,461.5,170.7,497,16534,2,1
8268,83,461.6,170.7,497,16536,2,1
8269,83,461.7,170.4,497,16538,2,1
8270,83,461.8,170.1,497,16540,2,1
8271,83,461.7,169.9,497,16542,2,1
8272,83,461.6,169.8,497,16544,2,1
8273,83,461.6,169.7,497,16546,2,1
8274,83,461.6,169.6,497,16548,2,1
8275,83,461.6,169.3,497,16550,2,1
8276,83,461.6,168.9,497,16552,2,1
8277,83,461.6,168.6,497,16554,2,1
8278,83,461.5,168.4,497,16556,2,1
8279,83,461.5,168.1,497,16558,2,1
8280,83,461.6,168,497,16560,2,1
8281,83,462.2,167.9,497,16562,2,1
8282,83,463.6,168.9,497,16564,2,1
8283,83,465.9,169.9,498,16566,2,1
8284,83,471.3,172.5,498,16568,2,1
8285,83,479.1,175.8,498,16570,2,1
8286,83,490.5,181.8,498,16572,2,1
8287,83,506.4,193,498,16574,2,1
8288,83,524.8,207.9,498,16576,2,1
8289,83,546.7,226.1,498,16578,2,1
8290,83,571.6,247.4,498,16580,2,1
8291,83,596.5,270.8,498,16582,2,1
8292,83,621.9,296.5,498,16584,2,1
8293,83,646,323,498,16586,2,1
8294,83,667.1,347.5,498,16588,2,1
8295,83,687.7,370.3,498,16590,2,1
8296,83,705.8,391.7,498,16592,2,1
8297,83,721.9,412,498,16594,2,1
8298,83,737.3,430.6,498,16596,2,1
8299,83,751.7,447.6,499,16598,2,1
8300,83,765.4,462.9,499,16600,2,1
8301,83,780.4,476.8,499,16602,2,1
8302,83,793.3,488.9,499,16604,2,1
8303,83,805.1,497.8,499,16606,2,1
8304,83,814.8,504.6,499,16608,2,1
8305,83,822.2,508.3,499,16610,2,1
8306,83,827.4,509.6,499,16612,2,1
8307,83,830.9,509.2,499,16614,2,1
8308,83,831.1,507.3,499,16616,2,1
8309,83,831.1,505.7,499,16618,2,1
8310,83,830.4,504.1,499,16620,2,1
8311,83,829.8,505.5,499,16622,2,1
8312,83,829.6,507.7,499,16624,2,1
8313,83,830.6,510.8,499,16626,2,1
8314,83,831.7,514,499,16628,2,1
8315,83,832.9,517.1,499,16630,2,1
8316,83,834.2,519.8,500,16632,2,1
8317,83,835.4,522.4,500,16634,2,1
8318,83,836.5,522.1,500,16636,2,1
8319,83,837.5,521.1,500,16638,2,1
8320,83,837.5,520.2,500,16640,2,1
8321,83,837.5,519.3,500,16642,2,1
8322,83,837.4,518.3,500,16644,2,1
8323,83,837.4,517.2,500,16646,2,1
8324,83,837.4,516.2,500,16648,2,1
8325,83,837.2,515.6,500,16650,2,1
8326,83,837,515.6,500,16652,2,1
8327,83,836.7,515.7,500,16654,2,1
8328,83,836.5,515.9,500,16656,2,1
8329,83,836.5,516.1,500,16658,2,1
8330,83,836.4,516.7,500,16660,2,1
8331,83,836.4,517.1,500,16662,2,1
8332,83,836.6,517.3,500,16664,2,1
8333,83,836.7,517.6,501,16666,2,1
8334,83,836.8,518,501,16668,2,1
8335,83,836.9,518.4,501,16670,2,1
8336,83,836.9,518.8,501,16672,2,1
8337,83,836.8,519.2,501,16674,2,1
8338,83,836.2,519.7,501,16676,2,1
8339,83,835.3,520.3,501,16678,2,1
8340,83,834.6,520.8,501,16680,2,1
8341,83,834.1,521.4,501,16682,2,1
8342,83,834.2,521.8,501,16684,2,1
8343,83,834.3,522.2,501,16686,2,1
8344,83,834.3,522.5,501,16688,2,1
8345,83,834.7,522.5,501,16690,2,1
8346,83,835.6,522.5,501,16692,2,1
8347,83,836.2,522.5,501,16694,2,1
8348,83,836.6,522.4,501,16696,2,1
8349,83,836.3,522.3,502,16698,2,1
8350,83,836.1,522.3,502,16700,2,1
8351,83,835.8,522.3,502,16702,2,1
8352,83,835.5,522.5,502,16704,2,1
8353,83,835,522.7,502,16706,2,1
8354,83,834.6,522.9,502,16708,2,1
8355,83,834.2,523,502,16710,2,1
8356,83,833.9,523.2,502,16712,2,1
8357,83,833.4,523.5,502,16714,2,1
8358,83,833.2,523.8,502,16716,2,1
8359,83,832.9,524,502,16718,2,1
8360,83,832.9,524,502,16720,2,1
8361,83,833,524,502,16722,2,1
8362,83,833.2,524.1,502,16724,2,1
8363,83,833.5,523.9,502,16726,2,1
8364,83,834,523.6,502,16728,2,1
8365,83,834.5,523.3,502,16730,2,1
8366,83,835,523,503,16732,2,1
8367,83,835.4,522.7,503,16734,2,1
8368,83,835.8,522.4,503,16736,2,1
8369,83,836,522,503,16738,2,1
8370,83,836.2,521.9,503,16740,2,1
8371,83,836.1,521.9,503,16742,2,1
8372,83,835.9,522.1,503,16744,2,1
8373,83,835.8,522.6,503,16746,2,1
8374,83,835.8,523,503,16748,2,1
8375,83,835.7,523.4,503,16750,2,1
8376,83,835.8,523.8,503,16752,2,1
8377,83,835.9,524.1,503,16754,2,1
8378,83,836,524.6,503,16756,2,1
8379,83,836.1,525,503,16758,2,1
8380,83,836.2,525.1,503,16760,2,1
8381,83,836.2,524.8,503,16762,2,1
8382,83,836.3,524.4,503,16764,2,1
8383,83,836.4,524.1,504,16766,2,1
8384,83,836.4,524,504,16768,2,1
8385,83,836.3,523.8,504,16770,2,1
8386,83,836.3,523.6,504,16772,2,1
8387,83,836.5,523.3,504,16774,2,1
8388,83,836.7,523.4,504,16776,2,1
8389,83,836.8,523.6,504,16778,2,1
8390,83,836.9,523.8,504,16780,2,1
8391,83,837,524,504,16782,2,1
8392,83,837.2,524.1,504,16784,2,1
8393,83,837.3,524.2,504,16786,2,1
8394,83,837.4,524.3,504,16788,2,1
8395,83,837.3,524.4,504,16790,2,1
8396,83,837.2,524.5,504,16792,2,1
8397,83,836.7,524.6,504,16794,2,1
8398,83,836.2,524.8,504,16796,2,1
8399,83,835.8,525,505,16798,2,1
8400,83,835.4,525,505,16800,2,1
8401,83,835.3,525,505,16802,2,1
8402,83,835.3,525,505,16804,2,1
8403,83,835.4,525.3,505,16806,2,1
8404,83,835.7,525.6,505,16808,2,1
8405,83,836.1,526,505,16810,2,1
8406,83,836.5,526.3,505,16812,2,1
8407,83,836.8,526.8,505,16814,2,1
8408,83,837,527.1,505,16816,2,1
8409,83,837.2,527.1,505,16818,2,1
8410,83,837.5,526.4,505,16820,2,1
8411,83,837.7,525.6,505,16822,2,1
8412,83,837.7,524.5,505,16824,2,1
8413,83,837.7,523.6,505,16826,2,1
8414,83,837.7,522.8,505,16828,2,1
8415,83,837.5,523.2,505,16830,2,1
8416,83,837.4,523.8,506,16832,2,1
8417,83,837.7,524.9,506,16834,2,1
8418,83,838.1,525.9,506,16836,2,1
8419,83,838.7,527.3,506,16838,2,1
8420,83,838.5,528.5,506,16840,2,1
8421,83,838.1,529.4,506,16842,2,1
8422,83,837.7,529.4,506,16844,2,1
8423,83,837.1,528.8,506,16846,2,1
8424,83,836,528.4,506,16848,2,1
8425,83,834.8,527.9,506,16850,2,1
8426,83,833.5,527.5,506,16852,2,1
8427,83,833.1,527.1,506,16854,2,1
8428,83,833,526.6,506,16856,2,1
8429,83,833,526.1,506,16858,2,1
8430,83,833.6,526.1,506,16860,2,1
8431,83,834.2,525.9,506,16862,2,1
8432,83,834.9,525.8,506,16864,2,1
8433,83,835.5,525.6,507,16866,2,1
8434,83,836,525.4,507,16868,2,1
8435,83,836.3,525.2,507,16870,2,1
8436,83,836.4,525,507,16872,2,1
8437,83,835.9,524.9,507,16874,2,1
8438,83,835.5,524.9,507,16876,2,1
8439,83,835.1,524.9,507,16878,2,1
8440,83,834.7,525,507,16880,2,1
8441,83,834.5,525.3,507,16882,2,1
8442,83,834.2,525.6,507,16884,2,1
8443,83,834,526,507,16886,2,1
8444,83,833.7,526.3,507,16888,2,1
8445,83,833.2,526.6,507,16890,2,1
8446,83,832.6,527.1,507,16892,2,1
8447,83,832,527.5,507,16894,2,1
8448,83,831.5,527.9,507,16896,2,1
8449,83,831.7,528.2,508,16898,2,1
8450,83,832,528.5,508,16900,2,1
8451,83,832.2,528.7,508,16902,2,1
8452,83,832.4,528.7,508,16904,2,1
8453,83,832.5,528.6,508,16906,2,1
8454,83,832.7,528.3,508,16908,2,1
8455,83,831.2,527.3,508,16910,2,1
8456,83,827.1,525,508,16912,2,1
8457,83,821,521.4,508,16914,2,1
8458,83,812.7,517.1,508,16916,2,1
8459,83,801.9,510.3,508,16918,2,1
8460,83,789.6,502.1,508,16920,2,1
8461,83,774.2,491.5,508,16922,2,1
8462,83,759,480.8,508,16924,2,1
8463,83,743.9,470.1,508,16926,2,1
8464,83,727.6,460.4,508,16928,2,1
8465,83,713,450.4,508,16930,2,1
8466,83,698.6,442.2,509,16932,2,1
8467,83,684.9,434.4,509,16934,2,1
8468,83,672,429.2,509,16936,2,1
8469,83,659,424.7,509,16938,2,1
8470,83,646.6,421.6,509,16940,2,1
8471,83,637.6,419.3,509,16942,2,1
8472,83,629,418,509,16944,2,1
8473,83,622.9,417.6,509,16946,2,1
8474,83,618.2,418.3,509,16948,2,1
8475,83,616.3,418.9,509,16950,2,1
8476,83,615.7,419.4,509,16952,2,1
8477,83,616.4,419.9,509,16954,2,1
8478,83,617.2,420.1,509,16956,2,1
8479,83,618,420.3,509,16958,2,1
8480,83,618.9,419.8,509,16960,2,1
8481,83,619.2,419.4,509,16962,2,1
8482,83,618.7,418.9,509,16964,2,1
8483,83,618.2,418.4,510,16966,2,1
8484,83,617.8,417.9,510,16968,2,1
8485,83,617.5,417.4,510,16970,2,1
8486,83,617.1,416.7,510,16972,2,1
8487,83,616.7,416.8,510,16974,2,1
8488,83,616.3,416.8,510,16976,2,1
8489,83,616.5,417.1,510,16978,2,1
8490,83,616.8,417.3,510,16980,2,1
8491,83,616.9,417.3,510,16982,2,1
8492,83,616.8,417.4,510,16984,2,1
8493,83,616.6,417.5,510,16986,2,1
8494,83,616.4,417.6,510,16988,2,1
8495,83,615.7,417.8,510,16990,2,1
8496,83,615,417.8,510,16992,2,1
8497,83,614.2,418.4,510,16994,2,1
8498,83,613.5,419.2,510,16996,2,1
8499,83,612.9,419.9,511,16998,2,1
8500,83,612.5,420.1,511,17000,2,1
8501,83,612.2,420.3,511,17002,2,1
8502,83,612.6,420.2,511,17004,2,1
8503,83,612.9,420,511,17006,2,1
8504,83,613.7,419.5,511,17008,2,1
8505,83,614.5,419,511,17010,2,1
8506,83,615.4,418.3,511,17012,2,1
8507,83,616.2,418.4,511,17014,2,1
8508,83,616.9,418.6,511,17016,2,1
8509,83,617.4,418.9,511,17018,2,1
8510,83,617.9,419.1,511,17020,2,1
8511,83,618,419.4,511,17022,2,1
8512,83,618,419.6,511,17024,2,1
8513,83,618,419.9,511,17026,2,1
8514,83,617.5,420,511,17028,2,1
8515,83,617,420,511,17030,2,1
8516,83,616.5,419.9,512,17032,2,1
8517,83,616,419.8,512,17034,2,1
8518,83,615.4,419.7,512,17036,2,1
8519,83,614.9,419.6,512,17038,2,1
8520,83,614.4,419.7,512,17040,2,1
8521,83,614.3,419.8,512,17042,2,1
8522,83,614.1,420,512,17044,2,1
8523,83,613.8,420.2,512,17046,2,1
8524,83,613.5,420.4,512,17048,2,1
8525,83,613.4,420.5,512,17050,2,1
8526,83,613.4,420.4,512,17052,2,1
8527,83,613.4,420.3,512,17054,2,1
8528,83,613.4,420,512,17056,2,1
8529,83,613.6,419.8,512,17058,2,1
8530,83,613.8,419.6,512,17060,2,1
8531,83,613.9,419.5,512,17062,2,1
8532,83,613.9,419.5,512,17064,2,1
8533,83,613.8,419.6,513,17066,2,1
8534,83,613.7,419.8,513,17068,2,1
8535,83,613.4,420.4,513,17070,2,1
8536,83,613,420.9,513,17072,2,1
8537,83,612.6,421.4,513,17074,2,1
8538,83,612.3,422,513,17076,2,1
8539,83,612.1,422.4,513,17078,2,1
8540,83,612.2,422.3,513,17080,2,1
8541,83,612.5,422,513,17082,2,1
8542,83,612.9,421.2,513,17084,2,1
8543,83,613.7,420.2,513,17086,2,1
8544,83,614.6,419.3,513,17088,2,1
8545,83,615.5,418.5,513,17090,2,1
8546,83,616.3,418.4,513,17092,2,1
8547,83,616.8,418.8,513,17094,2,1
8548,83,617.1,419.1,513,17096,2,1
8549,83,617,419.6,514,17098,2,1
8550,83,616.6,420.1,514,17100,2,1
8551,83,616.2,420.6,514,17102,2,1
8552,83,615.8,421,514,17104,2,1
8553,83,615.3,420.7,514,17106,2,1
8554,83,614.9,420.3,514,17108,2,1
8555,83,614.5,420,514,17110,2,1
8556,83,614.3,419.7,514,17112,2,1
8557,83,614.2,419.5,514,17114,2,1
8558,83,614.2,419.3,514,17116,2,1
8559,83,614.2,419.1,514,17118,2,1
8560,83,614.1,419.4,514,17120,2,1
8561,83,614.1,419.8,514,17122,2,1
8562,83,614.2,420.1,514,17124,2,1
8563,83,614.6,420.3,514,17126,2,1
8564,83,614.9,420.4,514,17128,2,1
8565,83,615.1,420.4,514,17130,2,1
8566,83,615.2,420.4,515,17132,2,1
8567,83,615.3,420.3,515,17134,2,1
8568,83,614.6,420.1,515,17136,2,1
8569,83,613.9,419.9,515,17138,2,1
8570,83,613,419.8,515,17140,2,1
8571,83,612.2,420,515,17142,2,1
8572,83,611.4,420.1,515,17144,2,1
8573,83,610.9,420.4,515,17146,2,1
8574,83,610.8,420.7,515,17148,2,1
8575,83,611.4,421.2,515,17150,2,1
8576,83,612,421.5,515,17152,2,1
8577,83,612.6,421.6,515,17154,2,1
8578,83,613.5,421.6,515,17156,2,1
8579,83,614.3,421.6,515,17158,2,1
8580,83,615,421.7,515,17160,2,1
8581,83,615.3,422.1,515,17162,2,1
8582,83,615.6,422.2,515,17164,2,1
8583,83,615.8,422.2,516,17166,2,1
8584,83,616.1,421.9,516,17168,2,1
8585,83,616.1,421.9,516,17170,2,1
8586,83,616.1,422,516,17172,2,1
8587,83,616.1,422,516,17174,2,1
8588,83,616,421.9,516,17176,2,1
8589,83,615.9,421.8,516,17178,2,1
8590,83,615.9,421.7,516,17180,2,1
8591,83,615.8,421.8,516,17182,2,1
8592,83,615.8,421.9,516,17184,2,1
8593,83,615.8,421.9,516,17186,2,1
8594,83,615.7,422.1,516,17188,2,1
8595,83,615.6,422.3,516,17190,2,1
8596,83,615.5,422.6,516,17192,2,1
8597,83,615.3,422.9,516,17194,2,1
8598,83,615.1,423.2,516,17196,2,1
8599,83,615,423.4,517,17198,2,1
8600,83,614.7,423.6,517,17200,2,1
8601,83,614.5,423.7,517,17202,2,1
8602,83,614.3,423.9,517,17204,2,1
8603,83,614.2,423.9,517,17206,2,1
8604,83,614.2,423.7,517,17208,2,1
8605,83,614,423.4,517,17210,2,1
8606,83,613.8,423.1,517,17212,2,1
8607,83,613.6,423,517,17214,2,1
8608,83,613.5,423,517,17216,2,1
8609,83,613.5,423.2,517,17218,2,1
8610,83,613.8,423.4,517,17220,2,1
8611,83,614.1,423.8,517,17222,2,1
8612,83,614.6,424.1,517,17224,2,1
8613,83,615.1,424.6,517,17226,2,1
8614,83,615.6,424.8,517,17228,2,1
8615,83,616,424.9,517,17230,2,1
8616,83,616.4,424.7,518,17232,2,1
8617,83,616.4,424.5,518,17234,2,1
8618,83,616.3,424.2,518,17236,2,1
8619,83,616.2,423.9,518,17238,2,1
8620,83,616.1,423.5,518,17240,2,1
8621,83,615.9,423.4,518,17242,2,1
8622,83,615.8,423.4,518,17244,2,1
8623,83,615.8,423.4,518,17246,2,1
8624,83,615.7,423.3,518,17248,2,1
8625,83,615.5,423.3,518,17250,2,1
8626,83,615.3,423.3,518,17252,2,1
8627,83,615.2,423.3,518,17254,2,1
8628,83,615,423.4,518,17256,2,1
8629,83,614.9,423.7,518,17258,2,1
8630,83,614.9,423.9,518,17260,2,1
8631,83,614.8,424.2,518,17262,2,1
8632,83,614.8,424.6,518,17264,2,1
8633,83,614.6,424.9,519,17266,2,1
8634,83,614.4,425.7,519,17268,2,1
8635,83,614.1,426.5,519,17270,2,1
8636,83,613.9,427.1,519,17272,2,1
8637,83,613.7,427.7,519,17274,2,1
8638,83,613.6,428,519,17276,2,1
8639,83,613.7,428.2,519,17278,2,1
8640,83,614,428.5,519,17280,2,1
8641,83,614.5,428.5,519,17282,2,1
8642,83,615.3,428.4,519,17284,2,1
8643,83,616.3,428.7,519,17286,2,1
8644,83,617.5,428.9,519,17288,2,1
8645,83,620.6,428.9,519,17290,2,1
8646,83,626,428.7,519,17292,2,1
8647,83,632.9,428.3,519,17294,2,1
8648,83,642.1,427.4,519,17296,2,1
8649,83,653,426.5,520,17298,2,1
8650,83,665.7,425.5,520,17300,2,1
8651,83,679.8,425.2,520,17302,2,1
8652,83,694.1,424.8,520,17304,2,1
8653,83,706.3,425.6,520,17306,2,1
8654,83,717.8,426.4,520,17308,2,1
8655,83,727.7,427.7,520,17310,2,1
8656,83,735.7,429.2,520,17312,2,1
8657,83,742,431.3,520,17314,2,1
8658,83,746.9,432.7,520,17316,2,1
8659,83,749.6,434,520,17318,2,1
8660,83,752,434.3,520,17320,2,1
8661,83,753.7,434.7,520,17322,2,1
8662,83,754.4,434.9,520,17324,2,1
8663,83,754.9,435,520,17326,2,1
8664,83,755,434.7,520,17328,2,1
8665,83,755.1,435.1,520,17330,2,1
8666,83,755,435.6,521,17332,2,1
8667,83,754.9,436.4,521,17334,2,1
8668,83,754.9,437.2,521,17336,2,1
8669,83,754.9,438.2,521,17338,2,1
8670,83,755,438.9,521,17340,2,1
8671,83,755.1,439.5,521,17342,2,1
8672,83,755.3,439.3,521,17344,2,1
8673,83,755.5,439.1,521,17346,2,1
8674,83,755.6,438.8,521,17348,2,1
8675,83,755.5,438.4,521,17350,2,1
8676,83,755.6,438.1,521,17352,2,1
8677,83,755.6,437.7,521,17354,2,1
8678,83,755.6,437.3,521,17356,2,1
8679,83,755.5,437.3,521,17358,2,1
8680,83,755.5,437.4,521,17360,2,1
8681,83,755.5,437.3,521,17362,2,1
8682,83,755.7,436.8,521,17364,2,1
8683,83,755.8,436.3,522,17366,2,1
8684,83,755.9,436.1,522,17368,2,1
8685,83,756,436.3,522,17370,2,1
8686,83,756.1,436.4,522,17372,2,1
8687,83,756.2,436.5,522,17374,2,1
8688,83,756.3,436.7,522,17376,2,1
8689,83,756.2,437.6,522,17378,2,1
8690,83,756.2,438.4,522,17380,2,1
8691,83,756.1,439.2,522,17382,2,1
8692,83,756,439.4,522,17384,2,1
8693,83,755.9,439.6,522,17386,2,1
8694,83,755.7,439.9,522,17388,2,1
8695,83,755.4,440,522,17390,2,1
8696,83,755.1,440.2,522,17392,2,1
8697,83,754.7,440.2,522,17394,2,1
8698,83,754.4,440,522,17396,2,1
8699,83,754.1,439.8,523,17398,2,1
8700,83,753.9,439.4,523,17400,2,1
8701,83,753.7,439,523,17402,2,1
8702,83,753.6,438.5,523,17404,2,1
8703,83,753.7,438.1,523,17406,2,1
8704,83,753.8,437.7,523,17408,2,1
8705,83,754,437.6,523,17410,2,1
8706,83,754.1,437.6,523,17412,2,1
8707,83,754.3,437.5,523,17414,2,1
8708,83,754.5,437.6,523,17416,2,1
8709,83,755.2,437.6,523,17418,2,1
8710,83,755.8,438.2,523,17420,2,1
8711,83,756.3,438.7,523,17422,2,1
8712,83,756.7,439.2,523,17424,2,1
8713,83,757.1,439.3,523,17426,2,1
8714,83,757.2,439.4,523,17428,2,1
8715,83,757.2,439.2,523,17430,2,1
8716,83,756.8,438.8,524,17432,2,1
8717,83,756.3,437.9,524,17434,2,1
8718,83,755.7,437.1,524,17436,2,1
8719,83,755,436.7,524,17438,2,1
8720,83,754.3,436.8,524,17440,2,1
8721,83,753,437,524,17442,2,1
8722,83,751.8,437.6,524,17444,2,1
8723,83,750.6,438.4,524,17446,2,1
8724,83,750.5,439.1,524,17448,2,1
8725,83,750.3,439.7,524,17450,2,1
8726,83,750.3,440.1,524,17452,2,1
8727,83,750.5,440.5,524,17454,2,1
8728,83,751.3,440.7,524,17456,2,1
8729,83,752.1,440.8,524,17458,2,1
8730,83,752.9,440.5,524,17460,2,1
8731,83,752.9,440.3,524,17462,2,1
8732,83,752.8,439.8,524,17464,2,1
8733,83,752.8,439.1,525,17466,2,1
8734,83,752.7,438.4,525,17468,2,1
8735,83,752.5,437.9,525,17470,2,1
8736,83,752.3,437.5,525,17472,2,1
8737,83,752.1,437.3,525,17474,2,1
8738,83,751.8,437.1,525,17476,2,1
8739,83,751.5,437.4,525,17478,2,1
8740,83,751.3,437.4,525,17480,2,1
8741,83,751.1,437.1,525,17482,2,1
8742,83,751,436.8,525,17484,2,1
8743,83,751,436.6,525,17486,2,1
8744,83,751.1,436.4,525,17488,2,1
8745,83,751.2,436.3,525,17490,2,1
8746,83,751.3,436,525,17492,2,1
8747,83,751.4,435.5,525,17494,2,1
8748,83,751.5,435.2,525,17496,2,1
8749,83,751.5,434.9,526,17498,2,1
8750,83,751.3,434.4,526,17500,2,1
8751,83,750.6,433.5,526,17502,2,1
8752,83,750,432.7,526,17504,2,1
8753,83,749.2,432.2,526,17506,2,1
8754,83,748.5,432.1,526,17508,2,1
8755,83,747.6,432.3,526,17510,2,1
8756,83,746.8,432.5,526,17512,2,1
8757,83,746.1,433.4,526,17514,2,1
8758,83,745.9,434.5,526,17516,2,1
8759,83,745.6,435.4,526,17518,2,1
8760,83,745.1,436.5,526,17520,2,1
8761,83,744.4,437.2,526,17522,2,1
8762,83,743.7,437.8,526,17524,2,1
8763,83,743.1,438.2,526,17526,2,1
8764,83,742.3,436.8,526,17528,2,1
8765,83,739.6,427,526,17530,2,1
8766,83,720,394.8,527,17532,2,1
8767,83,701.2,362.8,527,17534,2,1
8768,83,683.1,331.2,527,17536,2,1
8769,83,674.1,313.8,527,17538,2,1
8770,83,661.6,289.5,527,17540,2,1
8771,83,643.5,255.7,527,17542,2,1
8772,83,617.3,218.4,527,17544,2,1
8773,83,617.3,218.8,527,17546,2,1
8774,83,617.3,219.2,527,17548,2,1
8775,83,-9999,-9999,527,17550,2,1
8776,83,-9999,-9999,527,17552,2,1
8777,83,-9999,-9999,527,17554,2,1
8778,83,-9999,-9999,527,17556,2,1
8779,83,-9999,-9999,527,17558,2,1
8780,83,-9999,-9999,527,17560,2,1
8781,83,-9999,-9999,527,17562,2,1
8782,83,-9999,-9999,527,17564,2,1
8783,83,-9999,-9999,528,17566,2,1
8784,83,-9999,-9999,528,17568,2,1
8785,83,-9999,-9999,528,17570,2,1
8786,83,-9999,-9999,528,17572,2,1
8787,83,-9999,-9999,528,17574,2,1
8788,83,-9999,-9999,528,17576,2,1
8789,83,-9999,-9999,528,17578,2,1
8790,83,-9999,-9999,528,17580,2,1
8791,83,-9999,-9999,528,17582,2,1
8792,83,-9999,-9999,528,17584,2,1
8793,83,-9999,-9999,528,17586,2,1
8794,83,-9999,-9999,528,17588,2,1
8795,83,-9999,-9999,528,17590,2,1
8796,83,-9999,-9999,528,17592,2,1
8797,83,-9999,-9999,528,17594,2,1
8798,83,-9999,-9999,528,17596,2,1
8799,83,-9999,-9999,529,17598,2,1
8800,83,-9999,-9999,529,17600,2,1
8801,83,-9999,-9999,529,17602,2,1
8802,83,-9999,-9999,529,17604,2,1
8803,83,-9999,-9999,529,17606,2,1
8804,83,-9999,-9999,529,17608,2,1
8805,83,-9999,-9999,529,17610,2,1
8806,83,-9999,-9999,529,17612,2,1
8807,83,-9999,-9999,529,17614,2,1
8808,83,-9999,-9999,529,17616,2,1
8809,83,-9999,-9999,529,17618,2,1
8810,83,-9999,-9999,529,17620,2,1
8811,83,-9999,-9999,529,17622,2,1
8812,83,-9999,-9999,529,17624,2,1
8813,83,-9999,-9999,529,17626,2,1
8814,83,-9999,-9999,529,17628,2,1
8815,83,-9999,-9999,529,17630,2,1
8816,83,-9999,-9999,530,17632,2,1
8817,83,-9999,-9999,530,17634,2,1
8818,83,-9999,-9999,530,17636,2,1
8819,83,-9999,-9999,530,17638,2,1
8820,83,-9999,-9999,530,17640,2,1
8821,83,-9999,-9999,530,17642,2,1
8822,83,-9999,-9999,530,17644,2,1
8823,83,-9999,-9999,530,17646,2,1
8824,83,-9999,-9999,530,17648,2,1
8825,83,-9999,-9999,530,17650,2,1
8826,83,-9999,-9999,530,17652,2,1
8827,83,-9999,-9999,530,17654,2,1
8828,83,-9999,-9999,530,17656,2,1
8829,83,-9999,-9999,530,17658,2,1
8830,83,-9999,-9999,530,17660,2,1
8831,83,-9999,-9999,530,17662,2,1
8832,83,-9999,-9999,530,17664,2,1
8833,83,-9999,-9999,531,17666,2,1
8834,83,-9999,-9999,531,17668,2,1
8835,83,-9999,-9999,531,17670,2,1
8836,83,-9999,-9999,531,17672,2,1
8837,83,-9999,-9999,531,17674,2,1
8838,83,-9999,-9999,531,17676,2,1
8839,83,-9999,-9999,531,17678,2,1
8840,83,-9999,-9999,531,17680,2,1
8841,83,-9999,-9999,531,17682,2,1
8842,83,-9999,-9999,531,17684,2,1
8843,83,-9999,-9999,531,17686,2,1
8844,83,-9999,-9999,531,17688,2,1
8845,83,-9999,-9999,531,17690,2,1
8846,83,-9999,-9999,531,17692,2,1
8847,83,-9999,-9999,531,17694,2,1
8848,83,-9999,-9999,531,17696,2,1
8849,83,-9999,-9999,532,17698,2,1
8850,83,-9999,-9999,532,17700,2,1
8851,83,-9999,-9999,532,17702,2,1
8852,83,-9999,-9999,532,17704,2,1
8853,83,-9999,-9999,532,17706,2,1
8854,83,-9999,-9999,532,17708,2,1
8855,83,-9999,-9999,532,17710,2,1
8856,83,-9999,-9999,532,17712,2,1
8857,83,-9999,-9999,532,17714,2,1
8858,83,-9999,-9999,532,17716,2,1
8859,83,-9999,-9999,532,17718,2,1
8860,83,-9999,-9999,532,17720,2,1
8861,83,-9999,-9999,532,17722,2,1
8862,83,-9999,-9999,532,17724,2,1
8863,83,-9999,-9999,532,17726,2,1
8864,83,-9999,-9999,532,17728,2,1
8865,83,-9999,-9999,532,17730,2,1
8866,83,-9999,-9999,533,17732,2,1
8867,83,-9999,-9999,533,17734,2,1
8868,83,-9999,-9999,533,17736,2,1
8869,83,-9999,-9999,533,17738,2,1
8870,83,-9999,-9999,533,17740,2,1
8871,83,-9999,-9999,533,17742,2,1
8872,83,-9999,-9999,533,17744,2,1
8873,83,-9999,-9999,533,17746,2,1
8874,83,-9999,-9999,533,17748,2,1
8875,83,-9999,-9999,533,17750,2,1
8876,83,-9999,-9999,533,17752,2,1
8877,83,-9999,-9999,533,17754,2,1
8878,83,-9999,-9999,533,17756,2,1
8879,83,-9999,-9999,533,17758,2,1
8880,83,-9999,-9999,533,17760,2,1
8881,83,-9999,-9999,533,17762,2,1
8882,83,-9999,-9999,533,17764,2,1
8883,83,-9999,-9999,534,17766,2,1
8884,83,-9999,-9999,534,17768,2,1
8885,83,-9999,-9999,534,17770,2,1
8886,83,-9999,-9999,534,17772,2,1
8887,83,-9999,-9999,534,17774,2,1
8888,83,-9999,-9999,534,17776,2,1
8889,83,-9999,-9999,534,17778,2,1
8890,83,-9999,-9999,534,17780,2,1
8891,83,-9999,-9999,534,17782,2,1
8892,83,-9999,-9999,534,17784,2,1
8893,83,-9999,-9999,534,17786,2,1
8894,83,-9999,-9999,534,17788,2,1
8895,83,-9999,-9999,534,17790,2,1
8896,83,-9999,-9999,534,17792,2,1
8897,83,-9999,-9999,534,17794,2,1
8898,83,-9999,-9999,534,17796,2,1
8899,83,-9999,-9999,535,17798,2,1
8900,83,-9999,-9999,535,17800,2,1
8901,83,-9999,-9999,535,17802,2,1
8902,83,-9999,-9999,535,17804,2,1
8903,83,-9999,-9999,535,17806,2,1
8904,83,-9999,-9999,535,17808,2,1
8905,83,-9999,-9999,535,17810,2,1
8906,83,-9999,-9999,535,17812,2,1
8907,83,-9999,-9999,535,17814,2,1
8908,83,-9999,-9999,535,17816,2,1
8909,83,-9999,-9999,535,17818,2,1
8910,83,-9999,-9999,535,17820,2,1
8911,83,-9999,-9999,535,17822,2,1
8912,83,-9999,-9999,535,17824,2,1
8913,83,-9999,-9999,535,17826,2,1
8914,83,-9999,-9999,535,17828,2,1
8915,83,-9999,-9999,535,17830,2,1
8916,83,-9999,-9999,536,17832,2,1
8917,83,-9999,-9999,536,17834,2,1
8918,83,-9999,-9999,536,17836,2,1
8919,83,-9999,-9999,536,17838,2,1
8920,83,-9999,-9999,536,17840,2,1
8921,83,-9999,-9999,536,17842,2,1
8922,83,-9999,-9999,536,17844,2,1
8923,83,-9999,-9999,536,17846,2,1
8924,83,-9999,-9999,536,17848,2,1
8925,83,-9999,-9999,536,17850,2,1
8926,83,-9999,-9999,536,17852,2,1
8927,83,-9999,-9999,536,17854,2,1
8928,83,-9999,-9999,536,17856,2,1
8929,83,-9999,-9999,536,17858,2,1
8930,83,-9999,-9999,536,17860,2,1
8931,83,-9999,-9999,536,17862,2,1
8932,83,-9999,-9999,536,17864,2,1
8933,83,-9999,-9999,537,17866,2,1
8934,83,-9999,-9999,537,17868,2,1
8935,83,-9999,-9999,537,17870,2,1
8936,83,-9999,-9999,537,17872,2,1
8937,83,-9999,-9999,537,17874,2,1
8938,83,-9999,-9999,537,17876,2,1
8939,83,-9999,-9999,537,17878,2,1
8940,83,-9999,-9999,537,17880,2,1
8941,83,-9999,-9999,537,17882,2,1
8942,83,-9999,-9999,537,17884,2,1
8943,83,-9999,-9999,537,17886,2,1
8944,83,-9999,-9999,537,17888,2,1
8945,83,-9999,-9999,537,17890,2,1
8946,83,-9999,-9999,537,17892,2,1
8947,83,-9999,-9999,537,17894,2,1
8948,83,-9999,-9999,537,17896,2,1
8949,83,-9999,-9999,538,17898,2,1
8950,83,-9999,-9999,538,17900,2,1
8951,83,-9999,-9999,538,17902,2,1
8952,83,-9999,-9999,538,17904,2,1
8953,83,-9999,-9999,538,17906,2,1
8954,83,-9999,-9999,538,17908,2,1
8955,83,-9999,-9999,538,17910,2,1
8956,83,-9999,-9999,538,17912,2,1
8957,83,-9999,-9999,538,17914,2,1
8958,83,-9999,-9999,538,17916,2,1
8959,83,-9999,-9999,538,17918,2,1
8960,83,-9999,-9999,538,17920,2,1
8961,83,-9999,-9999,538,17922,2,1
8962,83,-9999,-9999,538,17924,2,1
8963,83,-9999,-9999,538,17926,2,1
8964,83,-9999,-9999,538,17928,2,1
8965,83,-9999,-9999,538,17930,2,1
8966,83,-9999,-9999,539,17932,2,1
8967,83,-9999,-9999,539,17934,2,1
8968,83,-9999,-9999,539,17936,2,1
8969,83,-9999,-9999,539,17938,2,1
8970,83,-9999,-9999,539,17940,2,1
8971,83,-9999,-9999,539,17942,2,1
8972,83,-9999,-9999,539,17944,2,1
8973,83,-9999,-9999,539,17946,2,1
8974,83,-9999,-9999,539,17948,2,1
8975,83,-9999,-9999,539,17950,2,1
8976,83,-9999,-9999,539,17952,2,1
8977,83,-9999,-9999,539,17954,2,1
8978,83,-9999,-9999,539,17956,2,1
8979,83,-9999,-9999,539,17958,2,1
8980,83,-9999,-9999,539,17960,2,1
8981,83,-9999,-9999,539,17962,2,1
8982,83,-9999,-9999,539,17964,2,1
8983,83,-9999,-9999,540,17966,2,1
8984,83,-9999,-9999,540,17968,2,1
8985,83,-9999,-9999,540,17970,2,1
8986,83,-9999,-9999,540,17972,2,1
8987,83,-9999,-9999,540,17974,2,1
8988,83,-9999,-9999,540,17976,2,1
8989,83,-9999,-9999,540,17978,2,1
8990,83,-9999,-9999,540,17980,2,1
8991,83,-9999,-9999,540,17982,2,1
8992,83,-9999,-9999,540,17984,2,1
8993,83,-9999,-9999,540,17986,2,1
8994,83,-9999,-9999,540,17988,2,1
8995,83,-9999,-9999,540,17990,2,1
8996,83,-9999,-9999,540,17992,2,1
8997,83,-9999,-9999,540,17994,2,1
8998,83,-9999,-9999,540,17996,2,1
8999,83,-9999,-9999,541,17998,2,1
9000,83,-9999,-9999,541,18000,2,1
9001,83,-9999,-9999,541,18002,2,1
9002,83,-9999,-9999,541,18004,2,1
9003,83,-9999,-9999,541,18006,2,1
9004,83,-9999,-9999,541,18008,2,1
9005,83,-9999,-9999,541,18010,2,1
9006,83,-9999,-9999,541,18012,2,1
9007,83,-9999,-9999,541,18014,2,1
9008,83,-9999,-9999,541,18016,2,1
9009,83,-9999,-9999,541,18018,2,1
9010,83,-9999,-9999,541,18020,2,1
9011,83,-9999,-9999,541,18022,2,1
9012,83,685.8,603.7,541,18024,2,1
9013,83,685.8,603.7,541,18026,2,1
9014,83,685.8,603.7,541,18028,2,1
9015,83,685.8,603.7,541,18030,2,1
9016,83,675.4,603.9,542,18032,2,1
9017,83,668.5,604,542,18034,2,1
9018,83,663.7,604.1,542,18036,2,1
9019,83,656.4,604.1,542,18038,2,1
9020,83,649.2,604,542,18040,2,1
9021,83,642,603.6,542,18042,2,1
9022,83,634.9,603.3,542,18044,2,1
9023,83,635.5,602.9,542,18046,2,1
9024,83,636,602.6,542,18048,2,1
9025,83,636.5,602.7,542,18050,2,1
9026,83,636.8,603,542,18052,2,1
9027,83,637,603.2,542,18054,2,1
9028,83,637,603.6,542,18056,2,1
9029,83,636.8,603.9,542,18058,2,1
9030,83,636.4,604,542,18060,2,1
9031,83,636.1,603.8,542,18062,2,1
9032,83,635.8,603.1,542,18064,2,1
9033,83,635.5,602.4,543,18066,2,1
9034,83,635.2,601.8,543,18068,2,1
9035,83,635,601.5,543,18070,2,1
9036,83,634.8,601.6,543,18072,2,1
9037,83,634.6,601.8,543,18074,2,1
9038,83,634.5,602.2,543,18076,2,1
9039,83,634.4,602.5,543,18078,2,1
9040,83,634.7,602.7,543,18080,2,1
9041,83,635.1,602.8,543,18082,2,1
9042,83,635.6,602.8,543,18084,2,1
9043,83,636.1,602.6,543,18086,2,1
9044,83,636.7,602.4,543,18088,2,1
9045,83,637.2,602.3,543,18090,2,1
9046,83,637.5,602.3,543,18092,2,1
9047,83,637.5,602.4,543,18094,2,1
9048,83,637.3,602.6,543,18096,2,1
9049,83,637.1,602.8,544,18098,2,1
9050,83,637,603,544,18100,2,1
9051,83,636.7,603.2,544,18102,2,1
9052,83,636.4,603.8,544,18104,2,1
9053,83,636,604.1,544,18106,2,1
9054,83,635.8,604.3,544,18108,2,1
9055,83,635.8,603.9,544,18110,2,1
9056,83,635.9,603.4,544,18112,2,1
9057,83,636,603,544,18114,2,1
9058,83,636.3,602.7,544,18116,2,1
9059,83,636.6,602.6,544,18118,2,1
9060,83,637.1,602.6,544,18120,2,1
9061,83,637.5,602.7,544,18122,2,1
9062,83,638,603.4,544,18124,2,1
9063,83,638.4,604.1,544,18126,2,1
9064,83,638.7,604.7,544,18128,2,1
9065,83,638.7,605.2,544,18130,2,1
9066,83,638.7,605.1,545,18132,2,1
9067,83,638.5,605.1,545,18134,2,1
9068,83,638.3,605.1,545,18136,2,1
9069,83,638.1,605,545,18138,2,1
9070,83,637.8,605.1,545,18140,2,1
9071,83,637.4,605.1,545,18142,2,1
9072,83,636.7,605.1,545,18144,2,1
9073,83,636.2,605.2,545,18146,2,1
9074,83,635.8,605.3,545,18148,2,1
9075,83,635.5,605.5,545,18150,2,1
9076,83,635.2,605.6,545,18152,2,1
9077,83,635,605.7,545,18154,2,1
9078,83,635.2,605.8,545,18156,2,1
9079,83,635.5,605.8,545,18158,2,1
9080,83,635.7,605.7,545,18160,2,1
9081,83,635.8,605.7,545,18162,2,1
9082,83,635.8,605.6,545,18164,2,1
9083,83,635.8,605.7,546,18166,2,1
9084,83,635.7,605.7,546,18168,2,1
9085,83,635.8,605.8,546,18170,2,1
9086,83,635.7,606,546,18172,2,1
9087,83,635.6,606.2,546,18174,2,1
9088,83,634.9,606.4,546,18176,2,1
9089,83,634.1,606.6,546,18178,2,1
9090,83,633.2,606.9,546,18180,2,1
9091,83,632.3,607.2,546,18182,2,1
9092,83,631.3,607.4,546,18184,2,1
9093,83,630.6,607.7,546,18186,2,1
9094,83,630.4,607.7,546,18188,2,1
9095,83,630.8,607.7,546,18190,2,1
9096,83,631.3,607.7,546,18192,2,1
9097,83,631.9,607.8,546,18194,2,1
9098,83,632.5,607.9,546,18196,2,1
9099,83,633,608.1,547,18198,2,1
9100,83,633,608.4,547,18200,2,1
9101,83,632.4,608.6,547,18202,2,1
9102,83,631.9,608.9,547,18204,2,1
9103,83,631.3,609.2,547,18206,2,1
9104,83,630.8,609.3,547,18208,2,1
9105,83,630.4,609.4,547,18210,2,1
9106,83,630.2,609.4,547,18212,2,1
9107,83,630.5,609.6,547,18214,2,1
9108,83,630.9,609.9,547,18216,2,1
9109,83,631.3,610.3,547,18218,2,1
9110,83,631.9,610.8,547,18220,2,1
9111,83,632.2,611.1,547,18222,2,1
9112,83,632.4,611.3,547,18224,2,1
9113,83,632.4,611.3,547,18226,2,1
9114,83,632.3,611.3,547,18228,2,1
9115,83,632.3,611,547,18230,2,1
9116,83,632.1,610.8,548,18232,2,1
9117,83,631.9,610.5,548,18234,2,1
9118,83,631.8,610.7,548,18236,2,1
9119,83,631.9,611,548,18238,2,1
9120,83,631.9,611.3,548,18240,2,1
9121,83,631.8,611.6,548,18242,2,1
9122,83,631.8,611.9,548,18244,2,1
9123,83,631.6,612.4,548,18246,2,1
9124,83,631.5,612.8,548,18248,2,1
9125,83,631.2,613.1,548,18250,2,1
9126,83,630.9,613.3,548,18252,2,1
9127,83,630.4,613.6,548,18254,2,1
9128,83,630,613.8,548,18256,2,1
9129,83,629.5,614.1,548,18258,2,1
9130,83,629,614.4,548,18260,2,1
9131,83,628.5,614.8,548,18262,2,1
9132,83,628.1,615.3,548,18264,2,1
9133,83,627.7,615.7,549,18266,2,1
9134,83,627.5,616.1,549,18268,2,1
9135,83,627.2,616.4,549,18270,2,1
9136,83,627.2,616.6,549,18272,2,1
9137,83,627.4,616.6,549,18274,2,1
9138,83,627.8,616.5,549,18276,2,1
9139,83,628.4,615.8,549,18278,2,1
9140,83,629.1,615.1,549,18280,2,1
9141,83,629.7,614.5,549,18282,2,1
9142,83,630,614.3,549,18284,2,1
9143,83,630.3,614.2,549,18286,2,1
9144,83,630.4,614.1,549,18288,2,1
9145,83,629.8,614.1,549,18290,2,1
9146,83,629,614.6,549,18292,2,1
9147,83,628.2,614.7,549,18294,2,1
9148,83,627.5,614.6,549,18296,2,1
9149,83,627.1,614.3,550,18298,2,1
9150,83,626.8,614.2,550,18300,2,1
9151,83,626.5,614.6,550,18302,2,1
9152,83,627.1,615,550,18304,2,1
9153,83,627.8,615.6,550,18306,2,1
9154,83,628.4,616.5,550,18308,2,1
9155,83,629,617.1,550,18310,2,1
9156,83,629.5,617.5,550,18312,2,1
9157,83,629.9,617.7,550,18314,2,1
9158,83,630.3,617.3,550,18316,2,1
9159,83,630.3,616.6,550,18318,2,1
9160,83,630.3,615.8,550,18320,2,1
9161,83,630.3,614.9,550,18322,2,1
9162,83,630.3,614.3,550,18324,2,1
9163,83,630.3,613.8,550,18326,2,1
9164,83,630.2,613.5,550,18328,2,1
9165,83,630.1,613.5,550,18330,2,1
9166,83,630,614,551,18332,2,1
9167,83,629.8,614.5,551,18334,2,1
9168,83,629.7,615.2,551,18336,2,1
9169,83,629.5,615.8,551,18338,2,1
9170,83,629.3,616.4,551,18340,2,1
9171,83,629.4,616.9,551,18342,2,1
9172,83,629.5,617.2,551,18344,2,1
9173,83,629.8,617.3,551,18346,2,1
9174,83,630.5,617.3,551,18348,2,1
9175,83,631.2,617.3,551,18350,2,1
9176,83,631.9,617.3,551,18352,2,1
9177,83,632.5,617.6,551,18354,2,1
9178,83,632.9,618,551,18356,2,1
9179,83,633.3,618.3,551,18358,2,1
9180,83,633.4,618.6,551,18360,2,1
9181,83,633.3,618.7,551,18362,2,1
9182,83,633.3,618.7,551,18364,2,1
9183,83,633.1,618.2,552,18366,2,1
9184,83,633,617.7,552,18368,2,1
9185,83,632.9,617.1,552,18370,2,1
9186,83,633,616.7,552,18372,2,1
9187,83,633,616.2,552,18374,2,1
9188,83,633,616,552,18376,2,1
9189,83,633,615.8,552,18378,2,1
9190,83,632.9,616.3,552,18380,2,1
9191,83,633,617,552,18382,2,1
9192,83,632.9,617.8,552,18384,2,1
9193,83,632.9,618.6,552,18386,2,1
9194,83,633,619.4,552,18388,2,1
9195,83,633.3,620,552,18390,2,1
9196,83,633.6,620.4,552,18392,2,1
9197,83,634,620.4,552,18394,2,1
9198,83,634.2,619.9,552,18396,2,1
9199,83,634.5,619.3,553,18398,2,1
9200,83,634.6,618.8,553,18400,2,1
9201,83,634.6,618.3,553,18402,2,1
9202,83,634.5,618.2,553,18404,2,1
9203,83,634.2,618.2,553,18406,2,1
9204,83,634,618.3,553,18408,2,1
9205,83,633.9,618.7,553,18410,2,1
9206,83,633.8,618.8,553,18412,2,1
9207,83,633.6,618.9,553,18414,2,1
9208,83,633.3,618.9,553,18416,2,1
9209,83,633.1,618.7,553,18418,2,1
9210,83,633,618.5,553,18420,2,1
9211,83,633.2,618.4,553,18422,2,1
9212,83,633.3,618.3,553,18424,2,1
9213,83,633.4,618.4,553,18426,2,1
9214,83,633.5,618.6,553,18428,2,1
9215,83,633.7,618.7,553,18430,2,1
9216,83,633.8,618.8,554,18432,2,1
9217,83,633.9,618.9,554,18434,2,1
9218,83,633.9,619,554,18436,2,1
9219,83,633.9,619.1,554,18438,2,1
9220,83,633.9,619.2,554,18440,2,1
9221,83,634,619.3,554,18442,2,1
9222,83,634.2,619.7,554,18444,2,1
9223,83,634.3,620.2,554,18446,2,1
9224,83,634.4,621.4,554,18448,2,1
9225,83,634.3,622.6,554,18450,2,1
9226,83,634.2,623.9,554,18452,2,1
9227,83,634.2,625.1,554,18454,2,1
9228,83,634.2,626.1,554,18456,2,1
9229,83,634.3,626.9,554,18458,2,1
9230,83,634.5,627,554,18460,2,1
9231,83,634.7,626.5,554,18462,2,1
9232,83,634.7,626,554,18464,2,1
9233,83,634.7,625,555,18466,2,1
9234,83,634.6,624,555,18468,2,1
9235,83,634.3,623.1,555,18470,2,1
9236,83,634.2,622.5,555,18472,2,1
9237,83,634.1,622.3,555,18474,2,1
9238,83,634,622.3,555,18476,2,1
9239,83,633.9,622.4,555,18478,2,1
9240,83,634,622.9,555,18480,2,1
9241,83,634.2,623.5,555,18482,2,1
9242,83,634.3,624.1,555,18484,2,1
9243,83,634.4,624.5,555,18486,2,1
9244,83,634.3,624.7,555,18488,2,1
9245,83,634.2,624.7,555,18490,2,1
9246,83,634.2,624.8,555,18492,2,1
9247,83,634.3,624.6,555,18494,2,1
9248,83,634.4,624.3,555,18496,2,1
9249,83,634.6,624,556,18498,2,1
9250,83,634.8,623.7,556,18500,2,1
9251,83,635,623.7,556,18502,2,1
9252,83,635.1,623.6,556,18504,2,1
9253,83,635.2,623.7,556,18506,2,1
9254,83,635.1,624.2,556,18508,2,1
9255,83,635.1,624.6,556,18510,2,1
9256,83,635.1,624.9,556,18512,2,1
9257,83,635.2,625.2,556,18514,2,1
9258,83,635.3,625.3,556,18516,2,1
9259,83,635.4,625.5,556,18518,2,1
9260,83,635.3,625.6,556,18520,2,1
9261,83,634.9,625.7,556,18522,2,1
9262,83,634.4,625.3,556,18524,2,1
9263,83,633.9,624.9,556,18526,2,1
9264,83,633.4,624.3,556,18528,2,1
9265,83,632.8,623.8,556,18530,2,1
9266,83,632.4,623.3,557,18532,2,1
9267,83,632.2,623.1,557,18534,2,1
9268,83,632.3,623.3,557,18536,2,1
9269,83,632.6,624,557,18538,2,1
9270,83,632.7,624.8,557,18540,2,1
9271,83,633,625.7,557,18542,2,1
9272,83,633.3,626.5,557,18544,2,1
9273,83,633.6,627.2,557,18546,2,1
9274,83,633.9,627.8,557,18548,2,1
9275,83,634.2,627.9,557,18550,2,1
9276,83,634.2,627.9,557,18552,2,1
9277,83,634.3,627.8,557,18554,2,1
9278,83,634.3,627.5,557,18556,2,1
9279,83,634.2,627.2,557,18558,2,1
9280,83,634.1,626.9,557,18560,2,1
9281,83,634.1,626.6,557,18562,2,1
9282,83,634.2,626.4,557,18564,2,1
9283,83,634.4,626.2,558,18566,2,1
9284,83,634.7,626.2,558,18568,2,1
9285,83,635,626.4,558,18570,2,1
9286,83,635.4,626.6,558,18572,2,1
9287,83,635.7,626.9,558,18574,2,1
9288,83,636,627.2,558,18576,2,1
9289,83,636.1,627.8,558,18578,2,1
9290,83,636,628.4,558,18580,2,1
9291,83,635.9,628.9,558,18582,2,1
9292,83,635.7,629.4,558,18584,2,1
9293,83,635.5,629.9,558,18586,2,1
9294,83,635.2,630.3,558,18588,2,1
9295,83,634.9,630.7,558,18590,2,1
9296,83,634.6,630.8,558,18592,2,1
9297,83,634.4,630.8,558,18594,2,1
9298,83,634.2,630.4,558,18596,2,1
9299,83,634.6,630,559,18598,2,1
9300,83,635,629.6,559,18600,2,1
9301,83,635.5,629.1,559,18602,2,1
9302,83,636.2,628.6,559,18604,2,1
9303,83,636.9,628,559,18606,2,1
9304,83,637.6,627.4,559,18608,2,1
9305,83,638.2,627.2,559,18610,2,1
9306,83,638.3,627.1,559,18612,2,1
9307,83,638.1,627,559,18614,2,1
9308,83,638,627,559,18616,2,1
9309,83,637.7,627.1,559,18618,2,1
9310,83,637.4,627.2,559,18620,2,1
9311,83,637,627.3,559,18622,2,1
9312,83,636.4,627.3,559,18624,2,1
9313,83,636,627.2,559,18626,2,1
9314,83,635.7,627.1,559,18628,2,1
9315,83,635.3,627,559,18630,2,1
9316,83,634.9,626.8,560,18632,2,1
9317,83,634.7,626.6,560,18634,2,1
9318,83,634.3,626.6,560,18636,2,1
9319,83,634.1,626.9,560,18638,2,1
9320,83,633.8,627.2,560,18640,2,1
9321,83,633.6,627.6,560,18642,2,1
9322,83,633.7,628.1,560,18644,2,1
9323,83,633.8,628.5,560,18646,2,1
9324,83,633.8,628.9,560,18648,2,1
9325,83,634,628.9,560,18650,2,1
9326,83,634,628.9,560,18652,2,1
9327,83,634.2,628.9,560,18654,2,1
9328,83,634.1,628.7,560,18656,2,1
9329,83,633.9,628.5,560,18658,2,1
9330,83,633.7,628.3,560,18660,2,1
9331,83,633.5,628,560,18662,2,1
9332,83,633.2,627.9,560,18664,2,1
9333,83,633,627.8,561,18666,2,1
9334,83,632.9,627.7,561,18668,2,1
9335,83,633.2,627.7,561,18670,2,1
9336,83,633.5,628.2,561,18672,2,1
9337,83,633.7,628.7,561,18674,2,1
9338,83,634,629.3,561,18676,2,1
9339,83,634.3,630,561,18678,2,1
9340,83,634.5,630.7,561,18680,2,1
9341,83,634.6,631.3,561,18682,2,1
9342,83,634.3,631.6,561,18684,2,1
9343,83,633.8,631.7,561,18686,2,1
9344,83,633.5,631.7,561,18688,2,1
9345,83,633.1,632,561,18690,2,1
9346,83,633,632.1,561,18692,2,1
9347,83,632.8,632,561,18694,2,1
9348,83,632.7,631.8,561,18696,2,1
9349,83,632.6,631.6,562,18698,2,1
9350,83,632.6,631.3,562,18700,2,1
9351,83,632.7,630.8,562,18702,2,1
9352,83,632.7,630.2,562,18704,2,1
9353,83,632.8,629.8,562,18706,2,1
9354,83,632.8,629.3,562,18708,2,1
9355,83,632.7,629,562,18710,2,1
9356,83,632.6,628.7,562,18712,2,1
9357,83,632.4,628.5,562,18714,2,1
9358,83,632.3,628.3,562,18716,2,1
9359,83,632.2,627.9,562,18718,2,1
9360,83,632.1,627.6,562,18720,2,1
9361,83,632,627.3,562,18722,2,1
9362,83,632,627,562,18724,2,1
9363,83,632,627.1,562,18726,2,1
9364,83,632,627.2,562,18728,2,1
9365,83,632,627.4,562,18730,2,1
9366,83,632,627.9,563,18732,2,1
9367,83,632.1,628,563,18734,2,1
9368,83,632.2,628.1,563,18736,2,1
9369,83,632.2,628.1,563,18738,2,1
9370,83,631.7,627.9,563,18740,2,1
9371,83,631.2,627.6,563,18742,2,1
9372,83,630.8,627.1,563,18744,2,1
9373,83,630.3,626.6,563,18746,2,1
9374,83,629.8,626.4,563,18748,2,1
9375,83,629.4,626.2,563,18750,2,1
9376,83,629.1,626,563,18752,2,1
9377,83,629.4,625.9,563,18754,2,1
9378,83,629.8,625.9,563,18756,2,1
9379,83,630.3,626,563,18758,2,1
9380,83,630.7,626.1,563,18760,2,1
9381,83,631.2,626.1,563,18762,2,1
9382,83,631.5,626.1,563,18764,2,1
9383,83,631.8,626,564,18766,2,1
9384,83,631.9,625.9,564,18768,2,1
9385,83,632,625.9,564,18770,2,1
9386,83,632,625.9,564,18772,2,1
9387,83,632,626.1,564,18774,2,1
9388,83,631.9,626.3,564,18776,2,1
9389,83,631.9,626.6,564,18778,2,1
9390,83,632,627,564,18780,2,1
9391,83,632.1,627.2,564,18782,2,1
9392,83,632.2,627.3,564,18784,2,1
9393,83,632.3,627,564,18786,2,1
9394,83,632.4,626.7,564,18788,2,1
9395,83,632.5,626.5,564,18790,2,1
9396,83,632.6,626.3,564,18792,2,1
9397,83,632.7,626.1,564,18794,2,1
9398,83,632.8,626,564,18796,2,1
9399,83,633,625.9,565,18798,2,1
9400,83,633.2,626.1,565,18800,2,1
9401,83,633.3,626.2,565,18802,2,1
9402,83,633.5,626.2,565,18804,2,1
9403,83,633.7,626.2,565,18806,2,1
9404,83,634.2,626.3,565,18808,2,1
9405,83,634.5,627,565,18810,2,1
9406,83,634.6,627.7,565,18812,2,1
9407,83,634.8,628.3,565,18814,2,1
9408,83,634.8,628.9,565,18816,2,1
9409,83,634.9,629.4,565,18818,2,1
9410,83,635.1,629.7,565,18820,2,1
9411,83,634.9,629.8,565,18822,2,1
9412,83,634.9,629.3,565,18824,2,1
9413,83,635.1,628.9,565,18826,2,1
9414,83,635.2,628.4,565,18828,2,1
9415,83,635.4,628.1,565,18830,2,1
9416,83,635.5,628,566,18832,2,1
9417,83,635.5,628.2,566,18834,2,1
9418,83,635.4,628.4,566,18836,2,1
9419,83,635.3,628.6,566,18838,2,1
9420,83,635.1,628.8,566,18840,2,1
9421,83,635,629.1,566,18842,2,1
9422,83,634.9,629.2,566,18844,2,1
9423,83,634.8,629.3,566,18846,2,1
9424,83,634.7,629.2,566,18848,2,1
9425,83,634.8,629.1,566,18850,2,1
9426,83,634.8,628.9,566,18852,2,1
9427,83,634.8,628.6,566,18854,2,1
9428,83,634.8,628.2,566,18856,2,1
9429,83,634.7,627.8,566,18858,2,1
9430,83,634.6,627.3,566,18860,2,1
9431,83,634.5,627,566,18862,2,1
9432,83,634.6,626.8,566,18864,2,1
9433,83,634.7,626.7,567,18866,2,1
9434,83,634.6,626.7,567,18868,2,1
9435,83,634.5,626.9,567,18870,2,1
9436,83,634.5,627.2,567,18872,2,1
9437,83,634.4,627.6,567,18874,2,1
9438,83,634.3,628,567,18876,2,1
9439,83,633.9,628.3,567,18878,2,1
9440,83,633.5,628.6,567,18880,2,1
9441,83,633.3,628.8,567,18882,2,1
9442,83,633.3,628.9,567,18884,2,1
9443,83,634.5,628.5,567,18886,2,1
9444,83,636.1,627.6,567,18888,2,1
9445,83,639.3,624,567,18890,2,1
9446,83,643.6,617.8,567,18892,2,1
9447,83,649.8,608,567,18894,2,1
9448,83,658.2,594.2,567,18896,2,1
9449,83,667.9,575.5,568,18898,2,1
9450,83,678,553,568,18900,2,1
9451,83,688.7,527,568,18902,2,1
9452,83,698,501.9,568,18904,2,1
9453,83,706.3,476.4,568,18906,2,1
9454,83,713.4,454,568,18908,2,1
9455,83,718.5,433.4,568,18910,2,1
9456,83,723.5,416.6,568,18912,2,1
9457,83,727,402.5,568,18914,2,1
9458,83,729.4,390.8,568,18916,2,1
9459,83,732.5,379.9,568,18918,2,1
9460,83,735.6,370.7,568,18920,2,1
9461,83,738.3,362.1,568,18922,2,1
9462,83,741.4,354.3,568,18924,2,1
9463,83,743.4,346.6,568,18926,2,1
9464,83,745.3,340.3,568,18928,2,1
9465,83,747.2,335.4,568,18930,2,1
9466,83,748.2,331.7,569,18932,2,1
9467,83,749,329.2,569,18934,2,1
9468,83,749.5,326.6,569,18936,2,1
9469,83,749.3,325.4,569,18938,2,1
9470,83,748.8,325.2,569,18940,2,1
9471,83,748.2,325.1,569,18942,2,1
9472,83,747.5,324.8,569,18944,2,1
9473,83,746.8,324.5,569,18946,2,1
9474,83,746.1,324.2,569,18948,2,1
9475,83,745.1,323.9,569,18950,2,1
9476,83,744.1,323.6,569,18952,2,1
9477,83,743.4,323.4,569,18954,2,1
9478,83,742.7,323.2,569,18956,2,1
9479,83,742,323.2,569,18958,2,1
9480,83,741.5,323.2,569,18960,2,1
9481,83,741,323.2,569,18962,2,1
9482,83,740.9,323,569,18964,2,1
9483,83,740.6,322.8,570,18966,2,1
9484,83,740.4,322.7,570,18968,2,1
9485,83,740.1,322.7,570,18970,2,1
9486,83,739.8,322.8,570,18972,2,1
9487,83,739.5,322.9,570,18974,2,1
9488,83,739.2,323.2,570,18976,2,1
9489,83,738.8,323.6,570,18978,2,1
9490,83,738.6,323.4,570,18980,2,1
9491,83,738.5,323.2,570,18982,2,1
9492,83,738.6,322.8,570,18984,2,1
9493,83,738.7,322.3,570,18986,2,1
9494,83,739,321.8,570,18988,2,1
9495,83,739.4,321.3,570,18990,2,1
9496,83,739.8,320.8,570,18992,2,1
9497,83,740.1,320.9,570,18994,2,1
9498,83,740.4,321,570,18996,2,1
9499,83,740.3,321.2,571,18998,2,1
9500,83,739.8,321.3,571,19000,2,1
9501,83,739.1,321.6,571,19002,2,1
9502,83,738.5,321.8,571,19004,2,1
9503,83,737.7,322,571,19006,2,1
9504,83,737,322.3,571,19008,2,1
9505,83,736.2,322.6,571,19010,2,1
9506,83,735.6,322.6,571,19012,2,1
9507,83,735.4,322.5,571,19014,2,1
9508,83,735.2,322.3,571,19016,2,1
9509,83,735.2,322,571,19018,2,1
9510,83,735.1,321.9,571,19020,2,1
9511,83,735.2,322.1,571,19022,2,1
9512,83,735.4,322.3,571,19024,2,1
9513,83,735.5,322.5,571,19026,2,1
9514,83,735.5,322.8,571,19028,2,1
9515,83,735.5,323.2,571,19030,2,1
9516,83,735.4,323.5,572,19032,2,1
9517,83,735.4,323.6,572,19034,2,1
9518,83,735.2,323.5,572,19036,2,1
9519,83,735,323.5,572,19038,2,1
9520,83,735.2,323.4,572,19040,2,1
9521,83,735.3,323.4,572,19042,2,1
9522,83,735.5,323.5,572,19044,2,1
9523,83,735.4,323.7,572,19046,2,1
9524,83,735.3,323.9,572,19048,2,1
9525,83,735.1,324.2,572,19050,2,1
9526,83,734.9,324.4,572,19052,2,1
9527,83,734.5,324.6,572,19054,2,1
9528,83,734.5,324.9,572,19056,2,1
9529,83,734.6,325.1,572,19058,2,1
9530,83,734.8,325.3,572,19060,2,1
9531,83,735,325.4,572,19062,2,1
9532,83,735,325.6,572,19064,2,1
9533,83,735.1,325.9,573,19066,2,1
9534,83,735.1,326.1,573,19068,2,1
9535,83,735.1,326.2,573,19070,2,1
9536,83,735.5,325.8,573,19072,2,1
9537,83,735.8,325.2,573,19074,2,1
9538,83,736.2,324.7,573,19076,2,1
9539,83,736.5,324.3,573,19078,2,1
9540,83,736.9,323.8,573,19080,2,1
9541,83,737.3,323.2,573,19082,2,1
9542,83,737.4,322.7,573,19084,2,1
9543,83,737.3,322.8,573,19086,2,1
9544,83,737.1,322.9,573,19088,2,1
9545,83,736.9,323,573,19090,2,1
9546,83,736.9,323,573,19092,2,1
9547,83,736.9,322.5,573,19094,2,1
9548,83,736.9,322.1,573,19096,2,1
9549,83,737,321.7,574,19098,2,1
9550,83,737.1,321.5,574,19100,2,1
9551,83,737.2,321.1,574,19102,2,1
9552,83,737.3,320.9,574,19104,2,1
9553,83,737.4,320.7,574,19106,2,1
9554,83,736.7,321,574,19108,2,1
9555,83,736.1,321.4,574,19110,2,1
9556,83,735.4,321.6,574,19112,2,1
9557,83,734.8,321.7,574,19114,2,1
9558,83,734.3,321.8,574,19116,2,1
9559,83,733.8,321.9,574,19118,2,1
9560,83,733.4,322,574,19120,2,1
9561,83,733.7,322.1,574,19122,2,1
9562,83,733.9,322.2,574,19124,2,1
9563,83,734.1,322.7,574,19126,2,1
9564,83,734.1,323.2,574,19128,2,1
9565,83,734.1,323.6,574,19130,2,1
9566,83,733.7,324,575,19132,2,1
9567,83,733.2,324.6,575,19134,2,1
9568,83,732.8,325.3,575,19136,2,1
9569,83,732.5,325.8,575,19138,2,1
9570,83,732.7,326,575,19140,2,1
9571,83,733.1,325.9,575,19142,2,1
9572,83,733.5,325.7,575,19144,2,1
9573,83,734.4,325.4,575,19146,2,1
9574,83,735.4,325.2,575,19148,2,1
9575,83,736.2,325.1,575,19150,2,1
9576,83,737,324.9,575,19152,2,1
9577,83,737.2,324.6,575,19154,2,1
9578,83,737.4,324.2,575,19156,2,1
9579,83,737.5,323.9,575,19158,2,1
9580,83,737.3,323.5,575,19160,2,1
9581,83,737.1,323.2,575,19162,2,1
9582,83,736.6,322.8,575,19164,2,1
9583,83,736.1,322.9,576,19166,2,1
9584,83,735.6,322.8,576,19168,2,1
9585,83,735.1,322.9,576,19170,2,1
9586,83,734.7,322.9,576,19172,2,1
9587,83,734.3,322.9,576,19174,2,1
9588,83,733.9,322.9,576,19176,2,1
9589,83,733.9,322.7,576,19178,2,1
9590,83,733.9,322.6,576,19180,2,1
9591,83,734,322.5,576,19182,2,1
9592,83,734.2,322.4,576,19184,2,1
9593,83,734.6,322.2,576,19186,2,1
9594,83,734.9,322.1,576,19188,2,1
9595,83,735.3,322,576,19190,2,1
9596,83,735.8,321.8,576,19192,2,1
9597,83,736.2,321.6,576,19194,2,1
9598,83,736.5,321.4,576,19196,2,1
9599,83,736.5,321.1,577,19198,2,1
9600,83,736.5,321,577,19200,2,1
9601,83,736.5,320.8,577,19202,2,1
9602,83,736.4,320.7,577,19204,2,1
9603,83,736.1,320.5,577,19206,2,1
9604,83,735.9,320.3,577,19208,2,1
9605,83,735.7,320.3,577,19210,2,1
9606,83,735.3,320.4,577,19212,2,1
9607,83,734.9,320.5,577,19214,2,1
9608,83,734.4,320.6,577,19216,2,1
9609,83,733.8,321.1,577,19218,2,1
9610,83,733.2,321.5,577,19220,2,1
9611,83,732.7,321.8,577,19222,2,1
9612,83,732.2,322.2,577,19224,2,1
9613,83,732,322.5,577,19226,2,1
9614,83,731.7,322.6,577,19228,2,1
9615,83,731.5,322.9,577,19230,2,1
9616,83,731.5,323,578,19232,2,1
9617,83,731.5,322.9,578,19234,2,1
9618,83,731.5,322.8,578,19236,2,1
9619,83,731.5,322.6,578,19238,2,1
9620,83,732,322.5,578,19240,2,1
9621,83,732.6,322.4,578,19242,2,1
9622,83,733.3,322.4,578,19244,2,1
9623,83,734,322.4,578,19246,2,1
9624,83,734.6,322.8,578,19248,2,1
9625,83,735.1,323.4,578,19250,2,1
9626,83,735.6,323.9,578,19252,2,1
9627,83,735.2,324.4,578,19254,2,1
9628,83,734.9,324.8,578,19256,2,1
9629,83,734.5,325.2,578,19258,2,1
9630,83,734,325.1,578,19260,2,1
9631,83,733.4,324.7,578,19262,2,1
9632,83,732.7,324.1,578,19264,2,1
9633,83,732.1,323.6,579,19266,2,1
9634,83,731.8,323,579,19268,2,1
9635,83,731.4,322.7,579,19270,2,1
9636,83,731.1,322.5,579,19272,2,1
9637,83,730.9,322.8,579,19274,2,1
9638,83,730.8,323.1,579,19276,2,1
9639,83,730.8,323.3,579,19278,2,1
9640,83,730.8,323.6,579,19280,2,1
9641,83,730.8,323.9,579,19282,2,1
9642,83,730.7,324.1,579,19284,2,1
9643,83,730.6,324.3,579,19286,2,1
9644,83,730.5,324.4,579,19288,2,1
9645,83,730.5,324.4,579,19290,2,1
9646,83,730.4,324.3,579,19292,2,1
9647,83,730.2,324.2,579,19294,2,1
9648,83,729.5,324.1,579,19296,2,1
9649,83,728.8,324.1,580,19298,2,1
9650,83,728.1,324.2,580,19300,2,1
9651,83,727.7,324.4,580,19302,2,1
9652,83,727.2,324.3,580,19304,2,1
9653,83,727,324.2,580,19306,2,1
9654,83,727,324.2,580,19308,2,1
9655,83,727.7,324.3,580,19310,2,1
9656,83,728.4,324.4,580,19312,2,1
9657,83,728.9,324.6,580,19314,2,1
9658,83,729.3,324.8,580,19316,2,1
9659,83,729.6,325,580,19318,2,1
9660,83,729.6,325.3,580,19320,2,1
9661,83,729.3,325.6,580,19322,2,1
9662,83,728.9,325.8,580,19324,2,1
9663,83,728.5,326.1,580,19326,2,1
9664,83,728.2,326.4,580,19328,2,1
9665,83,727.9,326.7,580,19330,2,1
9666,83,727.5,327,581,19332,2,1
9667,83,727.4,327.4,581,19334,2,1
9668,83,727.8,327.4,581,19336,2,1
9669,83,728.3,327.2,581,19338,2,1
9670,83,728.7,327,581,19340,2,1
9671,83,729.1,326.8,581,19342,2,1
9672,83,729.3,326.5,581,19344,2,1
9673,83,729.3,326.1,581,19346,2,1
9674,83,729.3,325.7,581,19348,2,1
9675,83,729,325.4,581,19350,2,1
9676,83,728.7,325.2,581,19352,2,1
9677,83,728.6,324.9,581,19354,2,1
9678,83,728.5,324.6,581,19356,2,1
9679,83,728.5,324.4,581,19358,2,1
9680,83,728.6,324.1,581,19360,2,1
9681,83,728.8,324.1,581,19362,2,1
9682,83,729,323.9,581,19364,2,1
9683,83,729.1,323.7,582,19366,2,1
9684,83,729,323.6,582,19368,2,1
9685,83,729,323.5,582,19370,2,1
9686,83,728.9,323.6,582,19372,2,1
9687,83,728.8,323.9,582,19374,2,1
9688,83,728.7,324.4,582,19376,2,1
9689,83,728.7,325,582,19378,2,1
9690,83,728.9,325.3,582,19380,2,1
9691,83,729.1,325.7,582,19382,2,1
9692,83,729.3,326.6,582,19384,2,1
9693,83,729.4,327.6,582,19386,2,1
9694,83,729.5,328.7,582,19388,2,1
9695,83,729.3,329.6,582,19390,2,1
9696,83,729.2,330.4,582,19392,2,1
9697,83,728.9,330.8,582,19394,2,1
9698,83,728.7,331,582,19396,2,1
9699,83,728.6,330.5,583,19398,2,1
9700,83,728.5,330,583,19400,2,1
9701,83,728.5,329.5,583,19402,2,1
9702,83,728.7,329,583,19404,2,1
9703,83,728.9,328.7,583,19406,2,1
9704,83,729,328.8,583,19408,2,1
9705,83,728.9,329,583,19410,2,1
9706,83,728.8,328.9,583,19412,2,1
9707,83,728.8,328.5,583,19414,2,1
9708,83,728.8,327.7,583,19416,2,1
9709,83,729,326.9,583,19418,2,1
9710,83,729.3,326.1,583,19420,2,1
9711,83,729.6,325.5,583,19422,2,1
9712,83,730,325.1,583,19424,2,1
9713,83,730.1,325.1,583,19426,2,1
9714,83,730,325.1,583,19428,2,1
9715,83,729.6,325.7,583,19430,2,1
9716,83,729.1,326,584,19432,2,1
9717,83,728.6,326.2,584,19434,2,1
9718,83,728.3,326.4,584,19436,2,1
9719,83,727.9,326.7,584,19438,2,1
9720,83,727.7,327.3,584,19440,2,1
9721,83,728.3,328.3,584,19442,2,1
9722,83,729,329.4,584,19444,2,1
9723,83,729.7,331.1,584,19446,2,1
9724,83,730.3,333.6,584,19448,2,1
9725,83,730.8,337.8,584,19450,2,1
9726,83,731.4,343.3,584,19452,2,1
9727,83,732.1,349.4,584,19454,2,1
9728,83,732.9,355.3,584,19456,2,1
9729,83,733.7,361.2,584,19458,2,1
9730,83,734.4,366.6,584,19460,2,1
9731,83,735.4,370.8,584,19462,2,1
9732,83,736.5,372.5,584,19464,2,1
9733,83,737.4,372.8,585,19466,2,1
9734,83,738.2,371.7,585,19468,2,1
9735,83,738,370.6,585,19470,2,1
9736,83,737.9,369.4,585,19472,2,1
9737,83,737.5,368.3,585,19474,2,1
9738,83,737,367.3,585,19476,2,1
9739,83,736.4,367,585,19478,2,1
9740,83,736,367,585,19480,2,1
9741,83,735.6,367.1,585,19482,2,1
9742,83,735.7,367.6,585,19484,2,1
9743,83,735.8,368.1,585,19486,2,1
9744,83,736.3,369,585,19488,2,1
9745,83,737.2,369.9,585,19490,2,1
9746,83,738,370.8,585,19492,2,1
9747,83,738.8,371.6,585,19494,2,1
9748,83,739.3,372.2,585,19496,2,1
9749,83,739.6,372.6,586,19498,2,1
9750,83,739.6,373,586,19500,2,1
9751,83,739.3,373,586,19502,2,1
9752,83,738.6,373,586,19504,2,1
9753,83,737.1,373.1,586,19506,2,1
9754,83,735.8,373.4,586,19508,2,1
9755,83,734.6,374.1,586,19510,2,1
9756,83,733.7,375,586,19512,2,1
9757,83,733.2,375.9,586,19514,2,1
9758,83,732.7,376.8,586,19516,2,1
9759,83,732.3,377.7,586,19518,2,1
9760,83,732.9,377.8,586,19520,2,1
9761,83,733.6,377.7,586,19522,2,1
9762,83,734.2,377.3,586,19524,2,1
9763,83,734.7,376.8,586,19526,2,1
9764,83,735.6,376.2,586,19528,2,1
9765,83,736.5,375.8,586,19530,2,1
9766,83,737.3,375.4,587,19532,2,1
9767,83,738,375.6,587,19534,2,1
9768,83,738.4,376,587,19536,2,1
9769,83,738.8,376.3,587,19538,2,1
9770,83,739.1,377.4,587,19540,2,1
9771,83,738.6,378.4,587,19542,2,1
9772,83,738.1,379.2,587,19544,2,1
9773,83,737.7,379.3,587,19546,2,1
9774,83,736.7,379.3,587,19548,2,1
9775,83,735.8,379.3,587,19550,2,1
9776,83,734.9,379.4,587,19552,2,1
9777,83,734.1,378.8,587,19554,2,1
9778,83,733.7,378.2,587,19556,2,1
9779,83,733.3,377.6,587,19558,2,1
9780,83,732.9,377.8,587,19560,2,1
9781,83,733,378,587,19562,2,1
9782,83,733.2,378.2,587,19564,2,1
9783,83,733.4,378.4,588,19566,2,1
9784,83,733.5,378.5,588,19568,2,1
9785,83,733.5,378.5,588,19570,2,1
9786,83,733.5,378.7,588,19572,2,1
9787,83,733.4,378.9,588,19574,2,1
9788,83,733.3,379.1,588,19576,2,1
9789,83,733.2,379.3,588,19578,2,1
9790,83,733.1,379.4,588,19580,2,1
9791,83,733.1,379.5,588,19582,2,1
9792,83,733.2,379.5,588,19584,2,1
9793,83,733.3,379.5,588,19586,2,1
9794,83,733.8,379.1,588,19588,2,1
9795,83,734.2,378.7,588,19590,2,1
9796,83,734.7,378.4,588,19592,2,1
9797,83,735.1,378.2,588,19594,2,1
9798,83,735.3,378,588,19596,2,1
9799,83,735.5,378,589,19598,2,1
9800,83,735.8,378.2,589,19600,2,1
9801,83,735.8,378.7,589,19602,2,1
9802,83,735.7,379.2,589,19604,2,1
9803,83,735.6,379.5,589,19606,2,1
9804,83,735.5,379.9,589,19608,2,1
9805,83,735.5,380.2,589,19610,2,1
9806,83,735.4,380.6,589,19612,2,1
9807,83,735.3,380.6,589,19614,2,1
9808,83,735.1,380.5,589,19616,2,1
9809,83,735,380.3,589,19618,2,1
9810,83,735.1,380.3,589,19620,2,1
9811,83,735.2,380.1,589,19622,2,1
9812,83,735.3,380,589,19624,2,1
9813,83,735.5,380,589,19626,2,1
9814,83,735.6,380.3,589,19628,2,1
9815,83,735.7,380.7,589,19630,2,1
9816,83,735.8,381.1,590,19632,2,1
9817,83,735.7,381.4,590,19634,2,1
9818,83,735.7,381.7,590,19636,2,1
9819,83,735.6,382,590,19638,2,1
9820,83,735.5,382.1,590,19640,2,1
9821,83,735.4,381.2,590,19642,2,1
9822,83,734.6,380.4,590,19644,2,1
9823,83,734,379.6,590,19646,2,1
9824,83,733.4,378.9,590,19648,2,1
9825,83,733.2,378.5,590,19650,2,1
9826,83,733.1,378.3,590,19652,2,1
9827,83,733.1,378.3,590,19654,2,1
9828,83,733.1,378.9,590,19656,2,1
9829,83,733.7,379.5,590,19658,2,1
9830,83,734.2,379.8,590,19660,2,1
9831,83,734.4,380.1,590,19662,2,1
9832,83,734.3,379.6,590,19664,2,1
9833,83,734.3,378.6,591,19666,2,1
9834,83,734.1,377.6,591,19668,2,1
9835,83,734,376.5,591,19670,2,1
9836,83,734.4,375.4,591,19672,2,1
9837,83,734.9,374.5,591,19674,2,1
9838,83,735.6,373.8,591,19676,2,1
9839,83,736.2,374,591,19678,2,1
9840,83,736.9,374.2,591,19680,2,1
9841,83,737.5,374.9,591,19682,2,1
9842,83,738,375.9,591,19684,2,1
9843,83,737.9,376.8,591,19686,2,1
9844,83,737.9,377.7,591,19688,2,1
9845,83,737.7,378.5,591,19690,2,1
9846,83,737.4,378.1,591,19692,2,1
9847,83,737.1,377.8,591,19694,2,1
9848,83,736.6,377,591,19696,2,1
9849,83,735.9,376.1,592,19698,2,1
9850,83,735.2,375.3,592,19700,2,1
9851,83,734.7,374.4,592,19702,2,1
9852,83,734.3,373.6,592,19704,2,1
9853,83,734.4,373.6,592,19706,2,1
9854,83,734.5,373.6,592,19708,2,1
9855,83,734.9,373.5,592,19710,2,1
9856,83,735.5,373.4,592,19712,2,1
9857,83,736.1,373.4,592,19714,2,1
9858,83,736.8,373.5,592,19716,2,1
9859,83,737.4,373.6,592,19718,2,1
9860,83,737.6,373.6,592,19720,2,1
9861,83,737.9,373.6,592,19722,2,1
9862,83,738.3,373.6,592,19724,2,1
9863,83,738.6,373.6,592,19726,2,1
9864,83,738.9,373.6,592,19728,2,1
9865,83,738.4,373.7,592,19730,2,1
9866,83,737.8,374,593,19732,2,1
9867,83,737.2,374.4,593,19734,2,1
9868,83,736.6,374.8,593,19736,2,1
9869,83,736,375.2,593,19738,2,1
9870,83,735.6,375.6,593,19740,2,1
9871,83,735.3,375.8,593,19742,2,1
9872,83,735.8,375.4,593,19744,2,1
9873,83,736.1,375,593,19746,2,1
9874,83,736.5,374.6,593,19748,2,1
9875,83,736.7,374.3,593,19750,2,1
9876,83,736.8,373.8,593,19752,2,1
9877,83,736.5,373.8,593,19754,2,1
9878,83,736.2,373.8,593,19756,2,1
9879,83,735.8,374.3,593,19758,2,1
9880,83,735.5,374.9,593,19760,2,1
9881,83,735.1,375.3,593,19762,2,1
9882,83,734.9,375.5,593,19764,2,1
9883,83,734.9,375.7,594,19766,2,1
9884,83,734.9,375.4,594,19768,2,1
9885,83,734.9,375.2,594,19770,2,1
9886,83,735.1,375,594,19772,2,1
9887,83,735.1,374.9,594,19774,2,1
9888,83,735.1,374.8,594,19776,2,1
9889,83,735.1,374.8,594,19778,2,1
9890,83,735.1,374.8,594,19780,2,1
9891,83,735.2,374.8,594,19782,2,1
9892,83,735.3,374.7,594,19784,2,1
9893,83,735.3,374.6,594,19786,2,1
9894,83,735.5,374.5,594,19788,2,1
9895,83,735.6,374.5,594,19790,2,1
9896,83,735.7,374.5,594,19792,2,1
9897,83,735.9,374.6,594,19794,2,1
9898,83,736,374.5,594,19796,2,1
9899,83,736,374.4,595,19798,2,1
9900,83,736.2,374.5,595,19800,2,1
9901,83,736.2,374.8,595,19802,2,1
9902,83,736.3,375.1,595,19804,2,1
9903,83,736.4,375.3,595,19806,2,1
9904,83,736.3,375.5,595,19808,2,1
9905,83,736.2,375.7,595,19810,2,1
9906,83,736.1,375.9,595,19812,2,1
9907,83,736,376.3,595,19814,2,1
9908,83,735.9,376.4,595,19816,2,1
9909,83,735.9,376.6,595,19818,2,1
9910,83,735.8,376.7,595,19820,2,1
9911,83,736,376.9,595,19822,2,1
9912,83,736,377.1,595,19824,2,1
9913,83,736,377,595,19826,2,1
9914,83,735.9,376.7,595,19828,2,1
9915,83,735.8,376.4,595,19830,2,1
9916,83,735.7,376.4,596,19832,2,1
9917,83,735.5,376.3,596,19834,2,1
9918,83,735.2,376.3,596,19836,2,1
9919,83,735.1,376.3,596,19838,2,1
9920,83,735.1,376.6,596,19840,2,1
9921,83,735.2,376.8,596,19842,2,1
9922,83,735.4,376.8,596,19844,2,1
9923,83,735.6,376.5,596,19846,2,1
9924,83,735.8,376.1,596,19848,2,1
9925,83,736,375.8,596,19850,2,1
9926,83,736.1,375.6,596,19852,2,1
9927,83,736.2,375.7,596,19854,2,1
9928,83,736.2,375.8,596,19856,2,1
9929,83,736,376,596,19858,2,1
9930,83,735.7,376.4,596,19860,2,1
9931,83,735.6,376.9,596,19862,2,1
9932,83,735.4,377.2,596,19864,2,1
9933,83,735.2,377.4,597,19866,2,1
9934,83,735.1,377.4,597,19868,2,1
9935,83,735.1,377.4,597,19870,2,1
9936,83,735.5,377.4,597,19872,2,1
9937,83,735.9,377.3,597,19874,2,1
9938,83,736.3,377.2,597,19876,2,1
9939,83,736.1,376.5,597,19878,2,1
9940,83,735.9,375.9,597,19880,2,1
9941,83,735.7,375.2,597,19882,2,1
9942,83,735.4,374.5,597,19884,2,1
9943,83,734.9,373.9,597,19886,2,1
9944,83,734.5,373.4,597,19888,2,1
9945,83,734.1,373.1,597,19890,2,1
9946,83,734.7,373.4,597,19892,2,1
9947,83,735.5,373.8,597,19894,2,1
9948,83,736.3,374.1,597,19896,2,1
9949,83,737.2,374.2,598,19898,2,1
9950,83,738.1,374.4,598,19900,2,1
9951,83,738.9,374.4,598,19902,2,1
9952,83,739.7,374.3,598,19904,2,1
9953,83,739.9,374.1,598,19906,2,1
9954,83,740,373.8,598,19908,2,1
9955,83,739.6,373.4,598,19910,2,1
9956,83,739.2,373.2,598,19912,2,1
9957,83,738.9,372.9,598,19914,2,1
9958,83,738.6,372.7,598,19916,2,1
9959,83,738.2,372.4,598,19918,2,1
9960,83,737.9,372.2,598,19920,2,1
9961,83,737.5,372.2,598,19922,2,1
9962,83,737.5,372,598,19924,2,1
9963,83,737.4,371.9,598,19926,2,1
9964,83,737.4,371.9,598,19928,2,1
9965,83,737.3,372.1,598,19930,2,1
9966,83,737.4,372.4,599,19932,2,1
9967,83,737.4,372.7,599,19934,2,1
9968,83,737.6,372.9,599,19936,2,1
9969,83,737.8,373.2,599,19938,2,1
9970,83,738,373.5,599,19940,2,1
9971,83,738.1,373.9,599,19942,2,1
9972,83,738.2,374,599,19944,2,1
9973,83,738.2,374.1,599,19946,2,1
9974,83,738.1,374.4,599,19948,2,1
9975,83,738,374.8,599,19950,2,1
9976,83,737.8,375.2,599,19952,2,1
9977,83,737.7,375.6,599,19954,2,1
9978,83,737.6,376.8,599,19956,2,1
9979,83,737.7,379.2,599,19958,2,1
9980,83,737.7,381.8,599,19960,2,1
9981,83,737.8,384.4,599,19962,2,1
9982,83,737.8,388.3,599,19964,2,1
9983,83,824.1,386.2,600,19966,2,1
9984,83,915.4,383.8,600,19968,2,1
9985,83,1005.3,378.8,600,19970,2,1
9986,83,1093.7,370.2,600,19972,2,1
9987,83,1168.6,361.7,600,19974,2,1
9988,83,1226.5,353.7,600,19976,2,1
9989,83,1268.4,345.6,600,19978,2,1
9990,83,1176.6,350.8,600,19980,2,1
9991,83,1078.9,355.5,600,19982,2,1
9992,83,981,360.9,600,19984,2,1
9993,83,882.3,367.6,600,19986,2,1
9994,83,794.8,374,600,19988,2,1
9995,83,722.5,379.9,600,19990,2,1
9996,83,665.8,384.7,600,19992,2,1
9997,83,-9999,-9999,600,19994,2,1
9998,83,-9999,-9999,600,19996,2,1
9999,83,-9999,-9999,601,19998,2,1
10000,83,-9999,-9999,601,20000,2,1
10001,83,-9999,-9999,601,20002,2,1
10002,83,-9999,-9999,601,20004,2,1
10003,83,-9999,-9999,601,20006,2,1
10004,83,-9999,-9999,601,20008,2,1
10005,83,-9999,-9999,601,20010,2,1
10006,83,-9999,-9999,601,20012,2,1
10007,83,-9999,-9999,601,20014,2,1
10008,83,-9999,-9999,601,20016,2,1
10009,83,-9999,-9999,601,20018,2,1
10010,83,-9999,-9999,601,20020,2,1
10011,83,-9999,-9999,601,20022,2,1
10012,83,-9999,-9999,601,20024,2,1
10013,83,-9999,-9999,601,20026,2,1
10014,83,-9999,-9999,601,20028,2,1
10015,83,-9999,-9999,601,20030,2,1
10016,83,-9999,-9999,602,20032,2,1
10017,83,-9999,-9999,602,20034,2,1
10018,83,-9999,-9999,602,20036,2,1
10019,83,-9999,-9999,602,20038,2,1
10020,83,-9999,-9999,602,20040,2,1
10021,83,-9999,-9999,602,20042,2,1
10022,83,-9999,-9999,602,20044,2,1
10023,83,-9999,-9999,602,20046,2,1
10024,83,-9999,-9999,602,20048,2,1
10025,83,-9999,-9999,602,20050,2,1
10026,83,-9999,-9999,602,20052,2,1
10027,83,-9999,-9999,602,20054,2,1
10028,83,-9999,-9999,602,20056,2,1
10029,83,-9999,-9999,602,20058,2,1
10030,83,-9999,-9999,602,20060,2,1
10031,83,-9999,-9999,602,20062,2,1
10032,83,-9999,-9999,602,20064,2,1
10033,83,-9999,-9999,603,20066,2,1
10034,83,-9999,-9999,603,20068,2,1
10035,83,-9999,-9999,603,20070,2,1
10036,83,-9999,-9999,603,20072,2,1
10037,83,-9999,-9999,603,20074,2,1
10038,83,-9999,-9999,603,20076,2,1
10039,83,-9999,-9999,603,20078,2,1
10040,83,-9999,-9999,603,20080,2,1
10041,83,-9999,-9999,603,20082,2,1
10042,83,-9999,-9999,603,20084,2,1
10043,83,-9999,-9999,603,20086,2,1
10044,83,-9999,-9999,603,20088,2,1
10045,83,-9999,-9999,603,20090,2,1
10046,83,-9999,-9999,603,20092,2,1
10047,83,-9999,-9999,603,20094,2,1
10048,83,-9999,-9999,603,20096,2,1
10049,83,-9999,-9999,604,20098,2,1
10050,83,-9999,-9999,604,20100,2,1
10051,83,-9999,-9999,604,20102,2,1
10052,83,-9999,-9999,604,20104,2,1
10053,83,-9999,-9999,604,20106,2,1
10054,83,-9999,-9999,604,20108,2,1
10055,83,-9999,-9999,604,20110,2,1
10056,83,-9999,-9999,604,20112,2,1
10057,83,-9999,-9999,604,20114,2,1
10058,83,-9999,-9999,604,20116,2,1
10059,83,-9999,-9999,604,20118,2,1
10060,83,-9999,-9999,604,20120,2,1
10061,83,-9999,-9999,604,20122,2,1
10062,83,-9999,-9999,604,20124,2,1
10063,83,-9999,-9999,604,20126,2,1
10064,83,-9999,-9999,604,20128,2,1
10065,83,-9999,-9999,604,20130,2,1
10066,83,-9999,-9999,605,20132,2,1
10067,83,-9999,-9999,605,20134,2,1
10068,83,-9999,-9999,605,20136,2,1
10069,83,-9999,-9999,605,20138,2,1
10070,83,-9999,-9999,605,20140,2,1
10071,83,-9999,-9999,605,20142,2,1
10072,83,-9999,-9999,605,20144,2,1
10073,83,-9999,-9999,605,20146,2,1
10074,83,-9999,-9999,605,20148,2,1
10075,83,-9999,-9999,605,20150,2,1
10076,83,-9999,-9999,605,20152,2,1
10077,83,-9999,-9999,605,20154,2,1
10078,83,-9999,-9999,605,20156,2,1
10079,83,-9999,-9999,605,20158,2,1
10080,83,-9999,-9999,605,20160,2,1
10081,83,-9999,-9999,605,20162,2,1
10082,83,-9999,-9999,605,20164,2,1
10083,83,-9999,-9999,606,20166,2,1
10084,83,-9999,-9999,606,20168,2,1
10085,83,-9999,-9999,606,20170,2,1
10086,83,-9999,-9999,606,20172,2,1
10087,83,-9999,-9999,606,20174,2,1
10088,83,-9999,-9999,606,20176,2,1
10089,83,-9999,-9999,606,20178,2,1
10090,83,-9999,-9999,606,20180,2,1
10091,83,-9999,-9999,606,20182,2,1
10092,83,-9999,-9999,606,20184,2,1
10093,83,-9999,-9999,606,20186,2,1
10094,83,-9999,-9999,606,20188,2,1
10095,83,-9999,-9999,606,20190,2,1
10096,83,-9999,-9999,606,20192,2,1
10097,83,-9999,-9999,606,20194,2,1
10098,83,-9999,-9999,606,20196,2,1
10099,83,-9999,-9999,607,20198,2,1
10100,83,-9999,-9999,607,20200,2,1
10101,83,-9999,-9999,607,20202,2,1
10102,83,-9999,-9999,607,20204,2,1
10103,83,-9999,-9999,607,20206,2,1
10104,83,-9999,-9999,607,20208,2,1
10105,83,-9999,-9999,607,20210,2,1
10106,83,-9999,-9999,607,20212,2,1
10107,83,-9999,-9999,607,20214,2,1
10108,83,-9999,-9999,607,20216,2,1
10109,83,-9999,-9999,607,20218,2,1
10110,83,-9999,-9999,607,20220,2,1
10111,83,-9999,-9999,607,20222,2,1
10112,83,-9999,-9999,607,20224,2,1
10113,83,-9999,-9999,607,20226,2,1
10114,83,-9999,-9999,607,20228,2,1
10115,83,-9999,-9999,607,20230,2,1
10116,83,-9999,-9999,608,20232,2,1
10117,83,-9999,-9999,608,20234,2,1
10118,83,-9999,-9999,608,20236,2,1
10119,83,-9999,-9999,608,20238,2,1
10120,83,-9999,-9999,608,20240,2,1
10121,83,-9999,-9999,608,20242,2,1
10122,83,-9999,-9999,608,20244,2,1
10123,83,-9999,-9999,608,20246,2,1
10124,83,-9999,-9999,608,20248,2,1
10125,83,-9999,-9999,608,20250,2,1
10126,83,-9999,-9999,608,20252,2,1
10127,83,-9999,-9999,608,20254,2,1
10128,83,-9999,-9999,608,20256,2,1
10129,83,-9999,-9999,608,20258,2,1
10130,83,718.6,343,608,20260,2,1
10131,83,718.7,342.1,608,20262,2,1
10132,83,718.8,340.5,608,20264,2,1
10133,83,719,339.2,609,20266,2,1
10134,83,719,347.6,609,20268,2,1
10135,83,719.6,352.5,609,20270,2,1
10136,83,721.4,355.7,609,20272,2,1
10137,83,723.9,361.5,609,20274,2,1
10138,83,726.4,366.9,609,20276,2,1
10139,83,729.2,372.9,609,20278,2,1
10140,83,732.2,379.4,609,20280,2,1
10141,83,735.4,379.2,609,20282,2,1
10142,83,738.3,379.3,609,20284,2,1
10143,83,740.2,379.4,609,20286,2,1
10144,83,741.6,379.5,609,20288,2,1
10145,83,743,379.9,609,20290,2,1
10146,83,744.4,380.1,609,20292,2,1
10147,83,745.8,380.2,609,20294,2,1
10148,83,747.9,380.2,609,20296,2,1
10149,83,749.7,380,610,20298,2,1
10150,83,750.9,379.7,610,20300,2,1
10151,83,751.9,379.6,610,20302,2,1
10152,83,752.9,379.4,610,20304,2,1
10153,83,753.2,379.2,610,20306,2,1
10154,83,753.3,379.1,610,20308,2,1
10155,83,752.5,379.2,610,20310,2,1
10156,83,751.3,379.7,610,20312,2,1
10157,83,750.3,380,610,20314,2,1
10158,83,749.4,380.1,610,20316,2,1
10159,83,748.5,380,610,20318,2,1
10160,83,748,380.3,610,20320,2,1
10161,83,747.6,380.7,610,20322,2,1
10162,83,747.4,380.7,610,20324,2,1
10163,83,747.6,380.9,610,20326,2,1
10164,83,747.9,380.9,610,20328,2,1
10165,83,748.3,381,610,20330,2,1
10166,83,748.9,381,611,20332,2,1
10167,83,749.3,380.6,611,20334,2,1
10168,83,749.4,380,611,20336,2,1
10169,83,749.4,379.8,611,20338,2,1
10170,83,749.4,379.6,611,20340,2,1
10171,83,749.3,379.4,611,20342,2,1
10172,83,749.1,379.3,611,20344,2,1
10173,83,748.9,379.4,611,20346,2,1
10174,83,748.7,379.4,611,20348,2,1
10175,83,748.7,379.6,611,20350,2,1
10176,83,748.6,379.7,611,20352,2,1
10177,83,748.6,379.6,611,20354,2,1
10178,83,748.3,379.6,611,20356,2,1
10179,83,747.8,379.4,611,20358,2,1
10180,83,747.3,379.1,611,20360,2,1
10181,83,746.8,378.7,611,20362,2,1
10182,83,746.3,378.4,611,20364,2,1
10183,83,745.8,378.1,612,20366,2,1
10184,83,745.2,377.8,612,20368,2,1
10185,83,744.5,377.8,612,20370,2,1
10186,83,743.7,377.9,612,20372,2,1
10187,83,742.9,378,612,20374,2,1
10188,83,742.1,378.5,612,20376,2,1
10189,83,741.3,379,612,20378,2,1
10190,83,740.7,379.6,612,20380,2,1
10191,83,740.3,380.1,612,20382,2,1
10192,83,740,380.5,612,20384,2,1
10193,83,740.1,381,612,20386,2,1
10194,83,740.1,381.5,612,20388,2,1
10195,83,740.2,381.9,612,20390,2,1
10196,83,740.2,382.4,612,20392,2,1
10197,83,740.1,382.5,612,20394,2,1
10198,83,739.9,382.6,612,20396,2,1
10199,83,739.7,382.7,613,20398,2,1
10200,83,739.2,382.7,613,20400,2,1
10201,83,738.6,382.6,613,20402,2,1
10202,83,738,382.1,613,20404,2,1
10203,83,737.2,381.9,613,20406,2,1
10204,83,736.3,381.9,613,20408,2,1
10205,83,735.4,381.9,613,20410,2,1
10206,83,734.6,382.1,613,20412,2,1
10207,83,734.2,382.3,613,20414,2,1
10208,83,734.1,382.4,613,20416,2,1
10209,83,734.3,382.4,613,20418,2,1
10210,83,734.9,382,613,20420,2,1
10211,83,735.4,381.7,613,20422,2,1
10212,83,736.2,381.2,613,20424,2,1
10213,83,736.9,380.8,613,20426,2,1
10214,83,737.3,380.4,613,20428,2,1
10215,83,737.6,380.2,613,20430,2,1
10216,83,737.5,380,614,20432,2,1
10217,83,737.3,379.8,614,20434,2,1
10218,83,737.1,379.7,614,20436,2,1
10219,83,736.8,379.7,614,20438,2,1
10220,83,736.5,379.9,614,20440,2,1
10221,83,736.5,380.4,614,20442,2,1
10222,83,736.3,380.9,614,20444,2,1
10223,83,736.2,381,614,20446,2,1
10224,83,736.1,381.2,614,20448,2,1
10225,83,736,381.6,614,20450,2,1
10226,83,735.6,381.8,614,20452,2,1
10227,83,735.3,381.8,614,20454,2,1
10228,83,734.8,381.2,614,20456,2,1
10229,83,734.3,380.8,614,20458,2,1
10230,83,733.6,380.7,614,20460,2,1
10231,83,732.8,380.6,614,20462,2,1
10232,83,732.1,380.4,614,20464,2,1
10233,83,731.6,379.8,615,20466,2,1
10234,83,730.9,379.5,615,20468,2,1
10235,83,730.2,379.4,615,20470,2,1
10236,83,729.7,379.2,615,20472,2,1
10237,83,729.3,379.2,615,20474,2,1
10238,83,728.9,379.2,615,20476,2,1
10239,83,728.5,379.2,615,20478,2,1
10240,83,728.4,379.6,615,20480,2,1
10241,83,728.3,380.1,615,20482,2,1
10242,83,728.4,380.5,615,20484,2,1
10243,83,728.6,380.9,615,20486,2,1
10244,83,728.7,381.5,615,20488,2,1
10245,83,728.7,382.5,615,20490,2,1
10246,83,728.6,383.3,615,20492,2,1
10247,83,728.5,383.7,615,20494,2,1
10248,83,728.2,384,615,20496,2,1
10249,83,728,384.4,616,20498,2,1
10250,83,727.5,384.5,616,20500,2,1
10251,83,727,384.3,616,20502,2,1
10252,83,726.6,383.9,616,20504,2,1
10253,83,726.4,383.2,616,20506,2,1
10254,83,726.3,382.6,616,20508,2,1
10255,83,726.5,382.1,616,20510,2,1
10256,83,726.7,381.8,616,20512,2,1
10257,83,727.3,381.4,616,20514,2,1
10258,83,728,381.2,616,20516,2,1
10259,83,728.7,381.3,616,20518,2,1
10260,83,729.4,381.9,616,20520,2,1
10261,83,730,382.4,616,20522,2,1
10262,83,730.5,382.7,616,20524,2,1
10263,83,731,382.1,616,20526,2,1
10264,83,731.3,381.5,616,20528,2,1
10265,83,731.6,380.7,616,20530,2,1
10266,83,731.8,379.9,617,20532,2,1
10267,83,731.9,379.2,617,20534,2,1
10268,83,732,378.4,617,20536,2,1
10269,83,732,378.6,617,20538,2,1
10270,83,731.9,378.9,617,20540,2,1
10271,83,731.6,379.1,617,20542,2,1
10272,83,731.4,379.3,617,20544,2,1
10273,83,731.2,379.5,617,20546,2,1
10274,83,731,379.5,617,20548,2,1
10275,83,730.9,379.7,617,20550,2,1
10276,83,731,379.2,617,20552,2,1
10277,83,731.1,378.9,617,20554,2,1
10278,83,731.4,378.7,617,20556,2,1
10279,83,731.8,378.2,617,20558,2,1
10280,83,732.2,378.1,617,20560,2,1
10281,83,732.5,378.1,617,20562,2,1
10282,83,732.8,378,617,20564,2,1
10283,83,733,378,618,20566,2,1
10284,83,733.2,378.4,618,20568,2,1
10285,83,733.4,378.8,618,20570,2,1
10286,83,733.7,379,618,20572,2,1
10287,83,734.3,379,618,20574,2,1
10288,83,735,379.2,618,20576,2,1
10289,83,735.7,379.4,618,20578,2,1
10290,83,736.3,379.5,618,20580,2,1
10291,83,737,379,618,20582,2,1
10292,83,737.5,378.7,618,20584,2,1
10293,83,738,378.5,618,20586,2,1
10294,83,738.2,378.3,618,20588,2,1
10295,83,738.3,377.8,618,20590,2,1
10296,83,738.4,377.4,618,20592,2,1
10297,83,738.5,377.1,618,20594,2,1
10298,83,738.5,376.9,618,20596,2,1
10299,83,738.7,376.8,619,20598,2,1
10300,83,738.9,376.7,619,20600,2,1
10301,83,739.2,376.7,619,20602,2,1
10302,83,739.6,376.7,619,20604,2,1
10303,83,740,376.6,619,20606,2,1
10304,83,740.5,376.7,619,20608,2,1
10305,83,740.9,376.7,619,20610,2,1
10306,83,741.3,376.7,619,20612,2,1
10307,83,741.6,376.5,619,20614,2,1
10308,83,741.8,376.4,619,20616,2,1
10309,83,742,376.3,619,20618,2,1
10310,83,742.3,376,619,20620,2,1
10311,83,742.5,375.9,619,20622,2,1
10312,83,742.6,375.7,619,20624,2,1
10313,83,742.8,375.6,619,20626,2,1
10314,83,743.1,375.4,619,20628,2,1
10315,83,743.4,375.1,619,20630,2,1
10316,83,744.1,374.7,620,20632,2,1
10317,83,744.7,374.4,620,20634,2,1
10318,83,745.5,374,620,20636,2,1
10319,83,746.3,373.6,620,20638,2,1
10320,83,747.1,373.1,620,20640,2,1
10321,83,747.8,372.7,620,20642,2,1
10322,83,747.7,372.4,620,20644,2,1
10323,83,747.2,372.4,620,20646,2,1
10324,83,746.7,372.4,620,20648,2,1
10325,83,746.1,373,620,20650,2,1
10326,83,745.3,373.6,620,20652,2,1
10327,83,744.7,374.2,620,20654,2,1
10328,83,744,374.9,620,20656,2,1
10329,83,744.1,375.4,620,20658,2,1
10330,83,744.2,375.9,620,20660,2,1
10331,83,744.3,375.8,620,20662,2,1
10332,83,744.5,375.3,620,20664,2,1
10333,83,744.7,374.9,621,20666,2,1
10334,83,744.9,374.4,621,20668,2,1
10335,83,745.1,374,621,20670,2,1
10336,83,745.3,373.5,621,20672,2,1
10337,83,745.5,373,621,20674,2,1
10338,83,745.8,372.8,621,20676,2,1
10339,83,746.3,372.5,621,20678,2,1
10340,83,746.5,372.1,621,20680,2,1
10341,83,746.7,371.8,621,20682,2,1
10342,83,746.7,371.6,621,20684,2,1
10343,83,746.7,371.5,621,20686,2,1
10344,83,747.2,371.5,621,20688,2,1
10345,83,747.7,371.7,621,20690,2,1
10346,83,748.1,371.8,621,20692,2,1
10347,83,748.8,371.9,621,20694,2,1
10348,83,749.5,372.1,621,20696,2,1
10349,83,750.2,372.6,622,20698,2,1
10350,83,750.9,372.9,622,20700,2,1
10351,83,751.1,373.1,622,20702,2,1
10352,83,751.3,372.9,622,20704,2,1
10353,83,751.4,372.6,622,20706,2,1
10354,83,751.5,372.4,622,20708,2,1
10355,83,751.5,372.2,622,20710,2,1
10356,83,751.5,371.8,622,20712,2,1
10357,83,751.5,371.5,622,20714,2,1
10358,83,751.5,371.6,622,20716,2,1
10359,83,751.5,372.4,622,20718,2,1
10360,83,751.5,373.1,622,20720,2,1
10361,83,751.6,373.7,622,20722,2,1
10362,83,752.2,374.1,622,20724,2,1
10363,83,753,374.5,622,20726,2,1
10364,83,753.6,374.6,622,20728,2,1
10365,83,754.3,374.4,622,20730,2,1
10366,83,754.7,373.9,623,20732,2,1
10367,83,755.1,373.5,623,20734,2,1
10368,83,755.5,373.3,623,20736,2,1
10369,83,755.4,373.1,623,20738,2,1
10370,83,755.3,372.8,623,20740,2,1
10371,83,755.3,372.8,623,20742,2,1
10372,83,755.2,372.7,623,20744,2,1
10373,83,755.2,372.7,623,20746,2,1
10374,83,754.8,372.5,623,20748,2,1
10375,83,754.3,372.3,623,20750,2,1
10376,83,753.8,372.2,623,20752,2,1
10377,83,753.7,372.3,623,20754,2,1
10378,83,753.7,372.3,623,20756,2,1
10379,83,753.8,372.3,623,20758,2,1
10380,83,754.2,372.1,623,20760,2,1
10381,83,755,371.7,623,20762,2,1
10382,83,755.9,371.4,623,20764,2,1
10383,83,756.8,371.1,624,20766,2,1
10384,83,757.2,370.8,624,20768,2,1
10385,83,757.6,370.4,624,20770,2,1
10386,83,757.8,370.1,624,20772,2,1
10387,83,758,370,624,20774,2,1
10388,83,757.9,370,624,20776,2,1
10389,83,757.7,370.2,624,20778,2,1
10390,83,757.7,370.4,624,20780,2,1
10391,83,757.7,370.5,624,20782,2,1
10392,83,757.9,370.6,624,20784,2,1
10393,83,758.2,370.6,624,20786,2,1
10394,83,758.5,370.7,624,20788,2,1
10395,83,758.9,370.9,624,20790,2,1
10396,83,758.7,371,624,20792,2,1
10397,83,758.5,371.2,624,20794,2,1
10398,83,758.1,371.3,624,20796,2,1
10399,83,757.3,371.3,625,20798,2,1
10400,83,756.4,371.5,625,20800,2,1
10401,83,755.5,371.7,625,20802,2,1
10402,83,754.4,372.1,625,20804,2,1
10403,83,753.9,372.4,625,20806,2,1
10404,83,753.2,372.7,625,20808,2,1
10405,83,752.7,372.9,625,20810,2,1
10406,83,752.2,373.2,625,20812,2,1
10407,83,751.9,373.4,625,20814,2,1
10408,83,751.8,373.7,625,20816,2,1
10409,83,751.9,373.7,625,20818,2,1
10410,83,752,373.7,625,20820,2,1
10411,83,752.4,373.6,625,20822,2,1
10412,83,752.8,373.3,625,20824,2,1
10413,83,753.5,373,625,20826,2,1
10414,83,754.2,372.8,625,20828,2,1
10415,83,754.8,372.5,625,20830,2,1
10416,83,755.3,372.1,626,20832,2,1
10417,83,755.9,371.8,626,20834,2,1
10418,83,756.3,371.6,626,20836,2,1
10419,83,756.6,371.9,626,20838,2,1
10420,83,756.6,372.2,626,20840,2,1
10421,83,756.6,372.4,626,20842,2,1
10422,83,756.6,372.6,626,20844,2,1
10423,83,756.8,372.1,626,20846,2,1
10424,83,757.6,371.5,626,20848,2,1
10425,83,758.5,371.3,626,20850,2,1
10426,83,759.3,371.2,626,20852,2,1
10427,83,760.2,371,626,20854,2,1
10428,83,760.8,371,626,20856,2,1
10429,83,761.3,371.2,626,20858,2,1
10430,83,761.6,372,626,20860,2,1
10431,83,761.3,372.7,626,20862,2,1
10432,83,761,373.4,626,20864,2,1
10433,83,760.8,373.5,627,20866,2,1
10434,83,760.8,373.6,627,20868,2,1
10435,83,760.8,373.7,627,20870,2,1
10436,83,760.7,373.8,627,20872,2,1
10437,83,760.2,374,627,20874,2,1
10438,83,759.7,374.1,627,20876,2,1
10439,83,759.2,374.5,627,20878,2,1
10440,83,758.5,375,627,20880,2,1
10441,83,757.8,375.6,627,20882,2,1
10442,83,757.3,376.3,627,20884,2,1
10443,83,756.8,376.9,627,20886,2,1
10444,83,756.8,377.3,627,20888,2,1
10445,83,756.8,377.5,627,20890,2,1
10446,83,756.8,377.4,627,20892,2,1
10447,83,756.9,377.4,627,20894,2,1
10448,83,757,377.3,627,20896,2,1
10449,83,757.3,377.3,628,20898,2,1
10450,83,757.5,377.4,628,20900,2,1
10451,83,757.8,377.4,628,20902,2,1
10452,83,758.1,377.4,628,20904,2,1
10453,83,758.4,377.5,628,20906,2,1
10454,83,758.6,377.6,628,20908,2,1
10455,83,758,377.8,628,20910,2,1
10456,83,757.1,378.1,628,20912,2,1
10457,83,756.2,378.4,628,20914,2,1
10458,83,755.4,378.9,628,20916,2,1
10459,83,754.6,378.8,628,20918,2,1
10460,83,753.8,378.7,628,20920,2,1
10461,83,753.1,378.4,628,20922,2,1
10462,83,753.1,377.7,628,20924,2,1
10463,83,753.2,377,628,20926,2,1
10464,83,753.3,376.2,628,20928,2,1
10465,83,753.3,375.4,628,20930,2,1
10466,83,753.4,375.2,629,20932,2,1
10467,83,753.6,375.1,629,20934,2,1
10468,83,754,375.2,629,20936,2,1
10469,83,754.3,375.6,629,20938,2,1
10470,83,754.7,375.9,629,20940,2,1
10471,83,755.2,376.3,629,20942,2,1
10472,83,755.6,376.8,629,20944,2,1
10473,83,755.9,377.2,629,20946,2,1
10474,83,756.1,377.5,629,20948,2,1
10475,83,756,377.6,629,20950,2,1
10476,83,755.9,377.8,629,20952,2,1
10477,83,755.7,377.9,629,20954,2,1
10478,83,755.5,378.1,629,20956,2,1
10479,83,755.2,378.5,629,20958,2,1
10480,83,754.9,379,629,20960,2,1
10481,83,754.7,379.3,629,20962,2,1
10482,83,754.6,379.5,629,20964,2,1
10483,83,754.6,379.4,630,20966,2,1
10484,83,754.6,379.4,630,20968,2,1
10485,83,754.7,379.3,630,20970,2,1
10486,83,754.8,379.3,630,20972,2,1
10487,83,754.9,379.2,630,20974,2,1
10488,83,755,379.3,630,20976,2,1
10489,83,755.1,379.5,630,20978,2,1
10490,83,755.3,379.7,630,20980,2,1
10491,83,755.5,379.6,630,20982,2,1
10492,83,755.5,379.5,630,20984,2,1
10493,83,755.4,379.4,630,20986,2,1
10494,83,755.2,379.3,630,20988,2,1
10495,83,755,379.2,630,20990,2,1
10496,83,754.5,379.2,630,20992,2,1
10497,83,753.9,379.3,630,20994,2,1
10498,83,753.3,379.7,630,20996,2,1
10499,83,752.8,380.1,631,20998,2,1
10500,83,752.4,380.4,631,21000,2,1
10501,83,752.1,380.8,631,21002,2,1
10502,83,751.9,381.1,631,21004,2,1
10503,83,752,381.3,631,21006,2,1
10504,83,752.1,381.5,631,21008,2,1
10505,83,752.5,381.3,631,21010,2,1
10506,83,752.9,381,631,21012,2,1
10507,83,753.4,380.7,631,21014,2,1
10508,83,753.8,380.4,631,21016,2,1
10509,83,754.2,380.1,631,21018,2,1
10510,83,754.5,379.9,631,21020,2,1
10511,83,754.7,379.8,631,21022,2,1
10512,83,754.7,379.7,631,21024,2,1
10513,83,754.9,379.5,631,21026,2,1
10514,83,755.2,379.2,631,21028,2,1
10515,83,755.4,379,631,21030,2,1
10516,83,755.5,378.8,632,21032,2,1
10517,83,755.5,378.6,632,21034,2,1
10518,83,755.6,378.4,632,21036,2,1
10519,83,755.6,378.2,632,21038,2,1
10520,83,755.4,378.2,632,21040,2,1
10521,83,755.1,378.1,632,21042,2,1
10522,83,754.9,377.9,632,21044,2,1
10523,83,754.9,377.7,632,21046,2,1
10524,83,754.9,377.5,632,21048,2,1
10525,83,754.8,377.3,632,21050,2,1
10526,83,754.8,377.3,632,21052,2,1
10527,83,754.7,377.2,632,21054,2,1
10528,83,755.1,377.3,632,21056,2,1
10529,83,755.4,377.2,632,21058,2,1
10530,83,755.8,377.1,632,21060,2,1
10531,83,756.3,376.9,632,21062,2,1
10532,83,756.7,377,632,21064,2,1
10533,83,757.1,377.7,633,21066,2,1
10534,83,757.6,378.4,633,21068,2,1
10535,83,757.7,379.2,633,21070,2,1
10536,83,757.8,379.7,633,21072,2,1
10537,83,757.8,380.1,633,21074,2,1
10538,83,757.8,380.5,633,21076,2,1
10539,83,757.3,380.8,633,21078,2,1
10540,83,756.7,380.7,633,21080,2,1
10541,83,755.7,380.4,633,21082,2,1
10542,83,754.8,380,633,21084,2,1
10543,83,753.8,379.7,633,21086,2,1
10544,83,752.9,379.4,633,21088,2,1
10545,83,752,379.1,633,21090,2,1
10546,83,751.4,378.7,633,21092,2,1
10547,83,750.6,378.3,633,21094,2,1
10548,83,750.1,378,633,21096,2,1
10549,83,749.7,377.8,634,21098,2,1
10550,83,749.3,377.5,634,21100,2,1
10551,83,748.9,377.4,634,21102,2,1
10552,83,748.5,377.4,634,21104,2,1
10553,83,748,377.9,634,21106,2,1
10554,83,747.4,378.5,634,21108,2,1
10555,83,746.9,379.2,634,21110,2,1
10556,83,746.5,379.9,634,21112,2,1
10557,83,746.1,380.4,634,21114,2,1
10558,83,745.8,380.6,634,21116,2,1
10559,83,745.6,380.2,634,21118,2,1
10560,83,745.7,379.2,634,21120,2,1
10561,83,746.1,378.3,634,21122,2,1
10562,83,746.4,377.3,634,21124,2,1
10563,83,747.1,376.3,634,21126,2,1
10564,83,747.8,375.5,634,21128,2,1
10565,83,748.4,374.9,634,21130,2,1
10566,83,748.9,375,635,21132,2,1
10567,83,749.3,375.4,635,21134,2,1
10568,83,749.7,376,635,21136,2,1
10569,83,750,376.5,635,21138,2,1
10570,83,749.9,377,635,21140,2,1
10571,83,749.8,377.4,635,21142,2,1
10572,83,749.7,377.7,635,21144,2,1
10573,83,749.6,378.1,635,21146,2,1
10574,83,749.6,378.2,635,21148,2,1
10575,83,749.7,378.3,635,21150,2,1
10576,83,749.7,378.6,635,21152,2,1
10577,83,749.8,378.6,635,21154,2,1
10578,83,750.1,378.5,635,21156,2,1
10579,83,750.6,378.3,635,21158,2,1
10580,83,751.1,377.9,635,21160,2,1
10581,83,751.5,377.5,635,21162,2,1
10582,83,751.9,377.1,635,21164,2,1
10583,83,752.3,376.5,636,21166,2,1
10584,83,752.7,376.1,636,21168,2,1
10585,83,752.8,375.8,636,21170,2,1
10586,83,752.6,375.8,636,21172,2,1
10587,83,752.3,375.8,636,21174,2,1
10588,83,751.6,375.8,636,21176,2,1
10589,83,751,375.7,636,21178,2,1
10590,83,750.3,375.6,636,21180,2,1
10591,83,749.9,375.5,636,21182,2,1
10592,83,749.6,375.1,636,21184,2,1
10593,83,749.6,374.5,636,21186,2,1
10594,83,749.6,374.2,636,21188,2,1
10595,83,750.1,374.2,636,21190,2,1
10596,83,750.5,374.4,636,21192,2,1
10597,83,751,374.7,636,21194,2,1
10598,83,751.3,375,636,21196,2,1
10599,83,751.7,375.5,637,21198,2,1
10600,83,751.8,375.7,637,21200,2,1
10601,83,751.9,375.9,637,21202,2,1
10602,83,751.7,375.6,637,21204,2,1
10603,83,751.4,375.5,637,21206,2,1
10604,83,751.1,375.4,637,21208,2,1
10605,83,750.9,375.3,637,21210,2,1
10606,83,750.5,375.2,637,21212,2,1
10607,83,750.3,375.3,637,21214,2,1
10608,83,750.2,375.2,637,21216,2,1
10609,83,750.4,374.8,637,21218,2,1
10610,83,750.6,374.5,637,21220,2,1
10611,83,750.9,374.1,637,21222,2,1
10612,83,751,373.7,637,21224,2,1
10613,83,751.1,373.3,637,21226,2,1
10614,83,751.1,373.1,637,21228,2,1
10615,83,751,373,637,21230,2,1
10616,83,750.9,373.2,638,21232,2,1
10617,83,750.8,373.3,638,21234,2,1
10618,83,750.8,373.7,638,21236,2,1
10619,83,750.8,374.4,638,21238,2,1
10620,83,750.8,375,638,21240,2,1
10621,83,750.9,375.4,638,21242,2,1
10622,83,751.1,375.7,638,21244,2,1
10623,83,751.2,376,638,21246,2,1
10624,83,751.2,376.3,638,21248,2,1
10625,83,751.3,376.3,638,21250,2,1
10626,83,751.2,376.1,638,21252,2,1
10627,83,751.1,375.8,638,21254,2,1
10628,83,751,375.8,638,21256,2,1
10629,83,750.8,376,638,21258,2,1
10630,83,750.6,376.4,638,21260,2,1
10631,83,750.4,376.6,638,21262,2,1
10632,83,750.3,376.9,638,21264,2,1
10633,83,750.3,377.3,639,21266,2,1
10634,83,750.6,377.6,639,21268,2,1
10635,83,751,377.9,639,21270,2,1
10636,83,751.3,378.1,639,21272,2,1
10637,83,751.7,378.3,639,21274,2,1
10638,83,752.1,378.4,639,21276,2,1
10639,83,752.4,378.5,639,21278,2,1
10640,83,752.7,378.5,639,21280,2,1
10641,83,752.5,378.4,639,21282,2,1
10642,83,752.4,378.4,639,21284,2,1
10643,83,752.3,377.5,639,21286,2,1
10644,83,752.2,376.6,639,21288,2,1
10645,83,751.7,375.7,639,21290,2,1
10646,83,751.2,375.1,639,21292,2,1
10647,83,750.6,374.8,639,21294,2,1
10648,83,750.1,374.7,639,21296,2,1
10649,83,749.6,374.6,640,21298,2,1
10650,83,749.2,375.2,640,21300,2,1
10651,83,749,375.8,640,21302,2,1
10652,83,749,376.2,640,21304,2,1
10653,83,749.1,376.5,640,21306,2,1
10654,83,749.3,376.4,640,21308,2,1
10655,83,749.4,376.5,640,21310,2,1
10656,83,749.4,376.5,640,21312,2,1
10657,83,750.2,376.5,640,21314,2,1
10658,83,750.9,376.5,640,21316,2,1
10659,83,751.4,376.6,640,21318,2,1
10660,83,751.7,376.8,640,21320,2,1
10661,83,751.8,377,640,21322,2,1
10662,83,751.8,377.3,640,21324,2,1
10663,83,751.8,377.5,640,21326,2,1
10664,83,750.9,377.7,640,21328,2,1
10665,83,750.1,378,640,21330,2,1
10666,83,749.2,378.2,641,21332,2,1
10667,83,748.5,378.4,641,21334,2,1
10668,83,748,378.6,641,21336,2,1
10669,83,747.5,378.6,641,21338,2,1
10670,83,747.1,378.5,641,21340,2,1
10671,83,746.9,378.5,641,21342,2,1
10672,83,746.7,378.4,641,21344,2,1
10673,83,746.9,378.3,641,21346,2,1
10674,83,747,378.1,641,21348,2,1
10675,83,747.2,378.1,641,21350,2,1
10676,83,747.4,378.1,641,21352,2,1
10677,83,747.5,378,641,21354,2,1
10678,83,747.8,377.9,641,21356,2,1
10679,83,748,377.8,641,21358,2,1
10680,83,748.2,377.7,641,21360,2,1
10681,83,748.3,377.8,641,21362,2,1
10682,83,748.3,377.8,641,21364,2,1
10683,83,748.5,377.5,642,21366,2,1
10684,83,748.7,377.5,642,21368,2,1
10685,83,748.7,377.6,642,21370,2,1
10686,83,748.7,377.6,642,21372,2,1
10687,83,748.7,377.7,642,21374,2,1
10688,83,748.6,377.6,642,21376,2,1
10689,83,748.2,377.7,642,21378,2,1
10690,83,747.6,377.9,642,21380,2,1
10691,83,746.9,378.2,642,21382,2,1
10692,83,746.2,378.5,642,21384,2,1
10693,83,745.3,378.6,642,21386,2,1
10694,83,744.3,378.7,642,21388,2,1
10695,83,742.7,379,642,21390,2,1
10696,83,740.5,379.2,642,21392,2,1
10697,83,738.5,379.2,642,21394,2,1
10698,83,736.2,379.3,642,21396,2,1
10699,83,733.9,379.4,643,21398,2,1
10700,83,731.7,379.2,643,21400,2,1
10701,83,729.7,379,643,21402,2,1
10702,83,729.1,378.5,643,21404,2,1
10703,83,729.2,378,643,21406,2,1
10704,83,729.3,377.8,643,21408,2,1
10705,83,729.8,377.7,643,21410,2,1
10706,83,730.3,378.1,643,21412,2,1
10707,83,731.1,378.7,643,21414,2,1
10708,83,731.9,379.5,643,21416,2,1
10709,83,732.2,380.1,643,21418,2,1
10710,83,732.5,380.8,643,21420,2,1
10711,83,732.8,381.2,643,21422,2,1
10712,83,733,381.5,643,21424,2,1
10713,83,733.1,381.7,643,21426,2,1
10714,83,732.8,381.5,643,21428,2,1
10715,83,732.6,381.1,643,21430,2,1
10716,83,732.3,380.7,644,21432,2,1
10717,83,732.2,380.2,644,21434,2,1
10718,83,732,379.7,644,21436,2,1
10719,83,731.7,379.7,644,21438,2,1
10720,83,731.5,379.9,644,21440,2,1
10721,83,731.2,380.4,644,21442,2,1
10722,83,730.9,380.8,644,21444,2,1
10723,83,730.7,381.1,644,21446,2,1
10724,83,730.5,381.3,644,21448,2,1
10725,83,730.2,381.5,644,21450,2,1
10726,83,730,380.9,644,21452,2,1
10727,83,729.8,380.4,644,21454,2,1
10728,83,729.7,379.8,644,21456,2,1
10729,83,729.6,379.3,644,21458,2,1
10730,83,729.3,378.9,644,21460,2,1
10731,83,728.8,378.5,644,21462,2,1
10732,83,728.4,378.3,644,21464,2,1
10733,83,727.9,378.2,645,21466,2,1
10734,83,727.5,378.3,645,21468,2,1
10735,83,726.9,378.3,645,21470,2,1
10736,83,726.3,378.4,645,21472,2,1
10737,83,726,378.5,645,21474,2,1
10738,83,726,378.5,645,21476,2,1
10739,83,726.5,378.4,645,21478,2,1
10740,83,727,378.2,645,21480,2,1
10741,83,727.5,377.7,645,21482,2,1
10742,83,728,377.4,645,21484,2,1
10743,83,728.5,377,645,21486,2,1
10744,83,728.9,376.6,645,21488,2,1
10745,83,729.2,376.1,645,21490,2,1
10746,83,729.1,375.8,645,21492,2,1
10747,83,729.1,375.4,645,21494,2,1
10748,83,729.8,375.4,645,21496,2,1
10749,83,730.5,375.2,646,21498,2,1
10750,83,731.3,375,646,21500,2,1
10751,83,732.1,374.8,646,21502,2,1
10752,83,732.8,374.6,646,21504,2,1
10753,83,733.3,374.4,646,21506,2,1
10754,83,733.7,374.3,646,21508,2,1
10755,83,733.4,374.6,646,21510,2,1
10756,83,733.2,374.8,646,21512,2,1
10757,83,732.8,375,646,21514,2,1
10758,83,732.6,375.2,646,21516,2,1
10759,83,732.3,375.5,646,21518,2,1
10760,83,732.3,375.7,646,21520,2,1
10761,83,732.1,376,646,21522,2,1
10762,83,731.9,376.1,646,21524,2,1
10763,83,731.7,376.3,646,21526,2,1
10764,83,731.5,376.7,646,21528,2,1
10765,83,731.3,377.2,646,21530,2,1
10766,83,731,377.4,647,21532,2,1
10767,83,730.7,377.5,647,21534,2,1
10768,83,730.3,377.1,647,21536,2,1
10769,83,730.1,376.2,647,21538,2,1
10770,83,729.8,375.5,647,21540,2,1
10771,83,729.5,374.8,647,21542,2,1
10772,83,729.3,374.2,647,21544,2,1
10773,83,729.1,373.5,647,21546,2,1
10774,83,729,372.9,647,21548,2,1
10775,83,729,372.8,647,21550,2,1
10776,83,729,373.2,647,21552,2,1
10777,83,729,373.7,647,21554,2,1
10778,83,729.1,374.1,647,21556,2,1
10779,83,729.3,374.3,647,21558,2,1
10780,83,729.6,374.4,647,21560,2,1
10781,83,729.9,374.3,647,21562,2,1
10782,83,730.3,374.1,647,21564,2,1
10783,83,730.7,374,648,21566,2,1
10784,83,731.1,373.9,648,21568,2,1
10785,83,731.4,374.1,648,21570,2,1
10786,83,731.8,374.2,648,21572,2,1
10787,83,732,374.3,648,21574,2,1
10788,83,732.2,374.3,648,21576,2,1
10789,83,732.3,374.4,648,21578,2,1
10790,83,732.5,374.3,648,21580,2,1
10791,83,732.6,374.1,648,21582,2,1
10792,83,732.6,373.8,648,21584,2,1
10793,83,732.6,373.4,648,21586,2,1
10794,83,732.7,373,648,21588,2,1
10795,83,732.7,372.7,648,21590,2,1
10796,83,732.6,372.6,648,21592,2,1
10797,83,732.6,372.8,648,21594,2,1
10798,83,732.6,373,648,21596,2,1
10799,83,732.6,373.4,649,21598,2,1
10800,83,732.8,373.8,649,21600,2,1
10801,83,733,374.3,649,21602,2,1
10802,83,733.3,374.3,649,21604,2,1
10803,83,733.6,374.3,649,21606,2,1
10804,83,733.9,374.2,649,21608,2,1
10805,83,734.1,374.1,649,21610,2,1
10806,83,734.2,374.1,649,21612,2,1
10807,83,733.9,374.2,649,21614,2,1
10808,83,733.6,374.5,649,21616,2,1
10809,83,733.2,374.9,649,21618,2,1
10810,83,732.8,375.5,649,21620,2,1
10811,83,732.4,376.1,649,21622,2,1
10812,83,732.2,376.6,649,21624,2,1
10813,83,732,376.9,649,21626,2,1
10814,83,732.1,377.3,649,21628,2,1
10815,83,732.1,377.6,649,21630,2,1
10816,83,732.1,378,650,21632,2,1
10817,83,732,378.3,650,21634,2,1
10818,83,731.9,378.5,650,21636,2,1
10819,83,732,378.7,650,21638,2,1
10820,83,732,378.8,650,21640,2,1
10821,83,732.1,378.8,650,21642,2,1
10822,83,732.2,378.5,650,21644,2,1
10823,83,732.4,378.3,650,21646,2,1
10824,83,732.7,378.2,650,21648,2,1
10825,83,733.1,378.2,650,21650,2,1
10826,83,733.4,378.2,650,21652,2,1
10827,83,733.7,378.5,650,21654,2,1
10828,83,734,378.7,650,21656,2,1
10829,83,734.2,379,650,21658,2,1
10830,83,734.3,379.4,650,21660,2,1
10831,83,734.3,379.8,650,21662,2,1
10832,83,734.2,380.2,650,21664,2,1
10833,83,733.9,380.5,651,21666,2,1
10834,83,733.7,380.6,651,21668,2,1
10835,83,733.6,380.3,651,21670,2,1
10836,83,733.5,380.1,651,21672,2,1
10837,83,733.5,379.8,651,21674,2,1
10838,83,734,379.4,651,21676,2,1
10839,83,734.6,379,651,21678,2,1
10840,83,735.2,378.5,651,21680,2,1
10841,83,735.3,377.9,651,21682,2,1
10842,83,735.4,377.8,651,21684,2,1
10843,83,735.3,377.7,651,21686,2,1
10844,83,735.3,377.5,651,21688,2,1
10845,83,734.7,377.4,651,21690,2,1
10846,83,734.1,377.4,651,21692,2,1
10847,83,733.5,377.6,651,21694,2,1
10848,83,733.5,377.8,651,21696,2,1
10849,83,733.5,377.9,651,21698,2,1
10850,83,733.6,378.3,652,21700,2,1
10851,83,733.8,378.7,652,21702,2,1
10852,83,734.1,379.1,652,21704,2,1
10853,83,734.5,379.5,652,21706,2,1
10854,83,734.9,379.9,652,21708,2,1
10855,83,735.2,380.1,652,21710,2,1
10856,83,735.6,380.2,652,21712,2,1
10857,83,735.9,380.1,652,21714,2,1
10858,83,736.2,379.9,652,21716,2,1
10859,83,736.4,379.2,652,21718,2,1
10860,83,736.5,378.4,652,21720,2,1
10861,83,736.6,377.5,652,21722,2,1
10862,83,736.7,376.8,652,21724,2,1
10863,83,736.9,376,652,21726,2,1
10864,83,736.9,375.4,652,21728,2,1
10865,83,736.7,375.2,652,21730,2,1
10866,83,736.5,375.7,653,21732,2,1
10867,83,736.3,376.3,653,21734,2,1
10868,83,736.1,377.1,653,21736,2,1
10869,83,735.8,378,653,21738,2,1
10870,83,735.5,378.9,653,21740,2,1
10871,83,735.3,379.7,653,21742,2,1
10872,83,735.2,380.1,653,21744,2,1
10873,83,735.1,380.5,653,21746,2,1
10874,83,734.6,380.9,653,21748,2,1
10875,83,734,381.2,653,21750,2,1
10876,83,733.4,381.4,653,21752,2,1
10877,83,732.8,381.7,653,21754,2,1
10878,83,732.1,381.9,653,21756,2,1
10879,83,731.4,382,653,21758,2,1
10880,83,730.9,382,653,21760,2,1
10881,83,730.9,381.4,653,21762,2,1
10882,83,731.1,380.8,653,21764,2,1
10883,83,731.3,380.6,654,21766,2,1
10884,83,731.5,380.4,654,21768,2,1
10885,83,731.7,380,654,21770,2,1
10886,83,731.7,379.7,654,21772,2,1
10887,83,730,378.9,654,21774,2,1
10888,83,727.8,377.4,654,21776,2,1
10889,83,723.2,374.3,654,21778,2,1
10890,83,716,369.2,654,21780,2,1
10891,83,705.5,363.8,654,21782,2,1
10892,83,692.7,355.1,654,21784,2,1
10893,83,676.8,342.1,654,21786,2,1
10894,83,659.5,327.9,654,21788,2,1
10895,83,639.7,313.7,654,21790,2,1
10896,83,619.9,298.5,654,21792,2,1
10897,83,600.8,283.3,654,21794,2,1
10898,83,584.3,265.7,654,21796,2,1
10899,83,568,249,655,21798,2,1
10900,83,553.2,234.3,655,21800,2,1
10901,83,540.6,220.9,655,21802,2,1
10902,83,529.2,208.8,655,21804,2,1
10903,83,518.8,197.5,655,21806,2,1
10904,83,509.1,187.6,655,21808,2,1
10905,83,499,180.3,655,21810,2,1
10906,83,490,174.5,655,21812,2,1
10907,83,481.8,170.2,655,21814,2,1
10908,83,472.3,166.8,655,21816,2,1
10909,83,464.1,163.5,655,21818,2,1
10910,83,456.6,162.1,655,21820,2,1
10911,83,450.2,162.1,655,21822,2,1
10912,83,444.9,162.4,655,21824,2,1
10913,83,441.4,163.1,655,21826,2,1
10914,83,439,164.4,655,21828,2,1
10915,83,438.8,165.4,655,21830,2,1
10916,83,439.1,165.8,656,21832,2,1
10917,83,440,165.4,656,21834,2,1
10918,83,441,163.8,656,21836,2,1
10919,83,441.6,161.9,656,21838,2,1
10920,83,441.5,160,656,21840,2,1
10921,83,441.1,158.1,656,21842,2,1
10922,83,440.6,156.3,656,21844,2,1
10923,83,439.6,154.9,656,21846,2,1
10924,83,438.5,153.9,656,21848,2,1
10925,83,437.4,153.7,656,21850,2,1
10926,83,436.7,153.7,656,21852,2,1
10927,83,436,153.9,656,21854,2,1
10928,83,435.4,154.1,656,21856,2,1
10929,83,434.8,154.4,656,21858,2,1
10930,83,434.8,154.8,656,21860,2,1
10931,83,434.8,155.4,656,21862,2,1
10932,83,434.9,156,656,21864,2,1
10933,83,435.4,156.7,657,21866,2,1
10934,83,435.9,157.2,657,21868,2,1
10935,83,436.4,157.7,657,21870,2,1
10936,83,436.9,158.2,657,21872,2,1
10937,83,437.2,158.6,657,21874,2,1
10938,83,437.5,158.7,657,21876,2,1
10939,83,437.7,158.9,657,21878,2,1
10940,83,437.4,159.1,657,21880,2,1
10941,83,437.1,159.3,657,21882,2,1
10942,83,436.8,159.8,657,21884,2,1
10943,83,436.4,160.2,657,21886,2,1
10944,83,436.2,160.6,657,21888,2,1
10945,83,436.2,161.2,657,21890,2,1
10946,83,436.1,161.7,657,21892,2,1
10947,83,436,161.9,657,21894,2,1
10948,83,436,161.8,657,21896,2,1
10949,83,435.9,161.6,657,21898,2,1
10950,83,435.9,161.3,658,21900,2,1
10951,83,435.8,160.9,658,21902,2,1
10952,83,435.9,160.6,658,21904,2,1
10953,83,436.1,160.2,658,21906,2,1
10954,83,436.3,159.5,658,21908,2,1
10955,83,436.4,158.8,658,21910,2,1
10956,83,436.6,158.3,658,21912,2,1
10957,83,436.8,157.9,658,21914,2,1
10958,83,436.9,157.8,658,21916,2,1
10959,83,436.7,157.7,658,21918,2,1
10960,83,436.3,157.9,658,21920,2,1
10961,83,435.8,158.4,658,21922,2,1
10962,83,435.3,159.8,658,21924,2,1
10963,83,434.8,161.1,658,21926,2,1
10964,83,434.3,162.3,658,21928,2,1
10965,83,433.9,163.6,658,21930,2,1
10966,83,433.8,164.6,659,21932,2,1
10967,83,433.7,165.3,659,21934,2,1
10968,83,433.7,166.1,659,21936,2,1
10969,83,433.8,166.1,659,21938,2,1
10970,83,433.8,166,659,21940,2,1
10971,83,433.6,165.7,659,21942,2,1
10972,83,433.4,165.5,659,21944,2,1
10973,83,433.2,165.2,659,21946,2,1
10974,83,432.9,164.8,659,21948,2,1
10975,83,432.7,164.4,659,21950,2,1
10976,83,432.4,164,659,21952,2,1
10977,83,432.4,163.7,659,21954,2,1
10978,83,432.4,163.6,659,21956,2,1
10979,83,432.3,163.6,659,21958,2,1
10980,83,432.3,164,659,21960,2,1
10981,83,432.1,164.5,659,21962,2,1
10982,83,432,165.1,659,21964,2,1
10983,83,431.9,165.5,660,21966,2,1
10984,83,431.9,166,660,21968,2,1
10985,83,432.5,166.3,660,21970,2,1
10986,83,433,166.6,660,21972,2,1
10987,83,433.6,166.5,660,21974,2,1
10988,83,434.1,166.4,660,21976,2,1
10989,83,434.5,166.1,660,21978,2,1
10990,83,435,165.6,660,21980,2,1
10991,83,435.1,165.1,660,21982,2,1
10992,83,434.9,164.8,660,21984,2,1
10993,83,434.6,164.5,660,21986,2,1
10994,83,434.2,164.2,660,21988,2,1
10995,83,433.9,164,660,21990,2,1
10996,83,433.5,163.7,660,21992,2,1
10997,83,433.3,163.5,660,21994,2,1
10998,83,433,163.3,660,21996,2,1
10999,83,432.9,163,661,21998,2,1
11000,83,432.8,162.7,661,22000,2,1
11001,83,432.9,162.5,661,22002,2,1
11002,83,433.1,162.9,661,22004,2,1
11003,83,433.2,163.5,661,22006,2,1
11004,83,433.3,164,661,22008,2,1
11005,83,433.4,164.5,661,22010,2,1
11006,83,433.4,164.9,661,22012,2,1
11007,83,433.4,165.4,661,22014,2,1
11008,83,433.3,166.1,661,22016,2,1
11009,83,433.1,166.2,661,22018,2,1
11010,83,432.8,166.6,661,22020,2,1
11011,83,432.4,167,661,22022,2,1
11012,83,431.9,167.6,661,22024,2,1
11013,83,431.2,168.3,661,22026,2,1
11014,83,430.6,168.8,661,22028,2,1
11015,83,430.1,169,661,22030,2,1
11016,83,429.8,169,662,22032,2,1
11017,83,429.5,168.8,662,22034,2,1
11018,83,429.3,168.4,662,22036,2,1
11019,83,429.2,167.6,662,22038,2,1
11020,83,429.3,166.7,662,22040,2,1
11021,83,429.3,165.8,662,22042,2,1
11022,83,429.5,165.1,662,22044,2,1
11023,83,429.9,164.6,662,22046,2,1
11024,83,430.5,164.6,662,22048,2,1
11025,83,432.5,164.6,662,22050,2,1
11026,83,435.6,165.1,662,22052,2,1
11027,83,439.9,166.1,662,22054,2,1
11028,83,445.3,167.2,662,22056,2,1
11029,83,451.4,167.9,662,22058,2,1
11030,83,457.2,168.4,662,22060,2,1
11031,83,463.5,168.5,662,22062,2,1
11032,83,468.6,168.5,662,22064,2,1
11033,83,472.5,168.4,663,22066,2,1
11034,83,474.7,167.7,663,22068,2,1
11035,83,475.8,167,663,22070,2,1
11036,83,475.8,166.4,663,22072,2,1
11037,83,475.9,166,663,22074,2,1
11038,83,475.2,166.1,663,22076,2,1
11039,83,474.6,166.2,663,22078,2,1
11040,83,473.9,166.6,663,22080,2,1
11041,83,473.6,167,663,22082,2,1
11042,83,473.5,167.3,663,22084,2,1
11043,83,473.5,167.7,663,22086,2,1
11044,83,473.6,168,663,22088,2,1
11045,83,473.9,168.1,663,22090,2,1
11046,83,474.3,168.2,663,22092,2,1
11047,83,474.7,168.2,663,22094,2,1
11048,83,475.2,168.3,663,22096,2,1
11049,83,475.6,168.3,663,22098,2,1
11050,83,476,168.3,664,22100,2,1
11051,83,476.4,168.3,664,22102,2,1
11052,83,476.7,168.4,664,22104,2,1
11053,83,477,168.3,664,22106,2,1
11054,83,477.4,168.2,664,22108,2,1
11055,83,478,168,664,22110,2,1
11056,83,478.4,167.7,664,22112,2,1
11057,83,478.7,167.2,664,22114,2,1
11058,83,478.3,166.6,664,22116,2,1
11059,83,477.8,166.1,664,22118,2,1
11060,83,477.2,165.6,664,22120,2,1
11061,83,476.3,165,664,22122,2,1
11062,83,475.4,164.3,664,22124,2,1
11063,83,474.6,163.8,664,22126,2,1
11064,83,473.9,163.7,664,22128,2,1
11065,83,473.8,163.6,664,22130,2,1
11066,83,473.7,163.5,665,22132,2,1
11067,83,473.9,163.5,665,22134,2,1
11068,83,474.2,163.6,665,22136,2,1
11069,83,474.6,163.9,665,22138,2,1
11070,83,475.1,164.3,665,22140,2,1
11071,83,475.5,164.5,665,22142,2,1
11072,83,476.1,164.6,665,22144,2,1
11073,83,476.5,164.5,665,22146,2,1
11074,83,476.8,164.3,665,22148,2,1
11075,83,477,164,665,22150,2,1
11076,83,477.1,163.6,665,22152,2,1
11077,83,477.2,163,665,22154,2,1
11078,83,477.2,162.3,665,22156,2,1
11079,83,477.2,161.5,665,22158,2,1
11080,83,477.3,160.7,665,22160,2,1
11081,83,477.6,159.9,665,22162,2,1
11082,83,477.8,159.3,665,22164,2,1
11083,83,478,159.1,666,22166,2,1
11084,83,478.1,159.6,666,22168,2,1
11085,83,478.3,160.1,666,22170,2,1
11086,83,478.5,160.7,666,22172,2,1
11087,83,478.7,161.5,666,22174,2,1
11088,83,478.7,162,666,22176,2,1
11089,83,478.6,162.4,666,22178,2,1
11090,83,478.2,162.6,666,22180,2,1
11091,83,477.8,162.2,666,22182,2,1
11092,83,477.3,161.9,666,22184,2,1
11093,83,476.4,161.7,666,22186,2,1
11094,83,475.4,161.6,666,22188,2,1
11095,83,474.4,161.8,666,22190,2,1
11096,83,473.5,162,666,22192,2,1
11097,83,473,162,666,22194,2,1
11098,83,472.5,161.9,666,22196,2,1
11099,83,472.3,161.7,666,22198,2,1
11100,83,472.4,161.6,667,22200,2,1
11101,83,472.5,161.5,667,22202,2,1
11102,83,472.6,161.6,667,22204,2,1
11103,83,472.7,161.7,667,22206,2,1
11104,83,472.8,161.7,667,22208,2,1
11105,83,472.8,162,667,22210,2,1
11106,83,472.7,162,667,22212,2,1
11107,83,472.6,161.9,667,22214,2,1
11108,83,472.6,161.7,667,22216,2,1
11109,83,472.7,161.4,667,22218,2,1
11110,83,472.9,161.4,667,22220,2,1
11111,83,473,161.5,667,22222,2,1
11112,83,473.2,161.7,667,22224,2,1
11113,83,473.4,161.9,667,22226,2,1
11114,83,473.5,162.1,667,22228,2,1
11115,83,473.6,162.1,667,22230,2,1
11116,83,473.5,161.9,668,22232,2,1
11117,83,473.5,161.1,668,22234,2,1
11118,83,473.6,160.4,668,22236,2,1
11119,83,474.4,159.6,668,22238,2,1
11120,83,475.2,158.9,668,22240,2,1
11121,83,475.8,158.6,668,22242,2,1
11122,83,476.5,158.3,668,22244,2,1
11123,83,477.1,158,668,22246,2,1
11124,83,477.5,158.2,668,22248,2,1
11125,83,478.1,158.1,668,22250,2,1
11126,83,477.9,158,668,22252,2,1
11127,83,477.7,158,668,22254,2,1
11128,83,476.8,157.9,668,22256,2,1
11129,83,476,157.7,668,22258,2,1
11130,83,475.1,157.6,668,22260,2,1
11131,83,474.2,157.5,668,22262,2,1
11132,83,473.4,157.5,668,22264,2,1
11133,83,472.8,157.7,669,22266,2,1
11134,83,472.5,157.8,669,22268,2,1
11135,83,472.9,158,669,22270,2,1
11136,83,473.3,158.5,669,22272,2,1
11137,83,473.8,158.9,669,22274,2,1
11138,83,474.2,159.4,669,22276,2,1
11139,83,474.5,159.8,669,22278,2,1
11140,83,474.6,160.1,669,22280,2,1
11141,83,474.5,160.4,669,22282,2,1
11142,83,474.4,160.5,669,22284,2,1
11143,83,474.4,160.1,669,22286,2,1
11144,83,474.6,159.7,669,22288,2,1
11145,83,474.8,159.3,669,22290,2,1
11146,83,474.9,159.3,669,22292,2,1
11147,83,474.8,159.5,669,22294,2,1
11148,83,474.7,159.8,669,22296,2,1
11149,83,474.5,160.1,669,22298,2,1
11150,83,474.8,160.1,670,22300,2,1
11151,83,474.8,159.9,670,22302,2,1
11152,83,474.8,159.4,670,22304,2,1
11153,83,475.2,158.8,670,22306,2,1
11154,83,475.9,158.2,670,22308,2,1
11155,83,476.7,157.9,670,22310,2,1
11156,83,477.2,157.7,670,22312,2,1
11157,83,477.2,157.9,670,22314,2,1
11158,83,477.3,158.1,670,22316,2,1
11159,83,477.2,158.3,670,22318,2,1
11160,83,476.8,158.3,670,22320,2,1
11161,83,476.4,158.2,670,22322,2,1
11162,83,475.9,158.1,670,22324,2,1
11163,83,475.7,158,670,22326,2,1
11164,83,475.5,157.9,670,22328,2,1
11165,83,475.5,157.8,670,22330,2,1
11166,83,475.5,157.8,671,22332,2,1
11167,83,475.5,157.8,671,22334,2,1
11168,83,475.4,157.9,671,22336,2,1
11169,83,475.4,157.9,671,22338,2,1
11170,83,475.5,157.7,671,22340,2,1
11171,83,475.5,157.2,671,22342,2,1
11172,83,475.5,156.9,671,22344,2,1
11173,83,475.5,156.6,671,22346,2,1
11174,83,475.6,156.3,671,22348,2,1
11175,83,475.9,155.7,671,22350,2,1
11176,83,476,155.2,671,22352,2,1
11177,83,475.7,154.8,671,22354,2,1
11178,83,475.4,154.5,671,22356,2,1
11179,83,475,154.2,671,22358,2,1
11180,83,474.2,154.6,671,22360,2,1
11181,83,473.5,154.9,671,22362,2,1
11182,83,472.8,155.4,671,22364,2,1
11183,83,472.6,155.5,672,22366,2,1
11184,83,473.1,155.3,672,22368,2,1
11185,83,473.7,154.8,672,22370,2,1
11186,83,474.4,154.1,672,22372,2,1
11187,83,475.3,152.9,672,22374,2,1
11188,83,476.1,152,672,22376,2,1
11189,83,476.7,151.3,672,22378,2,1
11190,83,476.9,151.6,672,22380,2,1
11191,83,476.3,152.6,672,22382,2,1
11192,83,475.8,153.7,672,22384,2,1
11193,83,475.7,155.7,672,22386,2,1
11194,83,475.6,157.5,672,22388,2,1
11195,83,475.7,159.3,672,22390,2,1
11196,83,475.8,160.8,672,22392,2,1
11197,83,475.9,162.2,672,22394,2,1
11198,83,476.2,162.7,672,22396,2,1
11199,83,476.4,163.3,672,22398,2,1
11200,83,476.3,163,673,22400,2,1
11201,83,476.1,162.9,673,22402,2,1
11202,83,475.7,162.9,673,22404,2,1
11203,83,475.5,162.9,673,22406,2,1
11204,83,475.4,162.8,673,22408,2,1
11205,83,475.2,162.8,673,22410,2,1
11206,83,475,162.7,673,22412,2,1
11207,83,474.6,162.5,673,22414,2,1
11208,83,474.1,161.7,673,22416,2,1
11209,83,473.9,160.9,673,22418,2,1
11210,83,473.6,160.2,673,22420,2,1
11211,83,473.3,159.5,673,22422,2,1
11212,83,473.3,158.9,673,22424,2,1
11213,83,473.3,158.2,673,22426,2,1
11214,83,473.5,157.6,673,22428,2,1
11215,83,473.7,157.2,673,22430,2,1
11216,83,473.7,156.9,674,22432,2,1
11217,83,473.7,156.5,674,22434,2,1
11218,83,473.6,156.3,674,22436,2,1
11219,83,473.3,156.2,674,22438,2,1
11220,83,473.3,156.2,674,22440,2,1
11221,83,473.2,156.2,674,22442,2,1
11222,83,473.1,156.3,674,22444,2,1
11223,83,473.2,156.6,674,22446,2,1
11224,83,473.3,157,674,22448,2,1
11225,83,473.3,157.3,674,22450,2,1
11226,83,473.3,157.6,674,22452,2,1
11227,83,473.3,158,674,22454,2,1
11228,83,473.8,158.4,674,22456,2,1
11229,83,474.2,158.5,674,22458,2,1
11230,83,474.4,158.6,674,22460,2,1
11231,83,474.2,158.6,674,22462,2,1
11232,83,474.1,158.3,675,22464,2,1
11233,83,473.9,157.8,675,22466,2,1
11234,83,473.6,157.1,675,22468,2,1
11235,83,472.9,156.5,675,22470,2,1
11236,83,472.4,155.9,675,22472,2,1
11237,83,472,155.3,675,22474,2,1
11238,83,472.2,154.8,675,22476,2,1
11239,83,472.3,154.5,675,22478,2,1
11240,83,472.4,154.9,675,22480,2,1
11241,83,472.6,155.5,675,22482,2,1
11242,83,472.6,156.2,675,22484,2,1
11243,83,472.4,156.7,675,22486,2,1
11244,83,472.2,157.2,675,22488,2,1
11245,83,472,157.6,675,22490,2,1
11246,83,471.8,158.1,675,22492,2,1
11247,83,471.6,158.1,675,22494,2,1
11248,83,471.7,158.1,675,22496,2,1
11249,83,471.8,158.1,675,22498,2,1
11250,83,472.1,158.1,676,22500,2,1
11251,83,472.4,158.1,676,22502,2,1
11252,83,472.9,158.3,676,22504,2,1
11253,83,473.2,158.1,676,22506,2,1
11254,83,473.2,157.9,676,22508,2,1
11255,83,473.2,157.1,676,22510,2,1
11256,83,473,156.3,676,22512,2,1
11257,83,472.8,155.5,676,22514,2,1
11258,83,472.6,154.8,676,22516,2,1
11259,83,472.4,154.3,676,22518,2,1
11260,83,472.3,154,676,22520,2,1
11261,83,472.3,153.8,676,22522,2,1
11262,83,472.4,154.1,676,22524,2,1
11263,83,472.6,154.5,676,22526,2,1
11264,83,473,154.6,676,22528,2,1
11265,83,473.5,154.7,676,22530,2,1
11266,83,474,154.8,677,22532,2,1
11267,83,474.5,154.9,677,22534,2,1
11268,83,475,154.5,677,22536,2,1
11269,83,475.4,154.1,677,22538,2,1
11270,83,476,153.8,677,22540,2,1
11271,83,476.2,153.6,677,22542,2,1
11272,83,476.5,153.1,677,22544,2,1
11273,83,476.7,152.6,677,22546,2,1
11274,83,477,152,677,22548,2,1
11275,83,477.1,151.9,677,22550,2,1
11276,83,477.3,151.9,677,22552,2,1
11277,83,477.3,152,677,22554,2,1
11278,83,477.2,152.5,677,22556,2,1
11279,83,477,152.9,677,22558,2,1
11280,83,476.8,153.5,677,22560,2,1
11281,83,476.7,154.2,677,22562,2,1
11282,83,476.7,155.1,677,22564,2,1
11283,83,476.6,156,678,22566,2,1
11284,83,476.4,156.8,678,22568,2,1
11285,83,476.2,156.7,678,22570,2,1
11286,83,476.2,156.5,678,22572,2,1
11287,83,476.2,156.4,678,22574,2,1
11288,83,477.9,156.4,678,22576,2,1
11289,83,480.1,156,678,22578,2,1
11290,83,484.4,155.5,678,22580,2,1
11291,83,490.8,155,678,22582,2,1
11292,83,499.3,154.6,678,22584,2,1
11293,83,509.4,154.6,678,22586,2,1
11294,83,521.4,154.1,678,22588,2,1
11295,83,533.9,153.7,678,22590,2,1
11296,83,546.2,153.3,678,22592,2,1
11297,83,556.6,153.1,678,22594,2,1
11298,83,565.4,153.1,678,22596,2,1
11299,83,572.9,152.9,679,22598,2,1
11300,83,578.8,152.6,679,22600,2,1
11301,83,583.3,152.4,679,22602,2,1
11302,83,585.6,152.3,679,22604,2,1
11303,83,587.5,152,679,22606,2,1
11304,83,589,151.8,679,22608,2,1
11305,83,590.2,151.6,679,22610,2,1
11306,83,590.6,151.5,679,22612,2,1
11307,83,590.9,151.4,679,22614,2,1
11308,83,590.6,151.3,679,22616,2,1
11309,83,590.3,151.2,679,22618,2,1
11310,83,591.2,151.5,679,22620,2,1
11311,83,592.3,151.7,679,22622,2,1
11312,83,593.4,151.8,679,22624,2,1
11313,83,594.6,152.5,679,22626,2,1
11314,83,595.7,153.3,679,22628,2,1
11315,83,596.8,154.1,679,22630,2,1
11316,83,598,154.7,680,22632,2,1
11317,83,598.1,155.2,680,22634,2,1
11318,83,598.2,155.7,680,22636,2,1
11319,83,598.4,156.4,680,22638,2,1
11320,83,598.5,156.4,680,22640,2,1
11321,83,598.6,156.4,680,22642,2,1
11322,83,598.7,156.3,680,22644,2,1
11323,83,598.8,155.9,680,22646,2,1
11324,83,598.1,155.5,680,22648,2,1
11325,83,597.3,154.6,680,22650,2,1
11326,83,596.6,153.8,680,22652,2,1
11327,83,596.1,153,680,22654,2,1
11328,83,595.7,152.1,680,22656,2,1
11329,83,595.3,151.1,680,22658,2,1
11330,83,595.1,150.5,680,22660,2,1
11331,83,595.8,150,680,22662,2,1
11332,83,596.5,149.8,680,22664,2,1
11333,83,597.2,149.2,681,22666,2,1
11334,83,597.8,148.7,681,22668,2,1
11335,83,598.3,148.1,681,22670,2,1
11336,83,598.6,147.6,681,22672,2,1
11337,83,598.5,147.3,681,22674,2,1
11338,83,598.3,146.9,681,22676,2,1
11339,83,598.1,146.7,681,22678,2,1
11340,83,597.7,146.5,681,22680,2,1
11341,83,597.3,146.3,681,22682,2,1
11342,83,597,146.2,681,22684,2,1
11343,83,596.8,146.1,681,22686,2,1
11344,83,596.9,145.8,681,22688,2,1
11345,83,596.9,145.7,681,22690,2,1
11346,83,597,145.9,681,22692,2,1
11347,83,597.1,146.3,681,22694,2,1
11348,83,597.5,146.6,681,22696,2,1
11349,83,597.7,147.4,681,22698,2,1
11350,83,597.9,148.3,682,22700,2,1
11351,83,597.7,149.3,682,22702,2,1
11352,83,597.4,150.1,682,22704,2,1
11353,83,597,151,682,22706,2,1
11354,83,596.6,151.9,682,22708,2,1
11355,83,595.9,152.9,682,22710,2,1
11356,83,595.3,153.3,682,22712,2,1
11357,83,594.7,153.6,682,22714,2,1
11358,83,594.6,153.9,682,22716,2,1
11359,83,595.2,153.9,682,22718,2,1
11360,83,595.9,153.7,682,22720,2,1
11361,83,596.7,152.7,682,22722,2,1
11362,83,597.3,151.8,682,22724,2,1
11363,83,597.8,150.9,682,22726,2,1
11364,83,598.2,150,682,22728,2,1
11365,83,598.5,149.2,682,22730,2,1
11366,83,598.2,148.6,683,22732,2,1
11367,83,597.9,148.2,683,22734,2,1
11368,83,597.4,148.2,683,22736,2,1
11369,83,597,148.2,683,22738,2,1
11370,83,596.8,148.3,683,22740,2,1
11371,83,596.7,148.4,683,22742,2,1
11372,83,596.7,148.4,683,22744,2,1
11373,83,596.7,148.4,683,22746,2,1
11374,83,596.7,148.4,683,22748,2,1
11375,83,596.7,148.2,683,22750,2,1
11376,83,596.9,148.1,683,22752,2,1
11377,83,596.9,147.8,683,22754,2,1
11378,83,597,147.4,683,22756,2,1
11379,83,597.2,147.1,683,22758,2,1
11380,83,597.6,146.9,683,22760,2,1
11381,83,597.9,146.6,683,22762,2,1
11382,83,598.3,146.4,683,22764,2,1
11383,83,598.5,147.3,684,22766,2,1
11384,83,598.7,148.4,684,22768,2,1
11385,83,598.7,149.5,684,22770,2,1
11386,83,598.6,150.5,684,22772,2,1
11387,83,598.3,151.6,684,22774,2,1
11388,83,597.9,152.7,684,22776,2,1
11389,83,597.6,153.9,684,22778,2,1
11390,83,597.4,153.9,684,22780,2,1
11391,83,597.3,153.6,684,22782,2,1
11392,83,597.3,153.4,684,22784,2,1
11393,83,597.4,153.2,684,22786,2,1
11394,83,597.6,153.1,684,22788,2,1
11395,83,597.7,152.9,684,22790,2,1
11396,83,596.9,152.6,684,22792,2,1
11397,83,596,152.2,684,22794,2,1
11398,83,595.1,151.9,684,22796,2,1
11399,83,594.4,151.7,684,22798,2,1
11400,83,593.8,151.4,685,22800,2,1
11401,83,593.1,151,685,22802,2,1
11402,83,592.9,150.4,685,22804,2,1
11403,83,593.7,149.9,685,22806,2,1
11404,83,594.5,149.7,685,22808,2,1
11405,83,595.2,149.5,685,22810,2,1
11406,83,595.8,149.2,685,22812,2,1
11407,83,595.9,148.8,685,22814,2,1
11408,83,595.9,148.4,685,22816,2,1
11409,83,595.6,148.9,685,22818,2,1
11410,83,595.2,149.5,685,22820,2,1
11411,83,594.8,150.1,685,22822,2,1
11412,83,594.5,150.9,685,22824,2,1
11413,83,594.2,151.5,685,22826,2,1
11414,83,594.3,152.2,685,22828,2,1
11415,83,594.4,152.7,685,22830,2,1
11416,83,594.4,152.6,686,22832,2,1
11417,83,594.3,152.3,686,22834,2,1
11418,83,594.2,152.2,686,22836,2,1
11419,83,594.1,151.8,686,22838,2,1
11420,83,593.8,151.4,686,22840,2,1
11421,83,593.5,151.1,686,22842,2,1
11422,83,593.1,151.4,686,22844,2,1
11423,83,592.7,151.8,686,22846,2,1
11424,83,592.3,152.5,686,22848,2,1
11425,83,591.9,153.3,686,22850,2,1
11426,83,591.5,154,686,22852,2,1
11427,83,591.2,154.7,686,22854,2,1
11428,83,590.9,155.3,686,22856,2,1
11429,83,590.7,155.5,686,22858,2,1
11430,83,590.5,155.6,686,22860,2,1
11431,83,590.2,155.7,686,22862,2,1
11432,83,588.4,155.9,687,22864,2,1
11433,83,584.8,156.2,687,22866,2,1
11434,83,578.8,156.5,687,22868,2,1
11435,83,569.6,156.8,687,22870,2,1
11436,83,556.1,157.1,687,22872,2,1
11437,83,538.8,157.3,687,22874,2,1
11438,83,517.3,157.4,687,22876,2,1
11439,83,493.6,157.5,687,22878,2,1
11440,83,468.8,157.3,687,22880,2,1
11441,83,442.5,157.2,687,22882,2,1
11442,83,415.6,157.2,687,22884,2,1
11443,83,389.7,157.6,687,22886,2,1
11444,83,363.6,158.3,687,22888,2,1
11445,83,338.9,160.2,687,22890,2,1
11446,83,314.4,162.2,687,22892,2,1
11447,83,289.2,164.6,687,22894,2,1
11448,83,265,167.3,687,22896,2,1
11449,83,242.1,170.3,688,22898,2,1
11450,83,218.3,173.9,688,22900,2,1
11451,83,195.8,177.1,688,22902,2,1
11452,83,174.6,179.1,688,22904,2,1
11453,83,154.9,181,688,22906,2,1
11454,83,137.7,182.7,688,22908,2,1
11455,83,123.5,183.9,688,22910,2,1
11456,83,112,184.7,688,22912,2,1
11457,83,105.2,184.6,688,22914,2,1
11458,83,101.1,184.5,688,22916,2,1
11459,83,100.3,184.2,688,22918,2,1
11460,83,101.4,184,688,22920,2,1
11461,83,103.5,183.7,688,22922,2,1
11462,83,105.6,183.7,688,22924,2,1
11463,83,107.1,183.5,688,22926,2,1
11464,83,108.3,183.5,688,22928,2,1
11465,83,109,183.4,688,22930,2,1
11466,83,108.1,183.2,689,22932,2,1
11467,83,107.2,183.1,689,22934,2,1
11468,83,106.1,183.2,689,22936,2,1
11469,83,105,183.5,689,22938,2,1
11470,83,104.2,183.8,689,22940,2,1
11471,83,103.4,184.3,689,22942,2,1
11472,83,102.8,185.2,689,22944,2,1
11473,83,102.3,186.3,689,22946,2,1
11474,83,102.1,187.6,689,22948,2,1
11475,83,101.8,188.8,689,22950,2,1
11476,83,101.6,189.7,689,22952,2,1
11477,83,101.4,190.3,689,22954,2,1
11478,83,101.2,190.6,689,22956,2,1
11479,83,101.2,190.6,689,22958,2,1
11480,83,101.5,190.5,689,22960,2,1
11481,83,102,190.6,689,22962,2,1
11482,83,102.4,190.6,690,22964,2,1
11483,83,102.8,190.7,690,22966,2,1
11484,83,103.1,191.1,690,22968,2,1
11485,83,103.3,191.5,690,22970,2,1
11486,83,103.3,192.1,690,22972,2,1
11487,83,103.2,192.4,690,22974,2,1
11488,83,103,192.6,690,22976,2,1
11489,83,102.9,192.7,690,22978,2,1
11490,83,102.7,192.7,690,22980,2,1
11491,83,103.1,192.5,690,22982,2,1
11492,83,103.5,192.5,690,22984,2,1
11493,83,104,192.5,690,22986,2,1
11494,83,104.5,192.8,690,22988,2,1
11495,83,105.1,193,690,22990,2,1
11496,83,106,193.3,690,22992,2,1
11497,83,106.7,193.8,690,22994,2,1
11498,83,106.8,194.2,690,22996,2,1
11499,83,106.5,194.5,690,22998,2,1
11500,83,106.1,194.8,691,23000,2,1
11501,83,105.3,194.8,691,23002,2,1
11502,83,104.3,194.9,691,23004,2,1
11503,83,103.1,195.1,691,23006,2,1
11504,83,102,195.3,691,23008,2,1
11505,83,101.1,195.5,691,23010,2,1
11506,83,101.1,195.5,691,23012,2,1
11507,83,101,195.5,691,23014,2,1
11508,83,101.5,195.2,691,23016,2,1
11509,83,101.9,194.8,691,23018,2,1
11510,83,102.1,194.1,691,23020,2,1
11511,83,101.9,192.9,691,23022,2,1
11512,83,101.7,191.7,691,23024,2,1
11513,83,101.4,191,691,23026,2,1
11514,83,101.1,190.5,691,23028,2,1
11515,83,100.8,190.2,691,23030,2,1
11516,83,100.5,190,692,23032,2,1
11517,83,100.4,190,692,23034,2,1
11518,83,100.7,189.9,692,23036,2,1
11519,83,100.8,189.4,692,23038,2,1
11520,83,101,189.2,692,23040,2,1
11521,83,101.4,189.5,692,23042,2,1
11522,83,101.6,190.5,692,23044,2,1
11523,83,101.8,191.6,692,23046,2,1
11524,83,101.9,192.6,692,23048,2,1
11525,83,101.9,193.5,692,23050,2,1
11526,83,101.9,194.3,692,23052,2,1
11527,83,101.7,194.5,692,23054,2,1
11528,83,101.3,194.6,692,23056,2,1
11529,83,101.2,194.1,692,23058,2,1
11530,83,101.1,193.7,692,23060,2,1
11531,83,100.9,193.2,692,23062,2,1
11532,83,100.7,192.7,692,23064,2,1
11533,83,100.7,192.4,693,23066,2,1
11534,83,100.7,192.4,693,23068,2,1
11535,83,100.9,192.5,693,23070,2,1
11536,83,101.1,192.5,693,23072,2,1
11537,83,101.2,192.4,693,23074,2,1
11538,83,101.2,192.5,693,23076,2,1
11539,83,101.1,192.4,693,23078,2,1
11540,83,100.8,192.3,693,23080,2,1
11541,83,100.5,192.3,693,23082,2,1
11542,83,100.2,192.4,693,23084,2,1
11543,83,100,192.5,693,23086,2,1
11544,83,99.9,192.5,693,23088,2,1
11545,83,100.1,192.5,693,23090,2,1
11546,83,100.2,192.4,693,23092,2,1
11547,83,100.5,192.5,693,23094,2,1
11548,83,100.7,192.6,693,23096,2,1
11549,83,100.9,192.7,694,23098,2,1
11550,83,101.1,192.8,694,23100,2,1
11551,83,101.2,192.8,694,23102,2,1
11552,83,101.3,192.7,694,23104,2,1
11553,83,101.4,192.6,694,23106,2,1
11554,83,101.7,192.5,694,23108,2,1
11555,83,102.1,192.4,694,23110,2,1
11556,83,102.4,192.1,694,23112,2,1
11557,83,102.8,192.1,694,23114,2,1
11558,83,103.4,192.1,694,23116,2,1
11559,83,103.6,192.2,694,23118,2,1
11560,83,103.9,192.3,694,23120,2,1
11561,83,103.9,192.3,694,23122,2,1
11562,83,104,192.3,694,23124,2,1
11563,83,103.9,192.2,694,23126,2,1
11564,83,103.8,191.9,694,23128,2,1
11565,83,103.6,191.5,694,23130,2,1
11566,83,103.3,191.3,695,23132,2,1
11567,83,103.1,191.4,695,23134,2,1
11568,83,103.1,192,695,23136,2,1
11569,83,103,192.7,695,23138,2,1
11570,83,102.9,193.1,695,23140,2,1
11571,83,102.6,193.3,695,23142,2,1
11572,83,102.3,193.1,695,23144,2,1
11573,83,102.1,192.8,695,23146,2,1
11574,83,102.1,192.1,695,23148,2,1
11575,83,102.2,191.2,695,23150,2,1
11576,83,102.4,190.4,695,23152,2,1
11577,83,102.7,190,695,23154,2,1
11578,83,103.1,189.8,695,23156,2,1
11579,83,103.4,189.7,695,23158,2,1
11580,83,103.5,189.8,695,23160,2,1
11581,83,103.5,190,695,23162,2,1
11582,83,103.5,190.2,696,23164,2,1
11583,83,103.4,190,696,23166,2,1
11584,83,103.3,189.5,696,23168,2,1
11585,83,103.3,189.1,696,23170,2,1
11586,83,103.2,188.5,696,23172,2,1
11587,83,103.2,187.7,696,23174,2,1
11588,83,103.3,187.1,696,23176,2,1
11589,83,103.4,186.7,696,23178,2,1
11590,83,103.6,186.5,696,23180,2,1
11591,83,103.7,186.5,696,23182,2,1
11592,83,103.7,186.6,696,23184,2,1
11593,83,103.7,187,696,23186,2,1
11594,83,103.7,187.3,696,23188,2,1
11595,83,103.7,187.6,696,23190,2,1
11596,83,103.7,188,696,23192,2,1
11597,83,103.6,188.6,696,23194,2,1
11598,83,103.5,189.1,696,23196,2,1
11599,83,103.6,189.7,696,23198,2,1
11600,83,103.9,190.2,697,23200,2,1
11601,83,104.2,190.8,697,23202,2,1
11602,83,104.4,191.3,697,23204,2,1
11603,83,104.6,191.6,697,23206,2,1
11604,83,104.9,191.7,697,23208,2,1
11605,83,105.1,191.6,697,23210,2,1
11606,83,105.2,191.5,697,23212,2,1
11607,83,105.2,191.2,697,23214,2,1
11608,83,105,190.1,697,23216,2,1
11609,83,104.8,189.1,697,23218,2,1
11610,83,104.3,187.8,697,23220,2,1
11611,83,104.1,186.8,697,23222,2,1
11612,83,104,185.4,697,23224,2,1
11613,83,103.8,184.1,697,23226,2,1
11614,83,103.6,182.6,697,23228,2,1
11615,83,103.4,181.3,697,23230,2,1
11616,83,103,181,698,23232,2,1
11617,83,103,180.9,698,23234,2,1
11618,83,102.9,180.7,698,23236,2,1
11619,83,102.9,181.3,698,23238,2,1
11620,83,102.9,181.9,698,23240,2,1
11621,83,103,182.6,698,23242,2,1
11622,83,102.5,183.3,698,23244,2,1
11623,83,102.3,183.3,698,23246,2,1
11624,83,101.9,183.2,698,23248,2,1
11625,83,101.7,182.8,698,23250,2,1
11626,83,101.4,182.5,698,23252,2,1
11627,83,101.1,182.1,698,23254,2,1
11628,83,101,181.6,698,23256,2,1
11629,83,101.4,181.2,698,23258,2,1
11630,83,102,180.6,698,23260,2,1
11631,83,102.4,179.8,698,23262,2,1
11632,83,102.7,179.3,699,23264,2,1
11633,83,103.3,179,699,23266,2,1
11634,83,103.8,179,699,23268,2,1
11635,83,104.3,179.8,699,23270,2,1
11636,83,104.6,180.6,699,23272,2,1
11637,83,104.8,181.5,699,23274,2,1
11638,83,105.1,182.3,699,23276,2,1
11639,83,105.4,183.1,699,23278,2,1
11640,83,105.6,183.5,699,23280,2,1
11641,83,105.7,183.5,699,23282,2,1
11642,83,105.9,182.2,699,23284,2,1
11643,83,105.7,180.9,699,23286,2,1
11644,83,105.6,179.4,699,23288,2,1
11645,83,105.3,178.2,699,23290,2,1
11646,83,105,177,699,23292,2,1
11647,83,104.6,176,699,23294,2,1
11648,83,104.2,175.2,699,23296,2,1
11649,83,103.8,175.1,700,23298,2,1
11650,83,103.7,175,700,23300,2,1
11651,83,103.7,174.8,700,23302,2,1
11652,83,103.6,174.4,700,23304,2,1
11653,83,103.7,174.2,700,23306,2,1
11654,83,103.9,174.1,700,23308,2,1
11655,83,104.1,174,700,23310,2,1
11656,83,104.4,174,700,23312,2,1
11657,83,104.4,174,700,23314,2,1
11658,83,104.3,174,700,23316,2,1
11659,83,104.1,174,700,23318,2,1
11660,83,104,174,700,23320,2,1
11661,83,103.8,173.7,700,23322,2,1
11662,83,103.6,173.3,700,23324,2,1
11663,83,103.4,172.8,700,23326,2,1
11664,83,103.8,172.3,700,23328,2,1
11665,83,104.5,172.3,700,23330,2,1
11666,83,105.2,172.3,701,23332,2,1
11667,83,105.9,172.3,701,23334,2,1
11668,83,106.5,172.6,701,23336,2,1
11669,83,107,172.9,701,23338,2,1
11670,83,107.2,173.2,701,23340,2,1
11671,83,106.7,173.4,701,23342,2,1
11672,83,105.7,173.1,701,23344,2,1
11673,83,104.7,172.9,701,23346,2,1
11674,83,103.7,172.5,701,23348,2,1
11675,83,102.9,171.1,701,23350,2,1
11676,83,102.2,170.1,701,23352,2,1
11677,83,101.8,169,701,23354,2,1
11678,83,101.5,168.4,701,23356,2,1
11679,83,101.4,167.8,701,23358,2,1
11680,83,101.1,167.2,701,23360,2,1
11681,83,100.8,166.9,701,23362,2,1
11682,83,100.3,167.4,702,23364,2,1
11683,83,99.8,168.1,702,23366,2,1
11684,83,99.3,168.9,702,23368,2,1
11685,83,99.4,169.2,702,23370,2,1
11686,83,99.6,169.3,702,23372,2,1
11687,83,99.9,169.4,702,23374,2,1
11688,83,100.5,169.4,702,23376,2,1
11689,83,101.1,169.4,702,23378,2,1
11690,83,101.8,169.1,702,23380,2,1
11691,83,102.6,168.7,702,23382,2,1
11692,83,102.9,168.4,702,23384,2,1
11693,83,103.2,168,702,23386,2,1
11694,83,103.5,167.6,702,23388,2,1
11695,83,103.7,167.1,702,23390,2,1
11696,83,103.9,166.8,702,23392,2,1
11697,83,104.1,166.4,702,23394,2,1
11698,83,104.3,166.1,702,23396,2,1
11699,83,104.5,165.7,703,23398,2,1
11700,83,104.6,165.5,703,23400,2,1
11701,83,104.5,165.4,703,23402,2,1
11702,83,104.4,165.4,703,23404,2,1
11703,83,104.2,165.4,703,23406,2,1
11704,83,104.2,165.6,703,23408,2,1
11705,83,104.1,165.6,703,23410,2,1
11706,83,103.9,165.7,703,23412,2,1
11707,83,103.8,165.8,703,23414,2,1
11708,83,103.7,166,703,23416,2,1
11709,83,103.6,166.3,703,23418,2,1
11710,83,103.5,166.5,703,23420,2,1
11711,83,103.2,166.7,703,23422,2,1
11712,83,103.1,166.5,703,23424,2,1
11713,83,103.1,166.3,703,23426,2,1
11714,83,103,166.1,703,23428,2,1
11715,83,103.1,165.9,703,23430,2,1
11716,83,103.2,165.4,704,23432,2,1
11717,83,103.4,165.1,704,23434,2,1
11718,83,103.6,164.5,704,23436,2,1
11719,83,103.6,164.2,704,23438,2,1
11720,83,102.9,163.9,704,23440,2,1
11721,83,102.3,163.4,704,23442,2,1
11722,83,102.1,162.8,704,23444,2,1
11723,83,102,162.4,704,23446,2,1
11724,83,102,162.3,704,23448,2,1
11725,83,102,162.7,704,23450,2,1
11726,83,102,163.1,704,23452,2,1
11727,83,102.6,163.6,704,23454,2,1
11728,83,103,164.2,704,23456,2,1
11729,83,103.2,164.8,704,23458,2,1
11730,83,103.2,165.2,704,23460,2,1
11731,83,103.2,165.1,704,23462,2,1
11732,83,103.2,165.2,705,23464,2,1
11733,83,103.4,165.5,705,23466,2,1
11734,83,103.7,165.8,705,23468,2,1
11735,83,104,165.8,705,23470,2,1
11736,83,104.4,165.8,705,23472,2,1
11737,83,104.8,165.1,705,23474,2,1
11738,83,105.3,164.5,705,23476,2,1
11739,83,106,163.6,705,23478,2,1
11740,83,106.8,162.8,705,23480,2,1
11741,83,108,159.6,705,23482,2,1
11742,83,109.2,156.2,705,23484,2,1
11743,83,110.3,152.2,705,23486,2,1
11744,83,111.2,148.1,705,23488,2,1
11745,83,112.1,144.1,705,23490,2,1
11746,83,113.1,139.3,705,23492,2,1
11747,83,114,134.6,705,23494,2,1
11748,83,114.2,132.2,705,23496,2,1
11749,83,113.6,129.9,706,23498,2,1
11750,83,112.5,128.4,706,23500,2,1
11751,83,111.3,127.3,706,23502,2,1
11752,83,110.3,126.2,706,23504,2,1
11753,83,109,126.4,706,23506,2,1
11754,83,108.6,127.1,706,23508,2,1
11755,83,108.3,128,706,23510,2,1
11756,83,108.7,128.8,706,23512,2,1
11757,83,109.3,129.4,706,23514,2,1
11758,83,110,130.3,706,23516,2,1
11759,83,110.9,131.5,706,23518,2,1
11760,83,111.8,132.6,706,23520,2,1
11761,83,112.2,133.1,706,23522,2,1
11762,83,112.8,133.1,706,23524,2,1
11763,83,113.4,132.8,706,23526,2,1
11764,83,114,132.3,706,23528,2,1
11765,83,114.8,131.5,706,23530,2,1
11766,83,115.5,130.7,707,23532,2,1
11767,83,115.7,130,707,23534,2,1
11768,83,115.6,129.3,707,23536,2,1
11769,83,115.1,129,707,23538,2,1
11770,83,114.6,129,707,23540,2,1
11771,83,114.3,129.3,707,23542,2,1
11772,83,113.6,130.1,707,23544,2,1
11773,83,112.9,130.8,707,23546,2,1
11774,83,112.7,131.5,707,23548,2,1
11775,83,112.3,132.3,707,23550,2,1
11776,83,112.3,133,707,23552,2,1
11777,83,112.2,133.2,707,23554,2,1
11778,83,112,133.1,707,23556,2,1
11779,83,111.9,132.7,707,23558,2,1
11780,83,111.8,132.3,707,23560,2,1
11781,83,111.8,132.1,707,23562,2,1
11782,83,111.9,131.8,708,23564,2,1
11783,83,111.8,131.5,708,23566,2,1
11784,83,111.3,130.8,708,23568,2,1
11785,83,110.8,130.2,708,23570,2,1
11786,83,110.4,129.9,708,23572,2,1
11787,83,110,129.4,708,23574,2,1
11788,83,109.5,128.8,708,23576,2,1
11789,83,109.1,128,708,23578,2,1
11790,83,108.7,127,708,23580,2,1
11791,83,108.9,126.3,708,23582,2,1
11792,83,109.1,125.7,708,23584,2,1
11793,83,109.2,125.2,708,23586,2,1
11794,83,109.4,124.8,708,23588,2,1
11795,83,109.8,124.7,708,23590,2,1
11796,83,110.1,124.9,708,23592,2,1
11797,83,110.4,125.1,708,23594,2,1
11798,83,110.6,125.4,708,23596,2,1
11799,83,110.8,125.7,709,23598,2,1
11800,83,111,126,709,23600,2,1
11801,83,111.2,126.4,709,23602,2,1
11802,83,111.5,126.8,709,23604,2,1
11803,83,111.6,127.1,709,23606,2,1
11804,83,111.7,127.4,709,23608,2,1
11805,83,111.7,127.7,709,23610,2,1
11806,83,111.8,128,709,23612,2,1
11807,83,111.8,128.3,709,23614,2,1
11808,83,111.9,128.4,709,23616,2,1
11809,83,112.1,128.8,709,23618,2,1
11810,83,112.2,128.9,709,23620,2,1
11811,83,112.4,128.9,709,23622,2,1
11812,83,112.6,129.2,709,23624,2,1
11813,83,112.2,129.2,709,23626,2,1
11814,83,112,129.2,709,23628,2,1
11815,83,111.8,129.3,709,23630,2,1
11816,83,111.7,129.4,710,23632,2,1
11817,83,111.4,129.4,710,23634,2,1
11818,83,111.1,129.4,710,23636,2,1
11819,83,110.5,129.3,710,23638,2,1
11820,83,110.3,129.2,710,23640,2,1
11821,83,110,129.3,710,23642,2,1
11822,83,109.7,129.6,710,23644,2,1
11823,83,109.4,130.1,710,23646,2,1
11824,83,109.1,130.6,710,23648,2,1
11825,83,109,131.1,710,23650,2,1
11826,83,109.2,131.7,710,23652,2,1
11827,83,109.7,132.2,710,23654,2,1
11828,83,109.9,132.6,710,23656,2,1
11829,83,110.2,132.7,710,23658,2,1
11830,83,110.8,132.6,710,23660,2,1
11831,83,111.5,132.6,710,23662,2,1
11832,83,111.9,132.5,711,23664,2,1
11833,83,112,132.2,711,23666,2,1
11834,83,112.1,131.8,711,23668,2,1
11835,83,112.2,131.2,711,23670,2,1
11836,83,112.2,130.7,711,23672,2,1
11837,83,112.1,130.6,711,23674,2,1
11838,83,111.7,130.5,711,23676,2,1
11839,83,111,130.4,711,23678,2,1
11840,83,110.5,130.5,711,23680,2,1
11841,83,109.9,130.4,711,23682,2,1
11842,83,109.6,130.9,711,23684,2,1
11843,83,109.2,131.4,711,23686,2,1
11844,83,108.8,131.9,711,23688,2,1
11845,83,108.6,132.3,711,23690,2,1
11846,83,108.7,132.9,711,23692,2,1
11847,83,109.1,133.6,711,23694,2,1
11848,83,109.6,134.2,711,23696,2,1
11849,83,109.9,134.8,712,23698,2,1
11850,83,110.2,136.1,712,23700,2,1
11851,83,110.4,137.2,712,23702,2,1
11852,83,110.5,138.1,712,23704,2,1
11853,83,110.7,138.6,712,23706,2,1
11854,83,110.7,138.2,712,23708,2,1
11855,83,110.7,137.7,712,23710,2,1
11856,83,110.3,137.2,712,23712,2,1
11857,83,110.2,135.6,712,23714,2,1
11858,83,110.2,134.2,712,23716,2,1
11859,83,110.2,132.9,712,23718,2,1
11860,83,110.1,131.8,712,23720,2,1
11861,83,109.9,131.6,712,23722,2,1
11862,83,109.8,131.4,712,23724,2,1
11863,83,109.9,131.2,712,23726,2,1
11864,83,109.6,131.5,712,23728,2,1
11865,83,108.9,132,712,23730,2,1
11866,83,108.2,132.5,713,23732,2,1
11867,83,107.4,132.8,713,23734,2,1
11868,83,106.9,133.3,713,23736,2,1
11869,83,106.2,133.5,713,23738,2,1
11870,83,105.7,133.7,713,23740,2,1
11871,83,105.2,133.8,713,23742,2,1
11872,83,105.4,134.1,713,23744,2,1
11873,83,105.6,134.3,713,23746,2,1
11874,83,105.5,134.5,713,23748,2,1
11875,83,105.5,135,713,23750,2,1
11876,83,105.4,135.4,713,23752,2,1
11877,83,105.3,135.4,713,23754,2,1
11878,83,105.4,135.3,713,23756,2,1
11879,83,105.4,135.3,713,23758,2,1
11880,83,105.3,135,713,23760,2,1
11881,83,105.2,134.5,713,23762,2,1
11882,83,105.4,134.2,714,23764,2,1
11883,83,105.8,133.7,714,23766,2,1
11884,83,106.1,133.3,714,23768,2,1
11885,83,106.5,133.1,714,23770,2,1
11886,83,107,132.9,714,23772,2,1
11887,83,107.7,132.9,714,23774,2,1
11888,83,108.2,133.5,714,23776,2,1
11889,83,108.5,134.2,714,23778,2,1
11890,83,108.7,135.2,714,23780,2,1
11891,83,108.8,136.3,714,23782,2,1
11892,83,108.9,137.3,714,23784,2,1
11893,83,108.7,138.2,714,23786,2,1
11894,83,108.8,139.2,714,23788,2,1
11895,83,108.9,139.5,714,23790,2,1
11896,83,108.9,139.8,714,23792,2,1
11897,83,109,140,714,23794,2,1
11898,83,109,140,714,23796,2,1
11899,83,109,140.2,715,23798,2,1
11900,83,108.9,140.4,715,23800,2,1
11901,83,108.8,140.5,715,23802,2,1
11902,83,108.6,140.8,715,23804,2,1
11903,83,108.3,140.6,715,23806,2,1
11904,83,108.1,140.4,715,23808,2,1
11905,83,107.5,140.2,715,23810,2,1
11906,83,107,139.8,715,23812,2,1
11907,83,106.7,139.3,715,23814,2,1
11908,83,106.3,138.6,715,23816,2,1
11909,83,106.1,137.8,715,23818,2,1
11910,83,105.6,137.5,715,23820,2,1
11911,83,105.1,137.2,715,23822,2,1
11912,83,105.3,137.1,715,23824,2,1
11913,83,105.2,136.7,715,23826,2,1
11914,83,105,136.2,715,23828,2,1
11915,83,104.8,135.9,715,23830,2,1
11916,83,104.4,135.5,716,23832,2,1
11917,83,104.4,135.2,716,23834,2,1
11918,83,104.3,135.1,716,23836,2,1
11919,83,104.3,135.5,716,23838,2,1
11920,83,104.4,136,716,23840,2,1
11921,83,104.5,136.5,716,23842,2,1
11922,83,104.6,137.1,716,23844,2,1
11923,83,104.4,137.6,716,23846,2,1
11924,83,104.2,138.2,716,23848,2,1
11925,83,103.9,138.5,716,23850,2,1
11926,83,103.7,138.7,716,23852,2,1
11927,83,103.5,139,716,23854,2,1
11928,83,103.2,139.1,716,23856,2,1
11929,83,103.1,139.3,716,23858,2,1
11930,83,103.1,139.4,716,23860,2,1
11931,83,103.5,140,716,23862,2,1
11932,83,103.9,140.2,717,23864,2,1
11933,83,104.1,140.4,717,23866,2,1
11934,83,104.4,140.7,717,23868,2,1
11935,83,104.6,141,717,23870,2,1
11936,83,104.8,141.4,717,23872,2,1
11937,83,105,141.7,717,23874,2,1
11938,83,105.2,141.9,717,23876,2,1
11939,83,105.1,142,717,23878,2,1
11940,83,105.1,142.1,717,23880,2,1
11941,83,105.2,142.3,717,23882,2,1
11942,83,105.5,142.4,717,23884,2,1
11943,83,106,142.5,717,23886,2,1
11944,83,106.5,142.5,717,23888,2,1
11945,83,106.3,142.5,717,23890,2,1
11946,83,106.2,142.5,717,23892,2,1
11947,83,105.9,142.5,717,23894,2,1
11948,83,105.6,142.6,717,23896,2,1
11949,83,105,142.5,718,23898,2,1
11950,83,104.5,142.4,718,23900,2,1
11951,83,103.9,142.6,718,23902,2,1
11952,83,104,142.8,718,23904,2,1
11953,83,104.1,143.1,718,23906,2,1
11954,83,104.2,143.3,718,23908,2,1
11955,83,104.3,143.5,718,23910,2,1
11956,83,104.4,144,718,23912,2,1
11957,83,104.3,144.2,718,23914,2,1
11958,83,103.9,144.2,718,23916,2,1
11959,83,103.5,144.1,718,23918,2,1
11960,83,103.1,144,718,23920,2,1
11961,83,102.5,143.9,718,23922,2,1
11962,83,102.1,143.6,718,23924,2,1
11963,83,101.4,143.2,718,23926,2,1
11964,83,100.7,142.9,718,23928,2,1
11965,83,100.4,142.9,718,23930,2,1
11966,83,100,142.8,719,23932,2,1
11967,83,99.7,142.9,719,23934,2,1
11968,83,99.5,143.1,719,23936,2,1
11969,83,99,143.4,719,23938,2,1
11970,83,99.1,143.8,719,23940,2,1
11971,83,99.4,144,719,23942,2,1
11972,83,99.7,143.8,719,23944,2,1
11973,83,100.3,143.1,719,23946,2,1
11974,83,100.8,142.3,719,23948,2,1
11975,83,101.2,141.4,719,23950,2,1
11976,83,101.2,140.3,719,23952,2,1
11977,83,101.1,139.4,719,23954,2,1
11978,83,100.9,138.6,719,23956,2,1
11979,83,100.6,137.8,719,23958,2,1
11980,83,100.2,137.7,719,23960,2,1
11981,83,99.8,137.6,719,23962,2,1
11982,83,99.5,137.3,720,23964,2,1
11983,83,99.6,137.1,720,23966,2,1
11984,83,99.6,136.4,720,23968,2,1
11985,83,99.7,135.9,720,23970,2,1
11986,83,100,135.7,720,23972,2,1
11987,83,100.2,135.4,720,23974,2,1
11988,83,100.2,136,720,23976,2,1
11989,83,100.3,136.9,720,23978,2,1
11990,83,100.4,137.6,720,23980,2,1
11991,83,100.6,138.4,720,23982,2,1
11992,83,100.5,139.1,720,23984,2,1
11993,83,100.4,139.7,720,23986,2,1
11994,83,100.4,140.2,720,23988,2,1
11995,83,100.6,139.4,720,23990,2,1
11996,83,100.8,138.8,720,23992,2,1
11997,83,100.3,138.5,720,23994,2,1
11998,83,99.7,138.1,720,23996,2,1
11999,83,99.3,137.6,721,23998,2,1
12000,83,98.9,137.2,721,24000,2,1
12001,83,98.6,137.5,721,24002,2,1
12002,83,98.3,137.9,721,24004,2,1
12003,83,97.9,138.1,721,24006,2,1
12004,83,98,137.9,721,24008,2,1
12005,83,98,137.6,721,24010,2,1
12006,83,98.1,137.4,721,24012,2,1
12007,83,98.1,137.1,721,24014,2,1
12008,83,98.1,137.1,721,24016,2,1
12009,83,97.7,137,721,24018,2,1
12010,83,97.4,136.8,721,24020,2,1
12011,83,97,136.7,721,24022,2,1
12012,83,96.7,136.6,721,24024,2,1
12013,83,96.8,136.3,721,24026,2,1
12014,83,97,136.1,721,24028,2,1
12015,83,97.3,136,721,24030,2,1
12016,83,98,135.9,722,24032,2,1
12017,83,98.6,136,722,24034,2,1
12018,83,99.1,136,722,24036,2,1
12019,83,99.5,135.9,722,24038,2,1
12020,83,99.5,135.9,722,24040,2,1
12021,83,99.6,135.8,722,24042,2,1
12022,83,99.8,135.8,722,24044,2,1
12023,83,100.2,135.9,722,24046,2,1
12024,83,100.7,136.6,722,24048,2,1
12025,83,101.3,137.1,722,24050,2,1
12026,83,101.9,137.7,722,24052,2,1
12027,83,102.5,138.4,722,24054,2,1
12028,83,102.9,139.1,722,24056,2,1
12029,83,103.3,139.6,722,24058,2,1
12030,83,103.5,139.9,722,24060,2,1
12031,83,103.5,139.7,722,24062,2,1
12032,83,103.6,139.5,723,24064,2,1
12033,83,103.5,139.4,723,24066,2,1
12034,83,103.4,139.4,723,24068,2,1
12035,83,103.2,139.4,723,24070,2,1
12036,83,102.8,139.4,723,24072,2,1
12037,83,102.4,139.3,723,24074,2,1
12038,83,101.9,139.3,723,24076,2,1
12039,83,101.5,139.4,723,24078,2,1
12040,83,101.3,139.5,723,24080,2,1
12041,83,101.2,139.6,723,24082,2,1
12042,83,101.1,139.7,723,24084,2,1
12043,83,101,139.9,723,24086,2,1
12044,83,101.1,140,723,24088,2,1
12045,83,101.1,140.1,723,24090,2,1
12046,83,100.8,139.9,723,24092,2,1
12047,83,100.4,139.4,723,24094,2,1
12048,83,100.1,139,723,24096,2,1
12049,83,100.3,138.6,724,24098,2,1
12050,83,100.5,138.3,724,24100,2,1
12051,83,100.8,138.2,724,24102,2,1
12052,83,101.1,138.4,724,24104,2,1
12053,83,101.6,138.6,724,24106,2,1
12054,83,102.1,138.9,724,24108,2,1
12055,83,102.7,139.2,724,24110,2,1
12056,83,102.9,139.5,724,24112,2,1
12057,83,103.2,139.5,724,24114,2,1
12058,83,103.6,139.8,724,24116,2,1
12059,83,104,139.8,724,24118,2,1
12060,83,104.5,140,724,24120,2,1
12061,83,105,139.9,724,24122,2,1
12062,83,105.2,139.7,724,24124,2,1
12063,83,105.3,139.5,724,24126,2,1
12064,83,105.4,139.4,724,24128,2,1
12065,83,105.5,139.4,724,24130,2,1
12066,83,105.8,139.3,725,24132,2,1
12067,83,106.1,139.5,725,24134,2,1
12068,83,106.4,139.7,725,24136,2,1
12069,83,106.7,140,725,24138,2,1
12070,83,107.1,140.2,725,24140,2,1
12071,83,107.2,140.5,725,24142,2,1
12072,83,107.2,140.5,725,24144,2,1
12073,83,106.9,140.3,725,24146,2,1
12074,83,106.5,140,725,24148,2,1
12075,83,106.3,139.4,725,24150,2,1
12076,83,106.1,138.9,725,24152,2,1
12077,83,105.9,138.4,725,24154,2,1
12078,83,106,138,725,24156,2,1
12079,83,106.2,137.8,725,24158,2,1
12080,83,106.5,137.7,725,24160,2,1
12081,83,106.8,137.3,725,24162,2,1
12082,83,106.8,137.2,726,24164,2,1
12083,83,106.6,137.2,726,24166,2,1
12084,83,105.9,137.2,726,24168,2,1
12085,83,105.2,137.3,726,24170,2,1
12086,83,104.5,137.5,726,24172,2,1
12087,83,104.6,137.7,726,24174,2,1
12088,83,104.6,138,726,24176,2,1
12089,83,104.8,138.5,726,24178,2,1
12090,83,105.1,139.1,726,24180,2,1
12091,83,105.9,139.6,726,24182,2,1
12092,83,106.6,139.9,726,24184,2,1
12093,83,107.4,140,726,24186,2,1
12094,83,107.3,140.1,726,24188,2,1
12095,83,106.7,140,726,24190,2,1
12096,83,106.1,140,726,24192,2,1
12097,83,105.5,139.5,726,24194,2,1
12098,83,104.9,139,726,24196,2,1
12099,83,104.5,138.9,727,24198,2,1
12100,83,104.1,138.7,727,24200,2,1
12101,83,103.8,138.7,727,24202,2,1
12102,83,104.1,138.6,727,24204,2,1
12103,83,104.4,138.9,727,24206,2,1
12104,83,104.8,139.4,727,24208,2,1
12105,83,105.2,140,727,24210,2,1
12106,83,105.4,141.3,727,24212,2,1
12107,83,105.5,142.8,727,24214,2,1
12108,83,106,144.2,727,24216,2,1
12109,83,106.6,145,727,24218,2,1
12110,83,107.2,145.3,727,24220,2,1
12111,83,107.9,145.6,727,24222,2,1
12112,83,108.5,145.7,727,24224,2,1
12113,83,109.4,145.1,727,24226,2,1
12114,83,110.3,144.5,727,24228,2,1
12115,83,110.6,143.9,727,24230,2,1
12116,83,110.8,144.1,728,24232,2,1
12117,83,111.1,144.4,728,24234,2,1
12118,83,111.2,144.7,728,24236,2,1
12119,83,111.4,145.2,728,24238,2,1
12120,83,111.2,145.1,728,24240,2,1
12121,83,111,144.8,728,24242,2,1
12122,83,110.7,144.4,728,24244,2,1
12123,83,110.4,143.9,728,24246,2,1
12124,83,110.6,143.4,728,24248,2,1
12125,83,110.9,143,728,24250,2,1
12126,83,111.4,142.4,728,24252,2,1
12127,83,112,142.3,728,24254,2,1
12128,83,112.4,142.4,728,24256,2,1
12129,83,112.1,142.8,728,24258,2,1
12130,83,111.9,143.4,728,24260,2,1
12131,83,110.9,143.6,728,24262,2,1
12132,83,109.7,143.8,729,24264,2,1
12133,83,108.6,144,729,24266,2,1
12134,83,107.8,144.2,729,24268,2,1
12135,83,107.4,144,729,24270,2,1
12136,83,107.8,143.8,729,24272,2,1
12137,83,108.3,143.6,729,24274,2,1
12138,83,109,143.5,729,24276,2,1
12139,83,109.8,143.6,729,24278,2,1
12140,83,110.3,143.6,729,24280,2,1
12141,83,110.8,143.7,729,24282,2,1
12142,83,110.8,144,729,24284,2,1
12143,83,110.6,144.1,729,24286,2,1
12144,83,110.3,144.1,729,24288,2,1
12145,83,110,144.1,729,24290,2,1
12146,83,109.7,144,729,24292,2,1
12147,83,109.5,143.9,729,24294,2,1
12148,83,109.3,143.9,729,24296,2,1
12149,83,109.4,144,730,24298,2,1
12150,83,109.7,144,730,24300,2,1
12151,83,110.1,144.2,730,24302,2,1
12152,83,110.8,144.1,730,24304,2,1
12153,83,111.4,144.1,730,24306,2,1
12154,83,111.8,144.2,730,24308,2,1
12155,83,111.7,143.8,730,24310,2,1
12156,83,111.4,143.5,730,24312,2,1
12157,83,110.8,143,730,24314,2,1
12158,83,110.2,142.6,730,24316,2,1
12159,83,109.6,142.8,730,24318,2,1
12160,83,109.2,142.9,730,24320,2,1
12161,83,108.9,143,730,24322,2,1
12162,83,109.1,143.2,730,24324,2,1
12163,83,109.5,143.7,730,24326,2,1
12164,83,110,144.3,730,24328,2,1
12165,83,110.3,144.8,730,24330,2,1
12166,83,110.6,145,731,24332,2,1
12167,83,110.6,144.4,731,24334,2,1
12168,83,110.5,143.8,731,24336,2,1
12169,83,110,143.1,731,24338,2,1
12170,83,109.7,142.5,731,24340,2,1
12171,83,109.4,141.9,731,24342,2,1
12172,83,109.2,141.5,731,24344,2,1
12173,83,108.9,141.3,731,24346,2,1
12174,83,108.1,141.8,731,24348,2,1
12175,83,107.4,142.2,731,24350,2,1
12176,83,106.9,142.8,731,24352,2,1
12177,83,106.6,143.5,731,24354,2,1
12178,83,106.4,144.2,731,24356,2,1
12179,83,106.5,144.9,731,24358,2,1
12180,83,106.3,145.1,731,24360,2,1
12181,83,106.3,144.8,731,24362,2,1
12182,83,106.2,144.6,732,24364,2,1
12183,83,105.9,145,732,24366,2,1
12184,83,105.1,145.3,732,24368,2,1
12185,83,104.4,145.9,732,24370,2,1
12186,83,103.6,146.4,732,24372,2,1
12187,83,103.1,146.9,732,24374,2,1
12188,83,102.8,147.2,732,24376,2,1
12189,83,102.7,147.5,732,24378,2,1
12190,83,102.8,147.3,732,24380,2,1
12191,83,103.1,146.7,732,24382,2,1
12192,83,103.2,146.2,732,24384,2,1
12193,83,103.3,145.8,732,24386,2,1
12194,83,103.2,145.7,732,24388,2,1
12195,83,103.2,145.7,732,24390,2,1
12196,83,103.1,146,732,24392,2,1
12197,83,103.1,146.4,732,24394,2,1
12198,83,103.2,146.7,732,24396,2,1
12199,83,103.5,146.9,733,24398,2,1
12200,83,104.2,147.1,733,24400,2,1
12201,83,104.7,147.2,733,24402,2,1
12202,83,105.1,147.2,733,24404,2,1
12203,83,105.6,147.2,733,24406,2,1
12204,83,106,147.2,733,24408,2,1
12205,83,106.4,147.3,733,24410,2,1
12206,83,106.6,147.5,733,24412,2,1
12207,83,106.5,147.7,733,24414,2,1
12208,83,106.7,148,733,24416,2,1
12209,83,106.9,148.8,733,24418,2,1
12210,83,107.7,149.3,733,24420,2,1
12211,83,108.3,149.8,733,24422,2,1
12212,83,109.1,150.4,733,24424,2,1
12213,83,109.8,150.9,733,24426,2,1
12214,83,110.5,151.6,733,24428,2,1
12215,83,111,152.7,733,24430,2,1
12216,83,111.3,154.6,734,24432,2,1
12217,83,111.7,157.2,734,24434,2,1
12218,83,114.5,159.7,734,24436,2,1
12219,83,119.8,164.6,734,24438,2,1
12220,83,126.5,171.3,734,24440,2,1
12221,83,136.2,180,734,24442,2,1
12222,83,149.2,193.5,734,24444,2,1
12223,83,165.8,208.3,734,24446,2,1
12224,83,185.3,224.8,734,24448,2,1
12225,83,205.6,243.3,734,24450,2,1
12226,83,225.7,262.1,734,24452,2,1
12227,83,246.7,282.2,734,24454,2,1
12228,83,269.2,302.1,734,24456,2,1
12229,83,288.7,319.6,734,24458,2,1
12230,83,306,338.1,734,24460,2,1
12231,83,322.8,356.2,734,24462,2,1
12232,83,339.7,375.1,735,24464,2,1
12233,83,355.7,394,735,24466,2,1
12234,83,371.5,410.7,735,24468,2,1
12235,83,384.2,426.1,735,24470,2,1
12236,83,396.7,440,735,24472,2,1
12237,83,408.1,450.3,735,24474,2,1
12238,83,416.2,458.4,735,24476,2,1
12239,83,420.9,463.7,735,24478,2,1
12240,83,424.4,465.8,735,24480,2,1
12241,83,426.1,467.2,735,24482,2,1
12242,83,427.1,467.6,735,24484,2,1
12243,83,427.9,467,735,24486,2,1
12244,83,428.6,466.5,735,24488,2,1
12245,83,429.5,466.1,735,24490,2,1
12246,83,431.2,466.4,735,24492,2,1
12247,83,433.1,467.1,735,24494,2,1
12248,83,434.8,467.9,735,24496,2,1
12249,83,435.8,468.6,736,24498,2,1
12250,83,436.7,470,736,24500,2,1
12251,83,437.7,471.4,736,24502,2,1
12252,83,438.6,472.5,736,24504,2,1
12253,83,438.7,473.2,736,24506,2,1
12254,83,438.6,473.8,736,24508,2,1
12255,83,438.4,474.6,736,24510,2,1
12256,83,438.3,475.4,736,24512,2,1
12257,83,438.2,475.4,736,24514,2,1
12258,83,438.1,475.5,736,24516,2,1
12259,83,437.9,475.7,736,24518,2,1
12260,83,437.7,476,736,24520,2,1
12261,83,437.5,476.4,736,24522,2,1
12262,83,437.4,476.8,736,24524,2,1
12263,83,437.4,477.3,736,24526,2,1
12264,83,437.3,477.7,736,24528,2,1
12265,83,437.2,478,736,24530,2,1
12266,83,437.2,478.2,737,24532,2,1
12267,83,437.3,478.5,737,24534,2,1
12268,83,437.4,478.5,737,24536,2,1
12269,83,437.6,478.3,737,24538,2,1
12270,83,437.6,478.1,737,24540,2,1
12271,83,437.5,477.8,737,24542,2,1
12272,83,437.5,477.4,737,24544,2,1
12273,83,437.5,477.1,737,24546,2,1
12274,83,437.4,476.9,737,24548,2,1
12275,83,437.3,476.6,737,24550,2,1
12276,83,437,476.6,737,24552,2,1
12277,83,436.8,476.7,737,24554,2,1
12278,83,436.7,476.6,737,24556,2,1
12279,83,436.5,476.8,737,24558,2,1
12280,83,436.5,477.1,737,24560,2,1
12281,83,436.4,477.4,737,24562,2,1
12282,83,436.4,477.7,738,24564,2,1
12283,83,436.6,478.2,738,24566,2,1
12284,83,436.9,479,738,24568,2,1
12285,83,437.1,479.6,738,24570,2,1
12286,83,437.3,479.8,738,24572,2,1
12287,83,437.3,480,738,24574,2,1
12288,83,437.3,480.2,738,24576,2,1
12289,83,437.3,480.3,738,24578,2,1
12290,83,437.4,480.4,738,24580,2,1
12291,83,437.8,480.8,738,24582,2,1
12292,83,438.2,481,738,24584,2,1
12293,83,438.7,481.3,738,24586,2,1
12294,83,439.2,481.5,738,24588,2,1
12295,83,439.7,481.8,738,24590,2,1
12296,83,440.1,482.5,738,24592,2,1
12297,83,440.4,483.3,738,24594,2,1
12298,83,440.3,483.6,738,24596,2,1
12299,83,440.1,484.1,739,24598,2,1
12300,83,439.9,484.7,739,24600,2,1
12301,83,439.7,485.2,739,24602,2,1
12302,83,440,485.5,739,24604,2,1
12303,83,440.4,485.4,739,24606,2,1
12304,83,440.8,485.2,739,24608,2,1
12305,83,441.2,485.1,739,24610,2,1
12306,83,441.6,485,739,24612,2,1
12307,83,441.6,485.1,739,24614,2,1
12308,83,441.6,485.1,739,24616,2,1
12309,83,441.1,485.3,739,24618,2,1
12310,83,440.7,485.7,739,24620,2,1
12311,83,440.1,485.9,739,24622,2,1
12312,83,439.7,486,739,24624,2,1
12313,83,439.3,485.9,739,24626,2,1
12314,83,438.9,485.1,739,24628,2,1
12315,83,438.6,484.2,739,24630,2,1
12316,83,438.3,483.3,740,24632,2,1
12317,83,437.9,482.2,740,24634,2,1
12318,83,437.4,481.1,740,24636,2,1
12319,83,436.7,480.3,740,24638,2,1
12320,83,436.1,479.7,740,24640,2,1
12321,83,435.7,479.7,740,24642,2,1
12322,83,435.4,479.7,740,24644,2,1
12323,83,435,479.9,740,24646,2,1
12324,83,434.7,480,740,24648,2,1
12325,83,434.8,480.3,740,24650,2,1
12326,83,435,480.8,740,24652,2,1
12327,83,435.2,481.4,740,24654,2,1
12328,83,435.6,481.9,740,24656,2,1
12329,83,435.9,482.3,740,24658,2,1
12330,83,436.2,482.6,740,24660,2,1
12331,83,436.5,482.7,740,24662,2,1
12332,83,436.6,482.7,741,24664,2,1
12333,83,437,482.2,741,24666,2,1
12334,83,437.3,481.6,741,24668,2,1
12335,83,437.6,481.2,741,24670,2,1
12336,83,437.9,481,741,24672,2,1
12337,83,438.4,481,741,24674,2,1
12338,83,438.8,481,741,24676,2,1
12339,83,439,481.1,741,24678,2,1
12340,83,439.1,481.5,741,24680,2,1
12341,83,439.1,482.1,741,24682,2,1
12342,83,439,482.5,741,24684,2,1
12343,83,438.8,482.8,741,24686,2,1
12344,83,438.6,483,741,24688,2,1
12345,83,438.5,483.1,741,24690,2,1
12346,83,438.6,483.1,741,24692,2,1
12347,83,438.9,483,741,24694,2,1
12348,83,439.2,482.4,741,24696,2,1
12349,83,439.4,482,742,24698,2,1
12350,83,439.6,481.6,742,24700,2,1
12351,83,439.7,481.4,742,24702,2,1
12352,83,439.8,481.5,742,24704,2,1
12353,83,439.7,481.7,742,24706,2,1
12354,83,439.4,481.9,742,24708,2,1
12355,83,439.1,482.4,742,24710,2,1
12356,83,438.9,482.9,742,24712,2,1
12357,83,438.8,483.4,742,24714,2,1
12358,83,438.8,483.8,742,24716,2,1
12359,83,438.9,483.9,742,24718,2,1
12360,83,439.1,484.1,742,24720,2,1
12361,83,439.5,484.2,742,24722,2,1
12362,83,439.8,484.1,742,24724,2,1
12363,83,440.2,483.7,742,24726,2,1
12364,83,440.5,483.3,742,24728,2,1
12365,83,440.6,482.9,742,24730,2,1
12366,83,440.3,482.6,743,24732,2,1
12367,83,439.9,482.1,743,24734,2,1
12368,83,439.3,481.7,743,24736,2,1
12369,83,438.8,481.3,743,24738,2,1
12370,83,438.4,481.4,743,24740,2,1
12371,83,437.9,481.6,743,24742,2,1
12372,83,437.5,482.1,743,24744,2,1
12373,83,437.5,482.5,743,24746,2,1
12374,83,437.5,482.9,743,24748,2,1
12375,83,437.5,483.4,743,24750,2,1
12376,83,437.5,483.7,743,24752,2,1
12377,83,437.5,483.8,743,24754,2,1
12378,83,437.5,483.5,743,24756,2,1
12379,83,437.7,483,743,24758,2,1
12380,83,437.9,482.5,743,24760,2,1
12381,83,438.1,482.1,743,24762,2,1
12382,83,438.3,481.6,744,24764,2,1
12383,83,438.5,481.2,744,24766,2,1
12384,83,438.7,480.7,744,24768,2,1
12385,83,438.9,480.2,744,24770,2,1
12386,83,439.1,479.5,744,24772,2,1
12387,83,439.3,479.1,744,24774,2,1
12388,83,439.6,478.9,744,24776,2,1
12389,83,439.8,479.2,744,24778,2,1
12390,83,440.1,479.6,744,24780,2,1
12391,83,440.4,480,744,24782,2,1
12392,83,440.5,480.8,744,24784,2,1
12393,83,440.5,481.5,744,24786,2,1
12394,83,440.5,482.2,744,24788,2,1
12395,83,440.5,482.7,744,24790,2,1
12396,83,440.6,482.8,744,24792,2,1
12397,83,440.6,482.9,744,24794,2,1
12398,83,440.8,483,744,24796,2,1
12399,83,440.9,483,745,24798,2,1
12400,83,441.1,483.1,745,24800,2,1
12401,83,441.1,483.2,745,24802,2,1
12402,83,441.1,483.3,745,24804,2,1
12403,83,441.1,483.3,745,24806,2,1
12404,83,441,483.3,745,24808,2,1
12405,83,440.8,483.2,745,24810,2,1
12406,83,439,482.6,745,24812,2,1
12407,83,436.5,481.7,745,24814,2,1
12408,83,432.9,480.2,745,24816,2,1
12409,83,429.3,477.9,745,24818,2,1
12410,83,423.3,474.2,745,24820,2,1
12411,83,417.3,469.5,745,24822,2,1
12412,83,408.5,463.9,745,24824,2,1
12413,83,399.7,457.6,745,24826,2,1
12414,83,391.8,450.9,745,24828,2,1
12415,83,383.8,443.4,745,24830,2,1
12416,83,375.3,436.9,746,24832,2,1
12417,83,368.6,431.7,746,24834,2,1
12418,83,361.2,427.5,746,24836,2,1
12419,83,356.6,424.3,746,24838,2,1
12420,83,352.9,422.3,746,24840,2,1
12421,83,349.2,420.9,746,24842,2,1
12422,83,346.6,420.8,746,24844,2,1
12423,83,344.5,420.8,746,24846,2,1
12424,83,342.8,420.7,746,24848,2,1
12425,83,342,421.2,746,24850,2,1
12426,83,341.3,421.9,746,24852,2,1
12427,83,341.2,422.7,746,24854,2,1
12428,83,341,423.4,746,24856,2,1
12429,83,340.9,424,746,24858,2,1
12430,83,340.8,424.6,746,24860,2,1
12431,83,340.7,425.1,746,24862,2,1
12432,83,340.2,425,747,24864,2,1
12433,83,339.3,424.4,747,24866,2,1
12434,83,338.6,423.9,747,24868,2,1
12435,83,337.8,423.3,747,24870,2,1
12436,83,337.1,422.8,747,24872,2,1
12437,83,336.4,422.5,747,24874,2,1
12438,83,335.9,422.3,747,24876,2,1
12439,83,335.9,422.4,747,24878,2,1
12440,83,336.3,422.9,747,24880,2,1
12441,83,336.6,423.3,747,24882,2,1
12442,83,336.8,423.4,747,24884,2,1
12443,83,336.9,423.3,747,24886,2,1
12444,83,336.7,423.3,747,24888,2,1
12445,83,336.6,423.1,747,24890,2,1
12446,83,336.4,423.1,747,24892,2,1
12447,83,336.4,423.1,747,24894,2,1
12448,83,336.3,423.6,747,24896,2,1
12449,83,336.2,424.1,748,24898,2,1
12450,83,335.9,424.9,748,24900,2,1
12451,83,335.8,425.6,748,24902,2,1
12452,83,335.4,425.8,748,24904,2,1
12453,83,335,425.9,748,24906,2,1
12454,83,334.1,425.6,748,24908,2,1
12455,83,333.4,425,748,24910,2,1
12456,83,332.8,424.3,748,24912,2,1
12457,83,332.3,423.5,748,24914,2,1
12458,83,332.2,422.9,748,24916,2,1
12459,83,332.3,423,748,24918,2,1
12460,83,332.4,422.9,748,24920,2,1
12461,83,332.4,423.2,748,24922,2,1
12462,83,332.5,423.6,748,24924,2,1
12463,83,332.6,424.1,748,24926,2,1
12464,83,332.6,424.5,748,24928,2,1
12465,83,332.7,425.1,748,24930,2,1
12466,83,332.7,425.5,749,24932,2,1
12467,83,332.7,425.4,749,24934,2,1
12468,83,332.7,425.1,749,24936,2,1
12469,83,332.7,424.8,749,24938,2,1
12470,83,332.8,424.7,749,24940,2,1
12471,83,332.9,424.7,749,24942,2,1
12472,83,333.2,424.6,749,24944,2,1
12473,83,333.4,424.8,749,24946,2,1
12474,83,333.5,425,749,24948,2,1
12475,83,333.4,425.2,749,24950,2,1
12476,83,333.4,425.5,749,24952,2,1
12477,83,333.2,425.6,749,24954,2,1
12478,83,332.9,425.6,749,24956,2,1
12479,83,332.5,425.7,749,24958,2,1
12480,83,332,425.9,749,24960,2,1
12481,83,331.7,426.1,749,24962,2,1
12482,83,331.5,426.2,750,24964,2,1
12483,83,331.3,426.2,750,24966,2,1
12484,83,331.3,425.9,750,24968,2,1
12485,83,331.3,425.5,750,24970,2,1
12486,83,331.3,425.1,750,24972,2,1
12487,83,331.4,424.8,750,24974,2,1
12488,83,331.5,424.6,750,24976,2,1
12489,83,331.5,424.9,750,24978,2,1
12490,83,331.4,425.2,750,24980,2,1
12491,83,330.6,427,750,24982,2,1
12492,83,329.8,430.4,750,24984,2,1
12493,83,328.4,437.7,750,24986,2,1
12494,83,326.8,446.7,750,24988,2,1
12495,83,324.9,458.7,750,24990,2,1
12496,83,322.9,473.8,750,24992,2,1
12497,83,320.9,490.5,750,24994,2,1
12498,83,319.6,506,750,24996,2,1
12499,83,318.4,519.8,751,24998,2,1
12500,83,318.6,529.4,751,25000,2,1
12501,83,319.2,536.1,751,25002,2,1
12502,83,320.3,538.4,751,25004,2,1
12503,83,321.8,537.1,751,25006,2,1
12504,83,323.2,533.9,751,25008,2,1
12505,83,324.7,530.8,751,25010,2,1
12506,83,326.3,527.8,751,25012,2,1
12507,83,326.8,525.1,751,25014,2,1
12508,83,327.1,524.3,751,25016,2,1
12509,83,327,524.8,751,25018,2,1
12510,83,326.6,526,751,25020,2,1
12511,83,326.2,527.7,751,25022,2,1
12512,83,325.8,529.6,751,25024,2,1
12513,83,325.3,531.6,751,25026,2,1
12514,83,324.8,533.6,751,25028,2,1
12515,83,324.6,535.2,751,25030,2,1
12516,83,324.8,536.7,752,25032,2,1
12517,83,325.1,537.6,752,25034,2,1
12518,83,325.5,538.2,752,25036,2,1
12519,83,325.8,538.3,752,25038,2,1
12520,83,326.3,538.1,752,25040,2,1
12521,83,327,537.2,752,25042,2,1
12522,83,327.4,536.2,752,25044,2,1
12523,83,327.9,535.4,752,25046,2,1
12524,83,328.3,535,752,25048,2,1
12525,83,328.8,534.7,752,25050,2,1
12526,83,329,535,752,25052,2,1
12527,83,329,535.3,752,25054,2,1
12528,83,328.6,536,752,25056,2,1
12529,83,328.2,536.7,752,25058,2,1
12530,83,327.8,537.2,752,25060,2,1
12531,83,327.3,537.3,752,25062,2,1
12532,83,326.6,537.5,753,25064,2,1
12533,83,325.6,537.4,753,25066,2,1
12534,83,324.7,537.3,753,25068,2,1
12535,83,323.9,537.4,753,25070,2,1
12536,83,323.1,537.6,753,25072,2,1
12537,83,322.2,537.8,753,25074,2,1
12538,83,321.6,537.9,753,25076,2,1
12539,83,321.2,537.8,753,25078,2,1
12540,83,321.5,537.1,753,25080,2,1
12541,83,321.9,536.4,753,25082,2,1
12542,83,322.5,535.6,753,25084,2,1
12543,83,323,534.7,753,25086,2,1
12544,83,323.7,533.6,753,25088,2,1
12545,83,323.9,532.4,753,25090,2,1
12546,83,321.6,530.3,753,25092,2,1
12547,83,319.1,526,753,25094,2,1
12548,83,315.2,519.3,753,25096,2,1
12549,83,309.8,506.9,754,25098,2,1
12550,83,303.1,490.1,754,25100,2,1
12551,83,294.9,469.5,754,25102,2,1
12552,83,285.9,444.7,754,25104,2,1
12553,83,278.3,418.2,754,25106,2,1
12554,83,270.8,391.5,754,25108,2,1
12555,83,263.2,365.9,754,25110,2,1
12556,83,256.3,343.6,754,25112,2,1
12557,83,249.7,324.4,754,25114,2,1
12558,83,244,308.7,754,25116,2,1
12559,83,239.2,296.1,754,25118,2,1
12560,83,234.3,284.2,754,25120,2,1
12561,83,227.8,274.1,754,25122,2,1
12562,83,221.5,264.5,754,25124,2,1
12563,83,215.1,257.4,754,25126,2,1
12564,83,208.4,250.8,754,25128,2,1
12565,83,202.4,244.1,754,25130,2,1
12566,83,195.1,238,755,25132,2,1
12567,83,188.8,234,755,25134,2,1
12568,83,184.1,231.1,755,25136,2,1
12569,83,180.8,229.2,755,25138,2,1
12570,83,178.2,227.2,755,25140,2,1
12571,83,176.8,225.4,755,25142,2,1
12572,83,175.3,224.3,755,25144,2,1
12573,83,175.5,223.8,755,25146,2,1
12574,83,175.8,223.4,755,25148,2,1
12575,83,176.1,223,755,25150,2,1
12576,83,176.2,223.3,755,25152,2,1
12577,83,176.4,223.8,755,25154,2,1
12578,83,176.5,224.3,755,25156,2,1
12579,83,176.7,224.6,755,25158,2,1
12580,83,177,225.5,755,25160,2,1
12581,83,177.2,226.2,755,25162,2,1
12582,83,177.4,226.7,756,25164,2,1
12583,83,177.8,226.5,756,25166,2,1
12584,83,178.1,226.3,756,25168,2,1
12585,83,177.9,225.8,756,25170,2,1
12586,83,177.3,225.2,756,25172,2,1
12587,83,176.2,224.7,756,25174,2,1
12588,83,175.2,223.8,756,25176,2,1
12589,83,174.2,222.9,756,25178,2,1
12590,83,173.2,222.2,756,25180,2,1
12591,83,172.5,221.8,756,25182,2,1
12592,83,172.2,221.6,756,25184,2,1
12593,83,172.1,221.5,756,25186,2,1
12594,83,172.4,221.5,756,25188,2,1
12595,83,172.6,221.9,756,25190,2,1
12596,83,172.9,222.2,756,25192,2,1
12597,83,173.4,222.7,756,25194,2,1
12598,83,173.9,222.8,756,25196,2,1
12599,83,174.6,222.9,757,25198,2,1
12600,83,175.3,223,757,25200,2,1
12601,83,175.9,223.2,757,25202,2,1
12602,83,176.6,223.6,757,25204,2,1
12603,83,177.1,224,757,25206,2,1
12604,83,177.7,224.7,757,25208,2,1
12605,83,178.1,225.2,757,25210,2,1
12606,83,178,225.6,757,25212,2,1
12607,83,178.1,225.8,757,25214,2,1
12608,83,178.2,225.8,757,25216,2,1
12609,83,178.3,225.7,757,25218,2,1
12610,83,178.4,225.6,757,25220,2,1
12611,83,178.4,225.4,757,25222,2,1
12612,83,178.3,225.2,757,25224,2,1
12613,83,178.2,225.4,757,25226,2,1
12614,83,178.3,225.8,757,25228,2,1
12615,83,178.5,226.3,757,25230,2,1
12616,83,178.5,226.7,758,25232,2,1
12617,83,178.5,227,758,25234,2,1
12618,83,178.7,227.6,758,25236,2,1
12619,83,178.7,228,758,25238,2,1
12620,83,178.8,228.1,758,25240,2,1
12621,83,178.9,228.3,758,25242,2,1
12622,83,178.8,228.3,758,25244,2,1
12623,83,178.7,228.3,758,25246,2,1
12624,83,178.4,228.4,758,25248,2,1
12625,83,178.2,228.5,758,25250,2,1
12626,83,178,228.8,758,25252,2,1
12627,83,177.9,229.1,758,25254,2,1
12628,83,177.7,229.3,758,25256,2,1
12629,83,177.7,229.5,758,25258,2,1
12630,83,177.7,229.7,758,25260,2,1
12631,83,177.8,229.9,758,25262,2,1
12632,83,177.8,230,759,25264,2,1
12633,83,177.9,229.8,759,25266,2,1
12634,83,177.9,229.7,759,25268,2,1
12635,83,177.9,229.6,759,25270,2,1
12636,83,177.9,229.8,759,25272,2,1
12637,83,177.9,230.1,759,25274,2,1
12638,83,178,230.4,759,25276,2,1
12639,83,178.1,230.6,759,25278,2,1
12640,83,178.3,230.8,759,25280,2,1
12641,83,178.5,231.1,759,25282,2,1
12642,83,178.9,231.2,759,25284,2,1
12643,83,179.5,231.6,759,25286,2,1
12644,83,180.1,231.8,759,25288,2,1
12645,83,180.6,232,759,25290,2,1
12646,83,180.9,232,759,25292,2,1
12647,83,181.2,232,759,25294,2,1
12648,83,181.5,232,759,25296,2,1
12649,83,181.3,231.8,760,25298,2,1
12650,83,181.1,231.7,760,25300,2,1
12651,83,181,231.7,760,25302,2,1
12652,83,180.9,231.4,760,25304,2,1
12653,83,180.2,231.1,760,25306,2,1
12654,83,179.5,230.7,760,25308,2,1
12655,83,178.9,230.3,760,25310,2,1
12656,83,178.5,230.1,760,25312,2,1
12657,83,178,229.8,760,25314,2,1
12658,83,177.6,229.5,760,25316,2,1
12659,83,177.3,229.5,760,25318,2,1
12660,83,177.6,229.5,760,25320,2,1
12661,83,177.7,229.5,760,25322,2,1
12662,83,177.8,229.6,760,25324,2,1
12663,83,178,229.7,760,25326,2,1
12664,83,178.2,229.7,760,25328,2,1
12665,83,178.2,229.6,760,25330,2,1
12666,83,178.2,229.7,761,25332,2,1
12667,83,178.4,229.7,761,25334,2,1
12668,83,178.7,229.7,761,25336,2,1
12669,83,178.8,229.7,761,25338,2,1
12670,83,178.9,229.8,761,25340,2,1
12671,83,179,229.8,761,25342,2,1
12672,83,179.1,229.6,761,25344,2,1
12673,83,179.3,229.5,761,25346,2,1
12674,83,179.5,229.4,761,25348,2,1
12675,83,179.5,229.2,761,25350,2,1
12676,83,179.1,229.1,761,25352,2,1
12677,83,178.9,229,761,25354,2,1
12678,83,178.7,229.2,761,25356,2,1
12679,83,178.4,229.2,761,25358,2,1
12680,83,178.1,228.8,761,25360,2,1
12681,83,178,228.6,761,25362,2,1
12682,83,177.9,228.2,762,25364,2,1
12683,83,178.2,227.8,762,25366,2,1
12684,83,178.5,227.4,762,25368,2,1
12685,83,178.6,227.1,762,25370,2,1
12686,83,178.6,227,762,25372,2,1
12687,83,178.4,227.1,762,25374,2,1
12688,83,178.1,227.4,762,25376,2,1
12689,83,177.7,227.6,762,25378,2,1
12690,83,177.5,227.9,762,25380,2,1
12691,83,177.4,228.2,762,25382,2,1
12692,83,177.3,228.4,762,25384,2,1
12693,83,177.4,228.5,762,25386,2,1
12694,83,177.4,228.5,762,25388,2,1
12695,83,177.6,228.6,762,25390,2,1
12696,83,177.8,228.6,762,25392,2,1
12697,83,177.9,228.4,762,25394,2,1
12698,83,177.9,228.1,762,25396,2,1
12699,83,177.6,227.8,763,25398,2,1
12700,83,177.4,227.4,763,25400,2,1
12701,83,177.3,227.2,763,25402,2,1
12702,83,177.3,226.9,763,25404,2,1
12703,83,177.2,226.8,763,25406,2,1
12704,83,177.2,226.8,763,25408,2,1
12705,83,177.3,227,763,25410,2,1
12706,83,177.6,227.3,763,25412,2,1
12707,83,177.3,227.9,763,25414,2,1
12708,83,176.9,228.8,763,25416,2,1
12709,83,176.5,229.6,763,25418,2,1
12710,83,176,230.3,763,25420,2,1
12711,83,175.3,230.7,763,25422,2,1
12712,83,174.8,230.8,763,25424,2,1
12713,83,174.3,230.8,763,25426,2,1
12714,83,174.7,230.4,763,25428,2,1
12715,83,175.2,230.1,763,25430,2,1
12716,83,175.9,230.1,764,25432,2,1
12717,83,176.8,230,764,25434,2,1
12718,83,177.6,230.2,764,25436,2,1
12719,83,178.3,230.5,764,25438,2,1
12720,83,178.8,230.7,764,25440,2,1
12721,83,178.9,230.9,764,25442,2,1
12722,83,179,231,764,25444,2,1
12723,83,178.8,231.2,764,25446,2,1
12724,83,178.6,231.2,764,25448,2,1
12725,83,178.4,231,764,25450,2,1
12726,83,178.2,230.6,764,25452,2,1
12727,83,178.7,230,764,25454,2,1
12728,83,179.1,229.5,764,25456,2,1
12729,83,179.6,229.3,764,25458,2,1
12730,83,180.2,229.1,764,25460,2,1
12731,83,180.6,229,764,25462,2,1
12732,83,180.9,228.8,765,25464,2,1
12733,83,181.3,228.6,765,25466,2,1
12734,83,180.8,228.3,765,25468,2,1
12735,83,180.4,228.1,765,25470,2,1
12736,83,180.2,227.7,765,25472,2,1
12737,83,180.2,227.6,765,25474,2,1
12738,83,180.8,227.5,765,25476,2,1
12739,83,181.4,227.5,765,25478,2,1
12740,83,181.8,227.8,765,25480,2,1
12741,83,182.5,228.1,765,25482,2,1
12742,83,183.1,228.3,765,25484,2,1
12743,83,183.3,228.5,765,25486,2,1
12744,83,183.3,228.6,765,25488,2,1
12745,83,182.8,228.7,765,25490,2,1
12746,83,182.2,228.6,765,25492,2,1
12747,83,181.5,228.5,765,25494,2,1
12748,83,181,228.4,765,25496,2,1
12749,83,180.6,228.3,766,25498,2,1
12750,83,180.5,228.2,766,25500,2,1
12751,83,180.8,228.1,766,25502,2,1
12752,83,181.1,228,766,25504,2,1
12753,83,181.5,227.8,766,25506,2,1
12754,83,182,227.7,766,25508,2,1
12755,83,182.6,227.7,766,25510,2,1
12756,83,183.3,227.8,766,25512,2,1
12757,83,184,227.9,766,25514,2,1
12758,83,184.5,227.9,766,25516,2,1
12759,83,184.9,228,766,25518,2,1
12760,83,185.3,228.1,766,25520,2,1
12761,83,185.4,228.4,766,25522,2,1
12762,83,185.4,228.9,766,25524,2,1
12763,83,185.4,229.5,766,25526,2,1
12764,83,184.5,230.2,766,25528,2,1
12765,83,183.6,230.7,766,25530,2,1
12766,83,182.3,231,767,25532,2,1
12767,83,181.2,230.9,767,25534,2,1
12768,83,179.8,229.1,767,25536,2,1
12769,83,178.6,226.2,767,25538,2,1
12770,83,177.1,222.4,767,25540,2,1
12771,83,176.4,216.9,767,25542,2,1
12772,83,175.5,210.6,767,25544,2,1
12773,83,174.6,203,767,25546,2,1
12774,83,172.9,195.3,767,25548,2,1
12775,83,170.4,187,767,25550,2,1
12776,83,167.8,179.6,767,25552,2,1
12777,83,165.4,172.9,767,25554,2,1
12778,83,163,167.9,767,25556,2,1
12779,83,160.6,163.8,767,25558,2,1
12780,83,157.9,161.1,767,25560,2,1
12781,83,155.9,159.1,767,25562,2,1
12782,83,154.8,159.1,768,25564,2,1
12783,83,153.9,159.3,768,25566,2,1
12784,83,153,159.6,768,25568,2,1
12785,83,152.1,160,768,25570,2,1
12786,83,151.8,160.4,768,25572,2,1
12787,83,152.2,160.9,768,25574,2,1
12788,83,152.9,161.5,768,25576,2,1
12789,83,153.5,162.2,768,25578,2,1
12790,83,154.1,163.1,768,25580,2,1
12791,83,154.7,163.8,768,25582,2,1
12792,83,155.2,164.5,768,25584,2,1
12793,83,155.4,164.9,768,25586,2,1
12794,83,155.6,164.7,768,25588,2,1
12795,83,155.6,163.8,768,25590,2,1
12796,83,155.7,162.8,768,25592,2,1
12797,83,155.9,161.5,768,25594,2,1
12798,83,156.2,160.1,768,25596,2,1
12799,83,156.5,158.8,769,25598,2,1
12800,83,156.8,157.7,769,25600,2,1
12801,83,157,157.3,769,25602,2,1
12802,83,156.9,157.8,769,25604,2,1
12803,83,156.8,158.4,769,25606,2,1
12804,83,156.7,159.1,769,25608,2,1
12805,83,156.5,159.8,769,25610,2,1
12806,83,156.4,160.4,769,25612,2,1
12807,83,156.4,160.8,769,25614,2,1
12808,83,156.4,161.1,769,25616,2,1
12809,83,156.5,160.8,769,25618,2,1
12810,83,156.6,160.8,769,25620,2,1
12811,83,156.7,160.9,769,25622,2,1
12812,83,156.7,161.2,769,25624,2,1
12813,83,156.8,161.5,769,25626,2,1
12814,83,156.8,161.9,769,25628,2,1
12815,83,156.8,162.2,769,25630,2,1
12816,83,156.5,162.5,770,25632,2,1
12817,83,156.4,162,770,25634,2,1
12818,83,156.3,161.2,770,25636,2,1
12819,83,156,160.5,770,25638,2,1
12820,83,155.6,159.9,770,25640,2,1
12821,83,155.2,160,770,25642,2,1
12822,83,154.7,160.1,770,25644,2,1
12823,83,154.5,160.2,770,25646,2,1
12824,83,154.1,160.9,770,25648,2,1
12825,83,153.8,161.7,770,25650,2,1
12826,83,153.5,162.4,770,25652,2,1
12827,83,153.3,163,770,25654,2,1
12828,83,153.5,162.9,770,25656,2,1
12829,83,153.5,162.7,770,25658,2,1
12830,83,153.4,162.1,770,25660,2,1
12831,83,153.3,161.5,770,25662,2,1
12832,83,153.3,160.8,771,25664,2,1
12833,83,153.2,160.3,771,25666,2,1
12834,83,153.1,160.1,771,25668,2,1
12835,83,152.9,160.3,771,25670,2,1
12836,83,152.8,160.6,771,25672,2,1
12837,83,152.7,160.9,771,25674,2,1
12838,83,152.6,161.3,771,25676,2,1
12839,83,152.5,161.4,771,25678,2,1
12840,83,152.6,161.2,771,25680,2,1
12841,83,152.7,160.7,771,25682,2,1
12842,83,153.2,160.1,771,25684,2,1
12843,83,153.6,159.5,771,25686,2,1
12844,83,154,159,771,25688,2,1
12845,83,154.4,158.6,771,25690,2,1
12846,83,155.1,158.7,771,25692,2,1
12847,83,155.8,159.1,771,25694,2,1
12848,83,156.5,159.5,771,25696,2,1
12849,83,156.9,160.1,772,25698,2,1
12850,83,157.2,160.8,772,25700,2,1
12851,83,157.7,161.4,772,25702,2,1
12852,83,158.3,161.7,772,25704,2,1
12853,83,158.6,161.8,772,25706,2,1
12854,83,158.9,162,772,25708,2,1
12855,83,159.1,162.3,772,25710,2,1
12856,83,159.1,162.5,772,25712,2,1
12857,83,159.1,162.7,772,25714,2,1
12858,83,158.8,162.8,772,25716,2,1
12859,83,158.3,162.9,772,25718,2,1
12860,83,157.8,163.1,772,25720,2,1
12861,83,157.3,163.3,772,25722,2,1
12862,83,156.7,163.3,772,25724,2,1
12863,83,156.2,163.3,772,25726,2,1
12864,83,155.7,163.4,772,25728,2,1
12865,83,155.2,163.3,772,25730,2,1
12866,83,154.9,163.2,773,25732,2,1
12867,83,155,163.1,773,25734,2,1
12868,83,155.3,163,773,25736,2,1
12869,83,155.6,162.9,773,25738,2,1
12870,83,156.2,163.1,773,25740,2,1
12871,83,157,163.3,773,25742,2,1
12872,83,157.7,163.9,773,25744,2,1
12873,83,158.5,164.5,773,25746,2,1
12874,83,158.7,165.1,773,25748,2,1
12875,83,159,165.8,773,25750,2,1
12876,83,159.2,166.4,773,25752,2,1
12877,83,159.1,166.6,773,25754,2,1
12878,83,158.9,166.8,773,25756,2,1
12879,83,158.8,166.8,773,25758,2,1
12880,83,158.6,166.8,773,25760,2,1
12881,83,158.2,166.6,773,25762,2,1
12882,83,157.4,166.3,774,25764,2,1
12883,83,156.7,165.9,774,25766,2,1
12884,83,156.1,165.7,774,25768,2,1
12885,83,155.5,165.6,774,25770,2,1
12886,83,154.9,165.7,774,25772,2,1
12887,83,154.5,165.8,774,25774,2,1
12888,83,154.2,165.9,774,25776,2,1
12889,83,154.4,166,774,25778,2,1
12890,83,155.1,166.1,774,25780,2,1
12891,83,155.7,166.3,774,25782,2,1
12892,83,156.4,166.6,774,25784,2,1
12893,83,156.9,166.9,774,25786,2,1
12894,83,157.3,167.3,774,25788,2,1
12895,83,157.3,167.7,774,25790,2,1
12896,83,157,168.1,774,25792,2,1
12897,83,156.1,168.6,774,25794,2,1
12898,83,155.3,168.8,774,25796,2,1
12899,83,154.5,168.7,775,25798,2,1
12900,83,154,168,775,25800,2,1
12901,83,153.2,167.1,775,25802,2,1
12902,83,152.5,166,775,25804,2,1
12903,83,152.2,165,775,25806,2,1
12904,83,152,164.2,775,25808,2,1
12905,83,151.7,163.7,775,25810,2,1
12906,83,151.5,163.4,775,25812,2,1
12907,83,151.1,163.9,775,25814,2,1
12908,83,151,164.9,775,25816,2,1
12909,83,151,166,775,25818,2,1
12910,83,151.4,166.9,775,25820,2,1
12911,83,151.8,167.7,775,25822,2,1
12912,83,152.2,168.3,775,25824,2,1
12913,83,152.6,168.9,775,25826,2,1
12914,83,153.1,169.2,775,25828,2,1
12915,83,153.5,168.6,775,25830,2,1
12916,83,153.5,167.5,776,25832,2,1
12917,83,152.7,165.5,776,25834,2,1
12918,83,152.1,163,776,25836,2,1
12919,83,150.9,158.6,776,25838,2,1
12920,83,149.4,154.2,776,25840,2,1
12921,83,147.9,148.6,776,25842,2,1
12922,83,146.6,141.9,776,25844,2,1
12923,83,145.1,135.7,776,25846,2,1
12924,83,144.1,129.6,776,25848,2,1
12925,83,142.9,124.4,776,25850,2,1
12926,83,142.4,120.7,776,25852,2,1
12927,83,142.2,117.1,776,25854,2,1
12928,83,141.7,114.8,776,25856,2,1
12929,83,141,113.7,776,25858,2,1
12930,83,140.6,112.9,776,25860,2,1
12931,83,140,112.7,776,25862,2,1
12932,83,139.3,112.6,777,25864,2,1
12933,83,138.5,113.1,777,25866,2,1
12934,83,137.8,113.7,777,25868,2,1
12935,83,137.1,114.4,777,25870,2,1
12936,83,136.6,115.1,777,25872,2,1
12937,83,136.3,115.7,777,25874,2,1
12938,83,136.4,116.4,777,25876,2,1
12939,83,136.5,116.9,777,25878,2,1
12940,83,136.8,116.9,777,25880,2,1
12941,83,137.3,116.8,777,25882,2,1
12942,83,137.8,116.8,777,25884,2,1
12943,83,138.3,116.8,777,25886,2,1
12944,83,138.6,116.5,777,25888,2,1
12945,83,138.5,116,777,25890,2,1
12946,83,138.5,115.7,777,25892,2,1
12947,83,138.4,115.4,777,25894,2,1
12948,83,138.1,115.2,777,25896,2,1
12949,83,137.8,114.9,778,25898,2,1
12950,83,137.6,114.8,778,25900,2,1
12951,83,137.3,114.6,778,25902,2,1
12952,83,137.1,114.6,778,25904,2,1
12953,83,136.9,114.5,778,25906,2,1
12954,83,136.6,114.4,778,25908,2,1
12955,83,136.4,114.4,778,25910,2,1
12956,83,136.3,114.5,778,25912,2,1
12957,83,136.4,114.7,778,25914,2,1
12958,83,136.5,114.8,778,25916,2,1
12959,83,136.5,115.1,778,25918,2,1
12960,83,136.7,115.5,778,25920,2,1
12961,83,136.7,115.8,778,25922,2,1
12962,83,136.6,116.2,778,25924,2,1
12963,83,136.5,116.3,778,25926,2,1
12964,83,136.3,116.2,778,25928,2,1
12965,83,136.1,116,778,25930,2,1
12966,83,136,115.8,779,25932,2,1
12967,83,136.1,115.6,779,25934,2,1
12968,83,136.2,115.6,779,25936,2,1
12969,83,136.4,115.8,779,25938,2,1
12970,83,136.9,116.2,779,25940,2,1
12971,83,137.3,116.6,779,25942,2,1
12972,83,137.6,117,779,25944,2,1
12973,83,137.9,117.4,779,25946,2,1
12974,83,138,117.7,779,25948,2,1
12975,83,138.2,117.7,779,25950,2,1
12976,83,138.4,117.5,779,25952,2,1
12977,83,138.4,117.4,779,25954,2,1
12978,83,138.4,117.3,779,25956,2,1
12979,83,138.5,117.3,779,25958,2,1
12980,83,138.6,117.3,779,25960,2,1
12981,83,138.7,117.2,779,25962,2,1
12982,83,138.8,117.1,780,25964,2,1
12983,83,138.3,117,780,25966,2,1
12984,83,137.8,116.8,780,25968,2,1
12985,83,137.2,116.6,780,25970,2,1
12986,83,136.6,116.4,780,25972,2,1
12987,83,136.1,116.4,780,25974,2,1
12988,83,135.6,116.5,780,25976,2,1
12989,83,135,116.7,780,25978,2,1
12990,83,134.9,117.1,780,25980,2,1
12991,83,134.7,117.8,780,25982,2,1
12992,83,134.6,118.5,780,25984,2,1
12993,83,134.6,119.1,780,25986,2,1
12994,83,134.6,119.7,780,25988,2,1
12995,83,134.5,120.2,780,25990,2,1
12996,83,134.3,120.3,780,25992,2,1
12997,83,134.1,119.9,780,25994,2,1
12998,83,133.8,119.4,780,25996,2,1
12999,83,133.5,119,781,25998,2,1
13000,83,133.1,118.6,781,26000,2,1
13001,83,132.8,118.1,781,26002,2,1
13002,83,132.4,117.8,781,26004,2,1
13003,83,132.8,117.6,781,26006,2,1
13004,83,133.2,118.2,781,26008,2,1
13005,83,134,118.9,781,26010,2,1
13006,83,134.9,119.5,781,26012,2,1
13007,83,135.9,120.2,781,26014,2,1
13008,83,137.2,121,781,26016,2,1
13009,83,138.4,121.7,781,26018,2,1
13010,83,138.8,122.3,781,26020,2,1
13011,83,139.2,122.5,781,26022,2,1
13012,83,139.4,123,781,26024,2,1
13013,83,139.4,123.6,781,26026,2,1
13014,83,139,124.2,781,26028,2,1
13015,83,138.1,124.8,781,26030,2,1
13016,83,137.3,125.3,782,26032,2,1
13017,83,136.5,125.8,782,26034,2,1
13018,83,135.9,126.3,782,26036,2,1
13019,83,135.5,126.4,782,26038,2,1
13020,83,135.2,126.3,782,26040,2,1
13021,83,135.4,126,782,26042,2,1
13022,83,135.8,125.4,782,26044,2,1
13023,83,136.3,124.9,782,26046,2,1
13024,83,136.8,124.4,782,26048,2,1
13025,83,137.4,124.2,782,26050,2,1
13026,83,137.8,124.1,782,26052,2,1
13027,83,138.1,124.1,782,26054,2,1
13028,83,138.1,124.1,782,26056,2,1
13029,83,137.9,123.8,782,26058,2,1
13030,83,137.6,123.6,782,26060,2,1
13031,83,137.1,123.3,782,26062,2,1
13032,83,136.6,123.3,783,26064,2,1
13033,83,136.5,123.6,783,26066,2,1
13034,83,136.6,124,783,26068,2,1
13035,83,136.8,124.5,783,26070,2,1
13036,83,137.1,124.9,783,26072,2,1
13037,83,137.4,125.3,783,26074,2,1
13038,83,137.8,125.7,783,26076,2,1
13039,83,138.3,125.8,783,26078,2,1
13040,83,138.4,125.7,783,26080,2,1
13041,83,138.1,125.5,783,26082,2,1
13042,83,137.8,125.4,783,26084,2,1
13043,83,137.5,125.3,783,26086,2,1
13044,83,137.1,125.2,783,26088,2,1
13045,83,137,125.1,783,26090,2,1
13046,83,137.2,125.3,783,26092,2,1
13047,83,137.6,125.3,783,26094,2,1
13048,83,138.1,125.3,783,26096,2,1
13049,83,138.3,125.3,784,26098,2,1
13050,83,138.4,125,784,26100,2,1
13051,83,138.7,125,784,26102,2,1
13052,83,138.5,125.4,784,26104,2,1
13053,83,138.4,125.7,784,26106,2,1
13054,83,138.3,126,784,26108,2,1
13055,83,138.3,126.3,784,26110,2,1
13056,83,138.5,126.6,784,26112,2,1
13057,83,138.5,126.9,784,26114,2,1
13058,83,138.5,127.1,784,26116,2,1
13059,83,138.5,127.1,784,26118,2,1
13060,83,138.3,127.1,784,26120,2,1
13061,83,138.6,127,784,26122,2,1
13062,83,138.8,127,784,26124,2,1
13063,83,138.9,127,784,26126,2,1
13064,83,138.6,126.7,784,26128,2,1
13065,83,138.3,126.7,784,26130,2,1
13066,83,138,126.7,785,26132,2,1
13067,83,137.8,126.8,785,26134,2,1
13068,83,136.8,127.3,785,26136,2,1
13069,83,135.9,127.8,785,26138,2,1
13070,83,135.1,128.2,785,26140,2,1
13071,83,134.8,128.6,785,26142,2,1
13072,83,134.6,129,785,26144,2,1
13073,83,134.4,129.3,785,26146,2,1
13074,83,134.3,129.7,785,26148,2,1
13075,83,134.2,129.6,785,26150,2,1
13076,83,134.1,129.7,785,26152,2,1
13077,83,134.2,129.9,785,26154,2,1
13078,83,134.3,130.2,785,26156,2,1
13079,83,134.4,130.5,785,26158,2,1
13080,83,134.5,130.9,785,26160,2,1
13081,83,134.4,130.7,785,26162,2,1
13082,83,134.5,130.9,785,26164,2,1
13083,83,134.5,130.9,785,26166,2,1
13084,83,134.3,130.8,785,26168,2,1
13085,83,134.1,130.6,785,26170,2,1
13086,83,133.9,130.4,785,26172,2,1
13087,83,133.7,130.3,785,26174,2,1
13088,83,133.4,130.4,785,26176,2,1
13089,83,133.2,130.4,785,26178,2,1
13090,83,133,130.5,785,26180,2,1
13091,83,132.9,130.6,785,26182,2,1
13092,83,133.1,130.9,785,26184,2,1
13093,83,133.4,131.6,785,26186,2,1
13094,83,134,132.1,785,26188,2,1
13095,83,134.6,132.3,785,26190,2,1
13096,83,135.2,132.5,785,26192,2,1
13097,83,135.9,132.8,785,26194,2,1
13098,83,136.6,133.1,785,26196,2,1
13099,83,137.1,133.6,785,26198,2,1
13100,83,137.4,134.2,785,26200,2,1
13101,83,137.1,134.7,785,26202,2,1
13102,83,137,135.3,785,26204,2,1
13103,83,136.8,136.1,785,26206,2,1
13104,83,136.7,136.6,785,26208,2,1
13105,83,136.6,136.8,785,26210,2,1
13106,83,136.6,136.8,785,26212,2,1
13107,83,136.8,136.3,785,26214,2,1
13108,83,137,135.9,785,26216,2,1
13109,83,137.1,135.4,785,26218,2,1
13110,83,137.1,134.8,785,26220,2,1
13111,83,137.1,134.6,785,26222,2,1
13112,83,137,134.5,785,26224,2,1
13113,83,136.9,134.6,785,26226,2,1
13114,83,136.7,134.8,785,26228,2,1
13115,83,136.5,135.2,785,26230,2,1
13116,83,136.2,135.8,785,26232,2,1
13117,83,136,136.3,785,26234,2,1
13118,83,135.7,136.8,785,26236,2,1
13119,83,135.4,137.1,785,26238,2,1
13120,83,135.5,137.4,785,26240,2,1
13121,83,135.6,137.6,785,26242,2,1
13122,83,135.6,137.5,785,26244,2,1
13123,83,135.9,137.1,785,26246,2,1
13124,83,136.3,136.8,785,26248,2,1
13125,83,136.9,136.7,785,26250,2,1
13126,83,137.3,136.7,785,26252,2,1
13127,83,137.6,137.4,785,26254,2,1
13128,83,137.9,138.2,785,26256,2,1
13129,83,138.4,139.1,785,26258,2,1
13130,83,138.7,140,785,26260,2,1
13131,83,139,140.5,785,26262,2,1
13132,83,139.2,140.8,785,26264,2,1
13133,83,139.5,141,785,26266,2,1
13134,83,139.7,140.6,785,26268,2,1
13135,83,140.3,140.2,785,26270,2,1
13136,83,140.6,139.8,785,26272,2,1
13137,83,140.6,139.8,785,26274,2,1
13138,83,140.5,140.4,785,26276,2,1
13139,83,140.4,141.1,785,26278,2,1
13140,83,140.2,141.8,785,26280,2,1
13141,83,139.8,142.1,788,26282,2,1
13142,83,138.9,142.6,788,26284,2,1
13143,83,138.2,143.1,788,26286,2,1
13144,83,137.6,143.1,788,26288,2,1
13145,83,137.6,143,788,26290,2,1
13146,83,137.3,142.6,788,26292,2,1
13147,83,137.1,142.4,788,26294,2,1
13148,83,136.8,142.6,788,26296,2,1
13149,83,136.6,142.8,789,26298,2,1
13150,83,136.5,142.9,789,26300,2,1
13151,83,136.4,142.9,789,26302,2,1
13152,83,136.1,143.5,789,26304,2,1
13153,83,136,144.1,789,26306,2,1
13154,83,136,144.6,789,26308,2,1
13155,83,136.1,144.8,789,26310,2,1
13156,83,136.2,145.2,789,26312,2,1
13157,83,136.2,145.3,790,26314,2,1
13158,83,136.3,145.6,790,26316,2,1
13159,83,136.2,145.5,790,26318,2,1
13160,83,136,145.5,790,26320,2,1
13161,83,135.8,145.3,790,26322,2,1
13162,83,136,145.1,790,26324,2,1
13163,83,136.6,145.1,790,26326,2,1
13164,83,137.1,145.1,790,26328,2,1
13165,83,137.6,145.1,790,26330,2,1
13166,83,138,145,791,26332,2,1
13167,83,138.6,144.8,791,26334,2,1
13168,83,139.6,144.7,791,26336,2,1
13169,83,140,144.7,791,26338,2,1
13170,83,140.4,144.6,791,26340,2,1
13171,83,140.3,144.7,791,26342,2,1
13172,83,140.2,144.7,791,26344,2,1
13173,83,139.9,144.8,791,26346,2,1
13174,83,139.6,145,791,26348,2,1
13175,83,139,145.8,791,26350,2,1
13176,83,138.4,146.6,791,26352,2,1
13177,83,137.7,147.3,791,26354,2,1
13178,83,137.2,147.8,791,26356,2,1
13179,83,136.6,148.1,791,26358,2,1
13180,83,136.1,148.4,791,26360,2,1
13181,83,135.7,148.9,791,26362,2,1
13182,83,135.4,148.8,791,26364,2,1
13183,83,135.2,148.8,792,26366,2,1
13184,83,135.1,148.8,792,26368,2,1
13185,83,134.8,148.2,792,26370,2,1
13186,83,134.8,147.9,792,26372,2,1
13187,83,134.8,147.6,792,26374,2,1
13188,83,135.1,147.8,792,26376,2,1
13189,83,135.3,147.8,792,26378,2,1
13190,83,135.3,147.9,792,26380,2,1
13191,83,135.4,147.8,792,26382,2,1
13192,83,135.3,147.5,792,26384,2,1
13193,83,135.1,147.6,792,26386,2,1
13194,83,135.3,147.9,792,26388,2,1
13195,83,135.6,148.4,792,26390,2,1
13196,83,135.9,148.7,792,26392,2,1
13197,83,135.9,149,792,26394,2,1
13198,83,135.7,149,792,26396,2,1
13199,83,134.9,149,793,26398,2,1
13200,83,134.5,149,793,26400,2,1
13201,83,133.9,149,793,26402,2,1
13202,83,133.1,148.8,793,26404,2,1
13203,83,132.5,148.6,793,26406,2,1
13204,83,132.1,148.2,793,26408,2,1
13205,83,131.7,147.7,793,26410,2,1
13206,83,131.8,147,793,26412,2,1
13207,83,132.1,146.5,793,26414,2,1
13208,83,132.4,146.1,793,26416,2,1
13209,83,133.1,145.7,793,26418,2,1
13210,83,133.6,145.3,793,26420,2,1
13211,83,134.1,145,793,26422,2,1
13212,83,134.7,144.5,793,26424,2,1
13213,83,135.2,144.6,793,26426,2,1
13214,83,135.9,144.7,793,26428,2,1
13215,83,136.5,144.9,793,26430,2,1
13216,83,137,145,794,26432,2,1
13217,83,137.4,145,794,26434,2,1
13218,83,137.7,145,794,26436,2,1
13219,83,138.1,145,794,26438,2,1
13220,83,138.6,145.1,794,26440,2,1
13221,83,139.1,145.3,794,26442,2,1
13222,83,139.5,145.5,794,26444,2,1
13223,83,139.5,145.7,794,26446,2,1
13224,83,139.3,146.1,794,26448,2,1
13225,83,138.9,146,794,26450,2,1
13226,83,138.6,146.4,794,26452,2,1
13227,83,138.4,147.1,794,26454,2,1
13228,83,138.1,147.8,794,26456,2,1
13229,83,137.8,148.5,794,26458,2,1
13230,83,137.5,149.3,794,26460,2,1
13231,83,137,149.4,794,26462,2,1
13232,83,136.5,149.9,795,26464,2,1
13233,83,136.1,150.5,795,26466,2,1
13234,83,136,151.1,795,26468,2,1
13235,83,135.9,151.6,795,26470,2,1
13236,83,135.9,151.8,795,26472,2,1
13237,83,135.9,151.9,795,26474,2,1
13238,83,136.1,151.7,795,26476,2,1
13239,83,136.5,151.4,795,26478,2,1
13240,83,137,151.2,795,26480,2,1
13241,83,137.4,151,795,26482,2,1
13242,83,137.7,150.9,795,26484,2,1
13243,83,137.7,150.9,795,26486,2,1
13244,83,137.6,150.8,795,26488,2,1
13245,83,137.3,151,795,26490,2,1
13246,83,137.2,151.1,795,26492,2,1
13247,83,137.1,151.1,795,26494,2,1
13248,83,137.1,151.1,795,26496,2,1
13249,83,137.2,151,796,26498,2,1
13250,83,137.9,150.8,796,26500,2,1
13251,83,138.6,150.9,796,26502,2,1
13252,83,139.4,151.2,796,26504,2,1
13253,83,140.2,151.6,796,26506,2,1
13254,83,141,152,796,26508,2,1
13255,83,141.6,152.4,796,26510,2,1
13256,83,141.9,152.7,796,26512,2,1
13257,83,141.7,152.7,796,26514,2,1
13258,83,141.6,152.8,796,26516,2,1
13259,83,141.6,152.9,796,26518,2,1
13260,83,141.4,152.8,796,26520,2,1
13261,83,141.1,152.6,796,26522,2,1
13262,83,140.7,152.3,796,26524,2,1
13263,83,140.1,151.9,796,26526,2,1
13264,83,139.7,151.5,796,26528,2,1
13265,83,139.5,151.4,796,26530,2,1
13266,83,139.2,151.3,797,26532,2,1
13267,83,138.9,151.1,797,26534,2,1
13268,83,138.6,150.8,797,26536,2,1
13269,83,138.5,150.6,797,26538,2,1
13270,83,138.7,150.3,797,26540,2,1
13271,83,138.7,150,797,26542,2,1
13272,83,138.9,150,797,26544,2,1
13273,83,139.1,150.6,797,26546,2,1
13274,83,139.1,151.8,797,26548,2,1
13275,83,139,152.9,797,26550,2,1
13276,83,138.6,153.8,797,26552,2,1
13277,83,138.2,154.6,797,26554,2,1
13278,83,137.9,154.8,797,26556,2,1
13279,83,137.7,154.9,797,26558,2,1
13280,83,138,154.9,797,26560,2,1
13281,83,138.6,154.2,797,26562,2,1
13282,83,139.2,153.5,798,26564,2,1
13283,83,140,152.8,798,26566,2,1
13284,83,140.9,152,798,26568,2,1
13285,83,140.8,151.5,798,26570,2,1
13286,83,140.7,150.8,798,26572,2,1
13287,83,140.3,149.8,798,26574,2,1
13288,83,140,149.1,798,26576,2,1
13289,83,139.8,148.5,798,26578,2,1
13290,83,139.4,148.2,798,26580,2,1
13291,83,139,148,798,26582,2,1
13292,83,139.2,147.8,798,26584,2,1
13293,83,139.2,147.5,798,26586,2,1
13294,83,139.2,147.6,798,26588,2,1
13295,83,139.1,147.4,798,26590,2,1
13296,83,139,147.2,798,26592,2,1
13297,83,139.1,147.1,798,26594,2,1
13298,83,139.2,147,798,26596,2,1
13299,83,139.4,147,799,26598,2,1
13300,83,139.8,147,799,26600,2,1
13301,83,140.1,147.1,799,26602,2,1
13302,83,140.4,147.1,799,26604,2,1
13303,83,140.6,147.1,799,26606,2,1
13304,83,140.7,147.1,799,26608,2,1
13305,83,140.9,147.4,799,26610,2,1
13306,83,141,147.8,799,26612,2,1
13307,83,141,148.3,799,26614,2,1
13308,83,140.9,148.6,799,26616,2,1
13309,83,140.9,148.8,799,26618,2,1
13310,83,140.8,149,799,26620,2,1
13311,83,140.9,148.6,799,26622,2,1
13312,83,140.9,148.2,799,26624,2,1
13313,83,141,147.7,799,26626,2,1
13314,83,141.1,147.1,799,26628,2,1
13315,83,141.2,146.9,799,26630,2,1
13316,83,141.3,146.6,800,26632,2,1
13317,83,141.4,146.1,800,26634,2,1
13318,83,141.2,146.1,800,26636,2,1
13319,83,141,145.9,800,26638,2,1
13320,83,140.7,145.6,800,26640,2,1
13321,83,140.3,145.3,800,26642,2,1
13322,83,139.9,144.7,800,26644,2,1
13323,83,139.6,144.1,800,26646,2,1
13324,83,139.2,143.6,800,26648,2,1
13325,83,138.9,142.9,800,26650,2,1
13326,83,138.9,142.4,800,26652,2,1
13327,83,139.2,142,800,26654,2,1
13328,83,139.6,141.7,800,26656,2,1
13329,83,140,141.4,800,26658,2,1
13330,83,140.7,141.2,800,26660,2,1
13331,83,141.7,140.9,800,26662,2,1
13332,83,142.9,140.7,801,26664,2,1
13333,83,144,140.6,801,26666,2,1
13334,83,144.8,140.7,801,26668,2,1
13335,83,145.7,140.7,801,26670,2,1
13336,83,146.3,140.7,801,26672,2,1
13337,83,146.7,140.7,801,26674,2,1
13338,83,146.7,140.6,801,26676,2,1
13339,83,146.6,141,801,26678,2,1
13340,83,146.4,141.4,801,26680,2,1
13341,83,146.1,141.7,801,26682,2,1
13342,83,145.6,142,801,26684,2,1
13343,83,145.2,142.2,801,26686,2,1
13344,83,144.8,142.2,801,26688,2,1
13345,83,144.3,142.3,801,26690,2,1
13346,83,144,142.3,801,26692,2,1
13347,83,143.7,142.2,801,26694,2,1
13348,83,143.8,142,801,26696,2,1
13349,83,143.8,141.9,802,26698,2,1
13350,83,144.6,141.7,802,26700,2,1
13351,83,146.6,141.3,802,26702,2,1
13352,83,149.1,141,802,26704,2,1
13353,83,153.5,140.6,802,26706,2,1
13354,83,158.1,140.2,802,26708,2,1
13355,83,164.4,139.9,802,26710,2,1
13356,83,171.8,139.3,802,26712,2,1
13357,83,179.5,138.7,802,26714,2,1
13358,83,186.2,138.3,802,26716,2,1
13359,83,193.3,137.8,802,26718,2,1
13360,83,199.2,137.6,802,26720,2,1
13361,83,205.4,137.5,802,26722,2,1
13362,83,210.2,137.5,802,26724,2,1
13363,83,213.8,137.9,802,26726,2,1
13364,83,216.5,138.5,802,26728,2,1
13365,83,218.8,139.1,802,26730,2,1
13366,83,220.4,139.6,803,26732,2,1
13367,83,221.4,139.9,803,26734,2,1
13368,83,222,140.2,803,26736,2,1
13369,83,223.4,140.6,803,26738,2,1
13370,83,224.6,140.9,803,26740,2,1
13371,83,225.9,140.9,803,26742,2,1
13372,83,227.1,140.9,803,26744,2,1
13373,83,228.3,140.8,803,26746,2,1
13374,83,229.6,140.8,803,26748,2,1
13375,83,230.6,141.2,803,26750,2,1
13376,83,230.8,141.5,803,26752,2,1
13377,83,231,141.8,803,26754,2,1
13378,83,231,142.1,803,26756,2,1
13379,83,230.8,142.4,803,26758,2,1
13380,83,230.5,142.5,803,26760,2,1
13381,83,230,142.7,803,26762,2,1
13382,83,229.6,142.5,804,26764,2,1
13383,83,229.1,142.2,804,26766,2,1
13384,83,228.8,141.9,804,26768,2,1
13385,83,228.5,141.7,804,26770,2,1
13386,83,228.5,141.7,804,26772,2,1
13387,83,228.4,141.5,804,26774,2,1
13388,83,228.2,141.4,804,26776,2,1
13389,83,228,141.3,804,26778,2,1
13390,83,227.6,141.2,804,26780,2,1
13391,83,227.3,141.1,804,26782,2,1
13392,83,226.9,141,804,26784,2,1
13393,83,226.6,141,804,26786,2,1
13394,83,226.2,141.1,804,26788,2,1
13395,83,225.8,141.3,804,26790,2,1
13396,83,225.5,141.6,804,26792,2,1
13397,83,225.2,142.2,804,26794,2,1
13398,83,225,142.6,804,26796,2,1
13399,83,224.7,142.9,805,26798,2,1
13400,83,224.5,143.1,805,26800,2,1
13401,83,224.3,143.3,805,26802,2,1
13402,83,224.4,143.5,805,26804,2,1
13403,83,224.4,143.8,805,26806,2,1
13404,83,224.3,143.7,805,26808,2,1
13405,83,224.2,143.8,805,26810,2,1
13406,83,224.2,144,805,26812,2,1
13407,83,224,144.2,805,26814,2,1
13408,83,223.8,144.3,805,26816,2,1
13409,83,223.5,144.4,805,26818,2,1
13410,83,223.4,144.1,805,26820,2,1
13411,83,223.4,143.8,805,26822,2,1
13412,83,223.5,143.5,805,26824,2,1
13413,83,223.6,143.2,805,26826,2,1
13414,83,223.9,143.1,805,26828,2,1
13415,83,224.2,143.5,805,26830,2,1
13416,83,224.2,144,806,26832,2,1
13417,83,224.3,144.5,806,26834,2,1
13418,83,224.3,145,806,26836,2,1
13419,83,224,145.6,806,26838,2,1
13420,83,223.4,146.1,806,26840,2,1
13421,83,222.8,146.6,806,26842,2,1
13422,83,222.1,146.9,806,26844,2,1
13423,83,221.6,146.7,806,26846,2,1
13424,83,221.1,146.3,806,26848,2,1
13425,83,220.6,145.9,806,26850,2,1
13426,83,220.3,145.4,806,26852,2,1
13427,83,220.2,144.9,806,26854,2,1
13428,83,220.3,144.4,806,26856,2,1
13429,83,220.6,144.1,806,26858,2,1
13430,83,220.9,143.9,806,26860,2,1
13431,83,221.2,144.2,806,26862,2,1
13432,83,221.6,144.5,806,26864,2,1
13433,83,221.9,144.9,807,26866,2,1
13434,83,222.3,145.2,807,26868,2,1
13435,83,222.6,145.3,807,26870,2,1
13436,83,222.9,145.2,807,26872,2,1
13437,83,223.4,145,807,26874,2,1
13438,83,224,144.8,807,26876,2,1
13439,83,224.5,144.6,807,26878,2,1
13440,83,224.8,144.5,807,26880,2,1
13441,83,224.4,145,807,26882,2,1
13442,83,224.1,145.6,807,26884,2,1
13443,83,223.7,146.3,807,26886,2,1
13444,83,223,146.9,807,26888,2,1
13445,83,222.4,147.4,807,26890,2,1
13446,83,221.8,148,807,26892,2,1
13447,83,221.5,148.4,807,26894,2,1
13448,83,221.6,148.5,807,26896,2,1
13449,83,221.5,148.3,808,26898,2,1
13450,83,221.3,148,808,26900,2,1
13451,83,221.1,147.8,808,26902,2,1
13452,83,220.6,147.5,808,26904,2,1
13453,83,220.2,147.3,808,26906,2,1
13454,83,219.7,147.2,808,26908,2,1
13455,83,219.3,147.1,808,26910,2,1
13456,83,218.9,146.5,808,26912,2,1
13457,83,218.2,145.9,808,26914,2,1
13458,83,217.6,145.3,808,26916,2,1
13459,83,217.3,144.5,808,26918,2,1
13460,83,217,143.8,808,26920,2,1
13461,83,216.9,143.2,808,26922,2,1
13462,83,216.9,142.9,808,26924,2,1
13463,83,217,142.9,808,26926,2,1
13464,83,217.4,142.8,808,26928,2,1
13465,83,218.1,142.7,808,26930,2,1
13466,83,218.8,143.1,809,26932,2,1
13467,83,219.4,143.4,809,26934,2,1
13468,83,219.9,143.8,809,26936,2,1
13469,83,220.3,144,809,26938,2,1
13470,83,220.7,143.9,809,26940,2,1
13471,83,221.2,143.9,809,26942,2,1
13472,83,221.3,143.9,809,26944,2,1
13473,83,221.2,144,809,26946,2,1
13474,83,220.6,144.1,809,26948,2,1
13475,83,219.8,143.8,809,26950,2,1
13476,83,219,143.1,809,26952,2,1
13477,83,218.2,142.5,809,26954,2,1
13478,83,217.3,142,809,26956,2,1
13479,83,216.6,141.7,809,26958,2,1
13480,83,216.2,141.5,809,26960,2,1
13481,83,216.4,141.5,809,26962,2,1
13482,83,216.5,142,809,26964,2,1
13483,83,216.5,143.9,810,26966,2,1
13484,83,216.6,145.7,810,26968,2,1
13485,83,216.5,149.3,810,26970,2,1
13486,83,216.5,154.3,810,26972,2,1
13487,83,216.6,159.2,810,26974,2,1
13488,83,216.7,163.7,810,26976,2,1
13489,83,216.8,167.9,810,26978,2,1
13490,83,217,171.4,810,26980,2,1
13491,83,216.7,174.9,810,26982,2,1
13492,83,216.8,176.5,810,26984,2,1
13493,83,216.9,176,810,26986,2,1
13494,83,216.9,175.1,810,26988,2,1
13495,83,216.9,174.3,810,26990,2,1
13496,83,217,173.2,810,26992,2,1
13497,83,217.5,172,810,26994,2,1
13498,83,218.3,171.1,810,26996,2,1
13499,83,219.1,170.5,811,26998,2,1
13500,83,219.6,170.3,811,27000,2,1
13501,83,219.7,170.7,811,27002,2,1
13502,83,220,171.1,811,27004,2,1
13503,83,220.2,171.8,811,27006,2,1
13504,83,220.9,172.5,811,27008,2,1
13505,83,221.5,173.2,811,27010,2,1
13506,83,222.1,173.8,811,27012,2,1
13507,83,222,174.3,811,27014,2,1
13508,83,222,174.4,811,27016,2,1
13509,83,221.8,174.4,811,27018,2,1
13510,83,221.8,174.4,811,27020,2,1
13511,83,221.3,174.3,811,27022,2,1
13512,83,221.5,174.4,811,27024,2,1
13513,83,221.6,174.3,811,27026,2,1
13514,83,222.3,174.4,811,27028,2,1
13515,83,222.9,174.8,811,27030,2,1
13516,83,223.5,175.2,812,27032,2,1
13517,83,223.9,175.6,812,27034,2,1
13518,83,223.9,176.2,812,27036,2,1
13519,83,223.3,176.6,812,27038,2,1
13520,83,222.9,177,812,27040,2,1
13521,83,222.6,177,812,27042,2,1
13522,83,222.5,176.5,812,27044,2,1
13523,83,222.6,176.1,812,27046,2,1
13524,83,222.6,175.7,812,27048,2,1
13525,83,223,175.1,812,27050,2,1
13526,83,223.3,174.5,812,27052,2,1
13527,83,223.6,174.1,812,27054,2,1
13528,83,223.7,173.8,812,27056,2,1
13529,83,223.4,173.4,812,27058,2,1
13530,83,223,173,812,27060,2,1
13531,83,222.6,172.8,812,27062,2,1
13532,83,222.2,173.1,812,27064,2,1
13533,83,221.8,173.4,813,27066,2,1
13534,83,221.3,173.8,813,27068,2,1
13535,83,221.1,174.4,813,27070,2,1
13536,83,220.8,175,813,27072,2,1
13537,83,220.7,175.1,813,27074,2,1
13538,83,220.8,174.9,813,27076,2,1
13539,83,221,174.6,813,27078,2,1
13540,83,221.5,173.9,813,27080,2,1
13541,83,221.9,173.4,813,27082,2,1
13542,83,222.3,172.8,813,27084,2,1
13543,83,222.6,172.4,813,27086,2,1
13544,83,222.8,172.2,813,27088,2,1
13545,83,223,172.1,813,27090,2,1
13546,83,222.9,172.2,813,27092,2,1
13547,83,222.7,172.3,813,27094,2,1
13548,83,222.6,172.4,813,27096,2,1
13549,83,222.7,172.3,814,27098,2,1
13550,83,222.8,172.2,814,27100,2,1
13551,83,223,172,814,27102,2,1
13552,83,223.2,171.7,814,27104,2,1
13553,83,223.7,171,814,27106,2,1
13554,83,224.2,170.3,814,27108,2,1
13555,83,224.7,169.7,814,27110,2,1
13556,83,225.2,169.2,814,27112,2,1
13557,83,225.5,168.7,814,27114,2,1
13558,83,226,168.4,814,27116,2,1
13559,83,226.5,168.3,814,27118,2,1
13560,83,226.6,168.6,814,27120,2,1
13561,83,226.8,168.9,814,27122,2,1
13562,83,226.8,169.6,814,27124,2,1
13563,83,226.7,170.4,814,27126,2,1
13564,83,226.5,171.5,814,27128,2,1
13565,83,226.2,172.6,814,27130,2,1
13566,83,225.7,173.3,815,27132,2,1
13567,83,225.1,173.3,815,27134,2,1
13568,83,224.6,173.1,815,27136,2,1
13569,83,224.3,172.7,815,27138,2,1
13570,83,224.2,172.3,815,27140,2,1
13571,83,223.8,171.6,815,27142,2,1
13572,83,223.6,170.9,815,27144,2,1
13573,83,223.3,170.4,815,27146,2,1
13574,83,222.9,169.8,815,27148,2,1
13575,83,223.2,169,815,27150,2,1
13576,83,223.3,167.9,815,27152,2,1
13577,83,223.6,166.4,815,27154,2,1
13578,83,225,165,815,27156,2,1
13579,83,226.4,163.6,815,27158,2,1
13580,83,228.1,161.7,815,27160,2,1
13581,83,230.1,159,815,27162,2,1
13582,83,231.6,156.9,815,27164,2,1
13583,83,233,154.9,816,27166,2,1
13584,83,234.3,153.4,816,27168,2,1
13585,83,234.5,152.4,816,27170,2,1
13586,83,234.6,151.5,816,27172,2,1
13587,83,234.7,151.1,816,27174,2,1
13588,83,234.2,152.9,816,27176,2,1
13589,83,233.6,154.7,816,27178,2,1
13590,83,233.1,156.6,816,27180,2,1
13591,83,232.7,158.6,816,27182,2,1
13592,83,232.8,159.9,816,27184,2,1
13593,83,233.2,160.9,816,27186,2,1
13594,83,233.4,161.9,816,27188,2,1
13595,83,234.1,161.2,816,27190,2,1
13596,83,235.2,160.6,816,27192,2,1
13597,83,236.4,160,816,27194,2,1
13598,83,237.5,159.4,816,27196,2,1
13599,83,238.2,158.8,817,27198,2,1
13600,83,238.5,158.5,817,27200,2,1
13601,83,238.5,158.6,817,27202,2,1
13602,83,238.4,159.1,817,27204,2,1
13603,83,237.8,159.6,817,27206,2,1
13604,83,237.2,160.1,817,27208,2,1
13605,83,236.7,160.1,817,27210,2,1
13606,83,236.5,160.2,817,27212,2,1
13607,83,236.5,160.3,817,27214,2,1
13608,83,236.7,160.1,817,27216,2,1
13609,83,237.2,159.8,817,27218,2,1
13610,83,237.7,159.4,817,27220,2,1
13611,83,238.2,159.1,817,27222,2,1
13612,83,238.7,159.3,817,27224,2,1
13613,83,239.1,159.5,817,27226,2,1
13614,83,239,159.8,817,27228,2,1
13615,83,238.9,160.1,817,27230,2,1
13616,83,238.4,160.2,818,27232,2,1
13617,83,238,160,818,27234,2,1
13618,83,237.9,159.8,818,27236,2,1
13619,83,237.8,159.5,818,27238,2,1
13620,83,237.7,159.2,818,27240,2,1
13621,83,238,158.8,818,27242,2,1
13622,83,238.5,158.5,818,27244,2,1
13623,83,239.1,158.3,818,27246,2,1
13624,83,239.7,158.2,818,27248,2,1
13625,83,239.9,158.1,818,27250,2,1
13626,83,240.3,158.1,818,27252,2,1
13627,83,240.8,158.2,818,27254,2,1
13628,83,241.1,158.2,818,27256,2,1
13629,83,241.1,158.1,818,27258,2,1
13630,83,240.9,158,818,27260,2,1
13631,83,240.6,158,818,27262,2,1
13632,83,240.2,158.2,819,27264,2,1
13633,83,239.8,158.5,819,27266,2,1
13634,83,239.3,159,819,27268,2,1
13635,83,238.9,159.5,819,27270,2,1
13636,83,238.8,159.9,819,27272,2,1
13637,83,238.6,160.1,819,27274,2,1
13638,83,238.6,159.9,819,27276,2,1
13639,83,238.7,159.3,819,27278,2,1
13640,83,238.8,158.8,819,27280,2,1
13641,83,239.1,158.1,819,27282,2,1
13642,83,239.3,157.4,819,27284,2,1
13643,83,239.6,156.9,819,27286,2,1
13644,83,239.8,156.6,819,27288,2,1
13645,83,239.9,156.8,819,27290,2,1
13646,83,240,157,819,27292,2,1
13647,83,240.2,157.1,819,27294,2,1
13648,83,240.5,157.4,819,27296,2,1
13649,83,241,157.6,820,27298,2,1
13650,83,241.5,157.7,820,27300,2,1
13651,83,242,157.8,820,27302,2,1
13652,83,242.6,157.7,820,27304,2,1
13653,83,243.3,157.7,820,27306,2,1
13654,83,244.1,157.6,820,27308,2,1
13655,83,244.5,157.4,820,27310,2,1
13656,83,244.9,157.1,820,27312,2,1
13657,83,245.1,156.8,820,27314,2,1
13658,83,245.3,156.5,820,27316,2,1
13659,83,245.5,156.3,820,27318,2,1
13660,83,245.5,156,820,27320,2,1
13661,83,245.4,156.2,820,27322,2,1
13662,83,245.2,156.7,820,27324,2,1
13663,83,244.7,157.2,820,27326,2,1
13664,83,244.3,157.6,820,27328,2,1
13665,83,243.6,158.7,820,27330,2,1
13666,83,242.9,159.6,821,27332,2,1
13667,83,242.2,160.5,821,27334,2,1
13668,83,241.7,161.2,821,27336,2,1
13669,83,241.4,161.7,821,27338,2,1
13670,83,241.2,162,821,27340,2,1
13671,83,241.1,162.4,821,27342,2,1
13672,83,241.2,162.2,821,27344,2,1
13673,83,241.3,161.6,821,27346,2,1
13674,83,241.4,161.2,821,27348,2,1
13675,83,241.4,160.9,821,27350,2,1
13676,83,241.3,161,821,27352,2,1
13677,83,241.2,161.1,821,27354,2,1
13678,83,241,161,821,27356,2,1
13679,83,241,160.8,821,27358,2,1
13680,83,241.3,161.1,821,27360,2,1
13681,83,241.7,161.5,821,27362,2,1
13682,83,242,161.8,822,27364,2,1
13683,83,242.3,161.8,822,27366,2,1
13684,83,242.5,161.7,822,27368,2,1
13685,83,242.8,161.5,822,27370,2,1
13686,83,242.9,161.4,822,27372,2,1
13687,83,242.8,161.5,822,27374,2,1
13688,83,242.8,161.7,822,27376,2,1
13689,83,242.8,161.7,822,27378,2,1
13690,83,242.9,161.8,822,27380,2,1
13691,83,243.1,161.9,822,27382,2,1
13692,83,243.1,161.9,822,27384,2,1
13693,83,243,161.7,822,27386,2,1
13694,83,242.9,161.9,822,27388,2,1
13695,83,242.9,162.1,822,27390,2,1
13696,83,241.3,163.6,822,27392,2,1
13697,83,238.9,165.5,822,27394,2,1
13698,83,235.9,169.6,822,27396,2,1
13699,83,232.5,175.2,823,27398,2,1
13700,83,228.1,181.1,823,27400,2,1
13701,83,223,187,823,27402,2,1
13702,83,217.7,193.3,823,27404,2,1
13703,83,213.9,198.3,823,27406,2,1
13704,83,211,202.9,823,27408,2,1
13705,83,208.6,205.1,823,27410,2,1
13706,83,206.6,205.7,823,27412,2,1
13707,83,205.7,206.3,823,27414,2,1
13708,83,205.6,206.9,823,27416,2,1
13709,83,205.7,207,823,27418,2,1
13710,83,205.8,207,823,27420,2,1
13711,83,206.6,206.9,823,27422,2,1
13712,83,207.4,206.7,823,27424,2,1
13713,83,208.2,206.5,823,27426,2,1
13714,83,208.9,206.6,823,27428,2,1
13715,83,209.4,207.2,823,27430,2,1
13716,83,209.6,207.9,824,27432,2,1
13717,83,209.7,208.7,824,27434,2,1
13718,83,209.1,209.5,824,27436,2,1
13719,83,208.4,210.4,824,27438,2,1
13720,83,207.6,211.1,824,27440,2,1
13721,83,207,211.6,824,27442,2,1
13722,83,206.7,211.6,824,27444,2,1
13723,83,206.6,211.5,824,27446,2,1
13724,83,206.6,211.3,824,27448,2,1
13725,83,206.5,211.1,824,27450,2,1
13726,83,206.5,210.8,824,27452,2,1
13727,83,206.4,210.3,824,27454,2,1
13728,83,206.4,209.9,824,27456,2,1
13729,83,206.5,210,824,27458,2,1
13730,83,206.9,210.3,824,27460,2,1
13731,83,207.3,210.6,824,27462,2,1
13732,83,207.6,210.7,824,27464,2,1
13733,83,207.8,210.8,825,27466,2,1
13734,83,208,210.4,825,27468,2,1
13735,83,207.9,209.9,825,27470,2,1
13736,83,207.7,209.2,825,27472,2,1
13737,83,207.3,208.4,825,27474,2,1
13738,83,206.9,208.1,825,27476,2,1
13739,83,206.5,208.4,825,27478,2,1
13740,83,206,208.9,825,27480,2,1
13741,83,205.5,209.8,825,27482,2,1
13742,83,205.1,210.2,825,27484,2,1
13743,83,204.6,210.5,825,27486,2,1
13744,83,204.4,210.8,825,27488,2,1
13745,83,204.2,210.7,825,27490,2,1
13746,83,204.4,210.1,825,27492,2,1
13747,83,205,209.7,825,27494,2,1
13748,83,205.6,209.4,825,27496,2,1
13749,83,206.1,209.9,826,27498,2,1
13750,83,206.6,210.5,826,27500,2,1
13751,83,206.9,211,826,27502,2,1
13752,83,207.1,211.4,826,27504,2,1
13753,83,207,211.7,826,27506,2,1
13754,83,206.8,212,826,27508,2,1
13755,83,206.8,212,826,27510,2,1
13756,83,206.7,211.5,826,27512,2,1
13757,83,206.7,210.8,826,27514,2,1
13758,83,206.6,210.2,826,27516,2,1
13759,83,206.6,209.8,826,27518,2,1
13760,83,206.6,209.8,826,27520,2,1
13761,83,206.9,209.9,826,27522,2,1
13762,83,207.1,210.3,826,27524,2,1
13763,83,207.2,210.6,826,27526,2,1
13764,83,207.3,211.6,826,27528,2,1
13765,83,207.4,212.5,826,27530,2,1
13766,83,207.8,213.4,827,27532,2,1
13767,83,208.2,214,827,27534,2,1
13768,83,208.4,214.5,827,27536,2,1
13769,83,208.8,214.9,827,27538,2,1
13770,83,209.1,214.5,827,27540,2,1
13771,83,209.4,213.5,827,27542,2,1
13772,83,209.7,212.9,827,27544,2,1
13773,83,209.6,212.8,827,27546,2,1
13774,83,209.4,212.6,827,27548,2,1
13775,83,209,212.4,827,27550,2,1
13776,83,208.5,212.4,827,27552,2,1
13777,83,208.1,213,827,27554,2,1
13778,83,207.8,213.3,827,27556,2,1
13779,83,207.7,213.4,827,27558,2,1
13780,83,207.8,212.9,827,27560,2,1
13781,83,209,211.6,827,27562,2,1
13782,83,211.9,207.4,827,27564,2,1
13783,83,215.6,203.1,828,27566,2,1
13784,83,219.7,196.8,828,27568,2,1
13785,83,225,190.6,828,27570,2,1
13786,83,231.1,184.4,828,27572,2,1
13787,83,237.3,177.6,828,27574,2,1
13788,83,242.4,171.6,828,27576,2,1
13789,83,246.1,167.9,828,27578,2,1
13790,83,248.7,164.4,828,27580,2,1
13791,83,250.5,162.8,828,27582,2,1
13792,83,251,161.5,828,27584,2,1
13793,83,250.7,160.6,828,27586,2,1
13794,83,250,161,828,27588,2,1
13795,83,249.3,161.8,828,27590,2,1
13796,83,248.4,163.8,828,27592,2,1
13797,83,247.6,165.7,828,27594,2,1
13798,83,247.2,167.6,828,27596,2,1
13799,83,246.6,169.3,829,27598,2,1
13800,83,246.3,170.2,829,27600,2,1
13801,83,246.2,170.6,829,27602,2,1
13802,83,246.4,170.6,829,27604,2,1
13803,83,246.7,169.8,829,27606,2,1
13804,83,246.9,169,829,27608,2,1
13805,83,247.4,167.8,829,27610,2,1
13806,83,248.1,166.7,829,27612,2,1
13807,83,248.7,166.2,829,27614,2,1
13808,83,249.3,165.7,829,27616,2,1
13809,83,249.7,165.1,829,27618,2,1
13810,83,250.1,164.6,829,27620,2,1
13811,83,250.4,164.2,829,27622,2,1
13812,83,250.5,164.3,829,27624,2,1
13813,83,250.6,164.3,829,27626,2,1
13814,83,250.8,164.5,829,27628,2,1
13815,83,250.9,164.8,829,27630,2,1
13816,83,251,165.1,830,27632,2,1
13817,83,251,166,830,27634,2,1
13818,83,251.1,166.9,830,27636,2,1
13819,83,251.1,167.8,830,27638,2,1
13820,83,251.1,168.7,830,27640,2,1
13821,83,250.9,169.5,830,27642,2,1
13822,83,250.7,170.1,830,27644,2,1
13823,83,250.6,170.8,830,27646,2,1
13824,83,250.7,170.8,830,27648,2,1
13825,83,250.9,170.6,830,27650,2,1
13826,83,251.1,170.5,830,27652,2,1
13827,83,251.4,170.4,830,27654,2,1
13828,83,252,170.1,830,27656,2,1
13829,83,252.6,169.8,830,27658,2,1
13830,83,253.1,169,830,27660,2,1
13831,83,253.5,168.2,830,27662,2,1
13832,83,253.9,167.7,830,27664,2,1
13833,83,254.3,167.2,831,27666,2,1
13834,83,254.5,167.1,831,27668,2,1
13835,83,254.6,167.2,831,27670,2,1
13836,83,254.4,167.3,831,27672,2,1
13837,83,254.2,167.9,831,27674,2,1
13838,83,254,168.3,831,27676,2,1
13839,83,253.6,168.5,831,27678,2,1
13840,83,253,168.7,831,27680,2,1
13841,83,252.6,168.4,831,27682,2,1
13842,83,252,168.2,831,27684,2,1
13843,83,251.7,167.9,831,27686,2,1
13844,83,251.4,167.6,831,27688,2,1
13845,83,251.3,167.3,831,27690,2,1
13846,83,251.3,167,831,27692,2,1
13847,83,251.2,167.3,831,27694,2,1
13848,83,251.2,167.6,831,27696,2,1
13849,83,251.4,167.9,832,27698,2,1
13850,83,251.5,168.4,832,27700,2,1
13851,83,251.5,168.9,832,27702,2,1
13852,83,251.4,169.4,832,27704,2,1
13853,83,251.3,169.9,832,27706,2,1
13854,83,251.3,169.8,832,27708,2,1
13855,83,251.3,169.6,832,27710,2,1
13856,83,251.5,169.5,832,27712,2,1
13857,83,251.9,168.4,832,27714,2,1
13858,83,252.3,167.5,832,27716,2,1
13859,83,252.8,166.6,832,27718,2,1
13860,83,253.3,165.9,832,27720,2,1
13861,83,253.8,165.2,832,27722,2,1
13862,83,254.4,164.6,832,27724,2,1
13863,83,254.9,163.8,832,27726,2,1
13864,83,255.1,163.7,832,27728,2,1
13865,83,255.1,163.5,832,27730,2,1
13866,83,255,163.9,833,27732,2,1
13867,83,255.1,164.3,833,27734,2,1
13868,83,255,164.6,833,27736,2,1
13869,83,254.7,164.8,833,27738,2,1
13870,83,254.3,164.8,833,27740,2,1
13871,83,254,164.9,833,27742,2,1
13872,83,253.7,165,833,27744,2,1
13873,83,253.6,164.8,833,27746,2,1
13874,83,253.4,164.8,833,27748,2,1
13875,83,253.3,164.9,833,27750,2,1
13876,83,253,164.9,833,27752,2,1
13877,83,252.9,165.2,833,27754,2,1
13878,83,253,165.4,833,27756,2,1
13879,83,253.1,165,833,27758,2,1
13880,83,253.1,164.7,833,27760,2,1
13881,83,253.2,164.4,833,27762,2,1
13882,83,253.2,164.7,833,27764,2,1
13883,83,253.3,164.6,834,27766,2,1
13884,83,253.3,164.5,834,27768,2,1
13885,83,253.2,164.6,834,27770,2,1
13886,83,253.1,165.3,834,27772,2,1
13887,83,253,165.9,834,27774,2,1
13888,83,253,166.3,834,27776,2,1
13889,83,253,166.3,834,27778,2,1
13890,83,252.8,166.1,834,27780,2,1
13891,83,252.3,165.7,834,27782,2,1
13892,83,251.9,165.3,834,27784,2,1
13893,83,251.5,164.7,834,27786,2,1
13894,83,251,164.1,834,27788,2,1
13895,83,250.6,163.5,834,27790,2,1
13896,83,250.2,162.7,834,27792,2,1
13897,83,249.8,162,834,27794,2,1
13898,83,249.5,161.5,834,27796,2,1
13899,83,249,161.8,835,27798,2,1
13900,83,248.2,162.5,835,27800,2,1
13901,83,247.6,163.4,835,27802,2,1
13902,83,247,164.3,835,27804,2,1
13903,83,246.4,165.2,835,27806,2,1
13904,83,245.9,165.7,835,27808,2,1
13905,83,245.6,166.2,835,27810,2,1
13906,83,245.6,166.3,835,27812,2,1
13907,83,246.1,166.1,835,27814,2,1
13908,83,246.5,165.9,835,27816,2,1
13909,83,246.8,165.8,835,27818,2,1
13910,83,247.2,165.7,835,27820,2,1
13911,83,247.5,165.7,835,27822,2,1
13912,83,247.7,165.7,835,27824,2,1
13913,83,247.9,165.8,835,27826,2,1
13914,83,247.9,165.7,835,27828,2,1
13915,83,248,165.7,835,27830,2,1
13916,83,247.8,165.7,836,27832,2,1
13917,83,247.6,165.7,836,27834,2,1
13918,83,247.4,166.1,836,27836,2,1
13919,83,247.4,166.6,836,27838,2,1
13920,83,247.3,167,836,27840,2,1
13921,83,247.1,167.4,836,27842,2,1
13922,83,246.8,167.9,836,27844,2,1
13923,83,246.7,168.3,836,27846,2,1
13924,83,246.6,168.5,836,27848,2,1
13925,83,246.4,168.3,836,27850,2,1
13926,83,246,168.1,836,27852,2,1
13927,83,245.9,167.3,836,27854,2,1
13928,83,245.7,166.4,836,27856,2,1
13929,83,245.6,165.5,836,27858,2,1
13930,83,245.5,164.8,836,27860,2,1
13931,83,245.3,164,836,27862,2,1
13932,83,245.2,163.4,836,27864,2,1
13933,83,245.1,162.8,837,27866,2,1
13934,83,244.9,162.9,837,27868,2,1
13935,83,244.8,163,837,27870,2,1
13936,83,244.9,162.7,837,27872,2,1
13937,83,245.1,162.4,837,27874,2,1
13938,83,245.2,161.9,837,27876,2,1
13939,83,245.2,161.6,837,27878,2,1
13940,83,245.2,161.6,837,27880,2,1
13941,83,245.1,161.7,837,27882,2,1
13942,83,245,161.7,837,27884,2,1
13943,83,244.7,162.4,837,27886,2,1
13944,83,244.4,163.3,837,27888,2,1
13945,83,244,164,837,27890,2,1
13946,83,243.6,164.6,837,27892,2,1
13947,83,243.4,164.6,837,27894,2,1
13948,83,243.1,164.7,837,27896,2,1
13949,83,242.8,164.7,838,27898,2,1
13950,83,242.5,164.5,838,27900,2,1
13951,83,242.4,164,838,27902,2,1
13952,83,242.2,163.4,838,27904,2,1
13953,83,242.3,162.9,838,27906,2,1
13954,83,242.5,162.5,838,27908,2,1
13955,83,242.8,162,838,27910,2,1
13956,83,243.1,161.5,838,27912,2,1
13957,83,243.4,161.4,838,27914,2,1
13958,83,243.6,161.4,838,27916,2,1
13959,83,243.7,161.7,838,27918,2,1
13960,83,243.7,162.2,838,27920,2,1
13961,83,243.5,162.6,838,27922,2,1
13962,83,243.3,163,838,27924,2,1
13963,83,243.1,163.2,838,27926,2,1
13964,83,243,163.4,838,27928,2,1
13965,83,242.8,163.3,838,27930,2,1
13966,83,242.6,163,839,27932,2,1
13967,83,242.3,162.8,839,27934,2,1
13968,83,242,162.5,839,27936,2,1
13969,83,241.6,162.3,839,27938,2,1
13970,83,241.3,162.5,839,27940,2,1
13971,83,240.8,162.7,839,27942,2,1
13972,83,240.8,162.9,839,27944,2,1
13973,83,241,163.3,839,27946,2,1
13974,83,241.3,163.4,839,27948,2,1
13975,83,241.5,163.6,839,27950,2,1
13976,83,241.7,163.8,839,27952,2,1
13977,83,241.9,163.7,839,27954,2,1
13978,83,242,163.5,839,27956,2,1
13979,83,241.9,163.3,839,27958,2,1
13980,83,241.9,163.4,839,27960,2,1
13981,83,241.7,163.8,839,27962,2,1
13982,83,241.8,164.1,839,27964,2,1
13983,83,242,164.6,840,27966,2,1
13984,83,242.2,165,840,27968,2,1
13985,83,242.4,165.5,840,27970,2,1
13986,83,242.7,166,840,27972,2,1
13987,83,242.9,166.6,840,27974,2,1
13988,83,243.2,166.7,840,27976,2,1
13989,83,243.3,166.8,840,27978,2,1
13990,83,243.4,167,840,27980,2,1
13991,83,243.4,167,840,27982,2,1
13992,83,243.3,166.6,840,27984,2,1
13993,83,243.4,165.9,840,27986,2,1
13994,83,243.4,165.1,840,27988,2,1
13995,83,243.3,164.2,840,27990,2,1
13996,83,243.2,163.6,840,27992,2,1
13997,83,243.1,163.1,840,27994,2,1
13998,83,242.9,162.8,840,27996,2,1
13999,83,242.6,162.9,841,27998,2,1
14000,83,242.2,163.3,841,28000,2,1
14001,83,241.7,163.8,841,28002,2,1
14002,83,241.2,163.9,841,28004,2,1
14003,83,240.7,164.1,841,28006,2,1
14004,83,240.3,164.1,841,28008,2,1
14005,83,240.1,163.9,841,28010,2,1
14006,83,240,163.9,841,28012,2,1
14007,83,240,163.8,841,28014,2,1
14008,83,240.1,163.7,841,28016,2,1
14009,83,240.2,163.5,841,28018,2,1
14010,83,240.4,163.2,841,28020,2,1
14011,83,240.5,163.2,841,28022,2,1
14012,83,240.6,162.6,841,28024,2,1
14013,83,240.5,162,841,28026,2,1
14014,83,240.3,161.4,841,28028,2,1
14015,83,239.9,160.8,841,28030,2,1
14016,83,239.7,160.4,842,28032,2,1
14017,83,239.4,160,842,28034,2,1
14018,83,239.3,159.6,842,28036,2,1
14019,83,239.1,159.4,842,28038,2,1
14020,83,238.9,159.3,842,28040,2,1
14021,83,238.8,159.1,842,28042,2,1
14022,83,238.8,158.9,842,28044,2,1
14023,83,238.8,158.8,842,28046,2,1
14024,83,239.5,158.8,842,28048,2,1
14025,83,240.3,158.9,842,28050,2,1
14026,83,240.9,158.8,842,28052,2,1
14027,83,241.4,158.5,842,28054,2,1
14028,83,241.7,158,842,28056,2,1
14029,83,242.1,157.5,842,28058,2,1
14030,83,242.7,157.1,842,28060,2,1
14031,83,242.4,157.4,842,28062,2,1
14032,83,242,158.1,842,28064,2,1
14033,83,241.7,158.8,843,28066,2,1
14034,83,241.4,159.6,843,28068,2,1
14035,83,241.3,160.9,843,28070,2,1
14036,83,241.3,162.3,843,28072,2,1
14037,83,241.3,163.8,843,28074,2,1
14038,83,241.5,164.7,843,28076,2,1
14039,83,241.9,165.2,843,28078,2,1
14040,83,242.3,165.7,843,28080,2,1
14041,83,242.7,166.2,843,28082,2,1
14042,83,243,166.2,843,28084,2,1
14043,83,243.2,166,843,28086,2,1
14044,83,243.2,165.9,843,28088,2,1
14045,83,243,165.8,843,28090,2,1
14046,83,242.4,166.5,843,28092,2,1
14047,83,240.8,168.5,843,28094,2,1
14048,83,237.6,172,843,28096,2,1
14049,83,232.7,177.6,844,28098,2,1
14050,83,227.2,185.7,844,28100,2,1
14051,83,221.4,195.3,844,28102,2,1
14052,83,215.6,204.8,844,28104,2,1
14053,83,210,213.4,844,28106,2,1
14054,83,205.8,219.8,844,28108,2,1
14055,83,203.1,224.5,844,28110,2,1
14056,83,202.3,227.4,844,28112,2,1
14057,83,202.4,227,844,28114,2,1
14058,83,203.2,225.1,844,28116,2,1
14059,83,204,223.2,844,28118,2,1
14060,83,204.9,221.2,844,28120,2,1
14061,83,205.7,220.1,844,28122,2,1
14062,83,206.6,218.4,844,28124,2,1
14063,83,207.6,216.6,844,28126,2,1
14064,83,208.5,216,844,28128,2,1
14065,83,209.2,215.7,844,28130,2,1
14066,83,209.6,215.9,845,28132,2,1
14067,83,209.7,216.1,845,28134,2,1
14068,83,209.6,216.4,845,28136,2,1
14069,83,209.4,217.4,845,28138,2,1
14070,83,208.8,218.5,845,28140,2,1
14071,83,208.2,219.3,845,28142,2,1
14072,83,207.7,219.9,845,28144,2,1
14073,83,207.4,220,845,28146,2,1
14074,83,207.6,220.1,845,28148,2,1
14075,83,207.7,220.2,845,28150,2,1
14076,83,207.9,220.1,845,28152,2,1
14077,83,208.1,219.8,845,28154,2,1
14078,83,208.4,219.7,845,28156,2,1
14079,83,208.6,219.7,845,28158,2,1
14080,83,208.7,219.7,845,28160,2,1
14081,83,208.6,219.5,845,28162,2,1
14082,83,208.5,219.4,845,28164,2,1
14083,83,208.3,219.1,846,28166,2,1
14084,83,208.2,218.3,846,28168,2,1
14085,83,207.6,217.7,846,28170,2,1
14086,83,207.2,217,846,28172,2,1
14087,83,206.7,216.2,846,28174,2,1
14088,83,206.3,215.8,846,28176,2,1
14089,83,206,215.6,846,28178,2,1
14090,83,205.6,215.7,846,28180,2,1
14091,83,205.3,216.2,846,28182,2,1
14092,83,205.4,216.7,846,28184,2,1
14093,83,205.5,217.2,846,28186,2,1
14094,83,205.6,217.4,846,28188,2,1
14095,83,205.8,217.4,846,28190,2,1
14096,83,205.9,217.2,846,28192,2,1
14097,83,205.9,216.8,846,28194,2,1
14098,83,205.8,216.4,846,28196,2,1
14099,83,205.7,215.7,847,28198,2,1
14100,83,205.7,215.1,847,28200,2,1
14101,83,205.5,214.7,847,28202,2,1
14102,83,205.2,214.7,847,28204,2,1
14103,83,205.1,214.9,847,28206,2,1
14104,83,205.2,215.1,847,28208,2,1
14105,83,206.1,215.4,847,28210,2,1
14106,83,206.8,216,847,28212,2,1
14107,83,207.5,216.6,847,28214,2,1
14108,83,207.9,217.1,847,28216,2,1
14109,83,208.3,217.6,847,28218,2,1
14110,83,208.5,218.1,847,28220,2,1
14111,83,208.4,218.6,847,28222,2,1
14112,83,207.7,219.1,847,28224,2,1
14113,83,207.1,219.5,847,28226,2,1
14114,83,206.5,219.8,847,28228,2,1
14115,83,206.3,220.2,847,28230,2,1
14116,83,206.2,220.3,848,28232,2,1
14117,83,206.2,220.1,848,28234,2,1
14118,83,206.3,220.1,848,28236,2,1
14119,83,206.6,219.4,848,28238,2,1
14120,83,206.9,218.6,848,28240,2,1
14121,83,207.1,218.1,848,28242,2,1
14122,83,207.6,217.5,848,28244,2,1
14123,83,208,216.8,848,28246,2,1
14124,83,208.4,216.1,848,28248,2,1
14125,83,208.9,215.1,848,28250,2,1
14126,83,209.3,214.7,848,28252,2,1
14127,83,209.6,214.4,848,28254,2,1
14128,83,210,214.2,848,28256,2,1
14129,83,210.6,214.2,848,28258,2,1
14130,83,210.9,214.5,848,28260,2,1
14131,83,211.1,214.7,848,28262,2,1
14132,83,211.2,215.5,848,28264,2,1
14133,83,211.2,216.4,849,28266,2,1
14134,83,211.1,217.2,849,28268,2,1
14135,83,211,217.7,849,28270,2,1
14136,83,210.8,218.2,849,28272,2,1
14137,83,210.6,218.6,849,28274,2,1
14138,83,210.6,218.9,849,28276,2,1
14139,83,210.8,218.9,849,28278,2,1
14140,83,211.2,218.8,849,28280,2,1
14141,83,211.6,218.7,849,28282,2,1
14142,83,212.7,218.5,849,28284,2,1
14143,83,213.7,218.4,849,28286,2,1
14144,83,214.6,218.4,849,28288,2,1
14145,83,215.4,218.6,849,28290,2,1
14146,83,215.8,218.8,849,28292,2,1
14147,83,216,219,849,28294,2,1
14148,83,216.2,219.2,849,28296,2,1
14149,83,215.6,219.6,850,28298,2,1
14150,83,215,220,850,28300,2,1
14151,83,214.5,220.3,850,28302,2,1
14152,83,214,220.4,850,28304,2,1
14153,83,213.8,220.6,850,28306,2,1
14154,83,213.6,220.9,850,28308,2,1
14155,83,213.5,221.3,850,28310,2,1
14156,83,213.4,221.6,850,28312,2,1
14157,83,213.3,222,850,28314,2,1
14158,83,212.8,222.1,850,28316,2,1
14159,83,212.4,222.1,850,28318,2,1
14160,83,212,222.1,850,28320,2,1
14161,83,212,222.2,850,28322,2,1
14162,83,211.9,222.2,850,28324,2,1
14163,83,211.9,222.2,850,28326,2,1
14164,83,212,222.2,850,28328,2,1
14165,83,212.3,222.1,850,28330,2,1
14166,83,212.8,222.3,851,28332,2,1
14167,83,213.2,222.4,851,28334,2,1
14168,83,213.5,222.4,851,28336,2,1
14169,83,213.4,222.5,851,28338,2,1
14170,83,213.3,222.5,851,28340,2,1
14171,83,213,222.5,851,28342,2,1
14172,83,212.8,222.4,851,28344,2,1
14173,83,212.6,222.2,851,28346,2,1
14174,83,212.4,222.3,851,28348,2,1
14175,83,212.1,222.5,851,28350,2,1
14176,83,212.1,222.8,851,28352,2,1
14177,83,211.9,223.1,851,28354,2,1
14178,83,211.8,223.3,851,28356,2,1
14179,83,211.6,223.4,851,28358,2,1
14180,83,211.4,223.9,851,28360,2,1
14181,83,211.3,224.3,851,28362,2,1
14182,83,211.2,224.5,851,28364,2,1
14183,83,211.3,224.6,852,28366,2,1
14184,83,211.6,224.9,852,28368,2,1
14185,83,211.9,225.3,852,28370,2,1
14186,83,212.1,225.7,852,28372,2,1
14187,83,212.3,225.6,852,28374,2,1
14188,83,212.5,225.3,852,28376,2,1
14189,83,212.7,225,852,28378,2,1
14190,83,212.9,224.7,852,28380,2,1
14191,83,213,224.5,852,28382,2,1
14192,83,213.1,224.3,852,28384,2,1
14193,83,213.2,224.2,852,28386,2,1
14194,83,213.1,224.1,852,28388,2,1
14195,83,213,224.3,852,28390,2,1
14196,83,212.9,224.5,852,28392,2,1
14197,83,212.7,225.4,852,28394,2,1
14198,83,212.4,226.1,852,28396,2,1
14199,83,212,226.7,853,28398,2,1
14200,83,211.5,227.4,853,28400,2,1
14201,83,211.1,227.6,853,28402,2,1
14202,83,210.8,227.9,853,28404,2,1
14203,83,210.5,228.1,853,28406,2,1
14204,83,210.3,227.6,853,28408,2,1
14205,83,210.2,227.1,853,28410,2,1
14206,83,210.2,226.6,853,28412,2,1
14207,83,210.3,226,853,28414,2,1
14208,83,210.4,225.7,853,28416,2,1
14209,83,210.5,225.2,853,28418,2,1
14210,83,210.5,224.8,853,28420,2,1
14211,83,210.5,224.5,853,28422,2,1
14212,83,210.2,224.1,853,28424,2,1
14213,83,210,223.7,853,28426,2,1
14214,83,209.8,223.3,853,28428,2,1
14215,83,209.8,223.1,853,28430,2,1
14216,83,210,223.6,854,28432,2,1
14217,83,210.4,224.1,854,28434,2,1
14218,83,210.8,224.4,854,28436,2,1
14219,83,211.5,224.7,854,28438,2,1
14220,83,212.3,224.7,854,28440,2,1
14221,83,212.9,224.7,854,28442,2,1
14222,83,213.3,224.7,854,28444,2,1
14223,83,213.6,224.1,854,28446,2,1
14224,83,213.8,223.6,854,28448,2,1
14225,83,213.8,223.2,854,28450,2,1
14226,83,213.8,223.2,854,28452,2,1
14227,83,213.7,223.4,854,28454,2,1
14228,83,213.7,223.9,854,28456,2,1
14229,83,213.8,224.3,854,28458,2,1
14230,83,213.9,224.6,854,28460,2,1
14231,83,214.2,225,854,28462,2,1
14232,83,214.5,225.3,854,28464,2,1
14233,83,214.7,225.5,855,28466,2,1
14234,83,215,225.6,855,28468,2,1
14235,83,215.3,225.5,855,28470,2,1
14236,83,215.3,225.2,855,28472,2,1
14237,83,215.1,225.1,855,28474,2,1
14238,83,214.6,224.9,855,28476,2,1
14239,83,214.2,224.9,855,28478,2,1
14240,83,213.7,225,855,28480,2,1
14241,83,213,225.2,855,28482,2,1
14242,83,212.2,224.9,855,28484,2,1
14243,83,211.5,224.6,855,28486,2,1
14244,83,210.9,224.2,855,28488,2,1
14245,83,210.5,224,855,28490,2,1
14246,83,210,223.8,855,28492,2,1
14247,83,209.5,224.1,855,28494,2,1
14248,83,208.9,224.5,855,28496,2,1
14249,83,208.6,225.2,856,28498,2,1
14250,83,208.4,225.8,856,28500,2,1
14251,83,208.6,225.7,856,28502,2,1
14252,83,209.6,225.4,856,28504,2,1
14253,83,210.5,225,856,28506,2,1
14254,83,211.6,224.2,856,28508,2,1
14255,83,212.9,223.4,856,28510,2,1
14256,83,214,222.9,856,28512,2,1
14257,83,214.6,223.1,856,28514,2,1
14258,83,214.4,224,856,28516,2,1
14259,83,213.4,224.6,856,28518,2,1
14260,83,212.5,225.2,856,28520,2,1
14261,83,211.5,225.6,856,28522,2,1
14262,83,210.6,226,856,28524,2,1
14263,83,209.8,226.4,856,28526,2,1
14264,83,209.2,226.2,856,28528,2,1
14265,83,209.3,225.9,856,28530,2,1
14266,83,209.3,225.6,857,28532,2,1
14267,83,209.5,225.5,857,28534,2,1
14268,83,209.8,225.5,857,28536,2,1
14269,83,209.8,225.1,857,28538,2,1
14270,83,209.8,224.6,857,28540,2,1
14271,83,209.9,224,857,28542,2,1
14272,83,210.1,222.9,857,28544,2,1
14273,83,210.3,221.9,857,28546,2,1
14274,83,210.6,221,857,28548,2,1
14275,83,210.8,221.4,857,28550,2,1
14276,83,211,222,857,28552,2,1
14277,83,211.2,222.5,857,28554,2,1
14278,83,211.1,223.1,857,28556,2,1
14279,83,210.9,224.2,857,28558,2,1
14280,83,210.7,225,857,28560,2,1
14281,83,210.4,225.9,857,28562,2,1
14282,83,210.3,225.7,857,28564,2,1
14283,83,210.2,225.3,858,28566,2,1
14284,83,210.3,225,858,28568,2,1
14285,83,210.6,224.7,858,28570,2,1
14286,83,210.9,224.5,858,28572,2,1
14287,83,211,224.7,858,28574,2,1
14288,83,211.2,225,858,28576,2,1
14289,83,211.3,225.3,858,28578,2,1
14290,83,211.4,225.6,858,28580,2,1
14291,83,211.3,226,858,28582,2,1
14292,83,211,226.1,858,28584,2,1
14293,83,210.7,226.2,858,28586,2,1
14294,83,210.4,226.2,858,28588,2,1
14295,83,210.1,226.2,858,28590,2,1
14296,83,209.7,226.2,858,28592,2,1
14297,83,209.5,225.9,858,28594,2,1
14298,83,209.3,225.2,858,28596,2,1
14299,83,209.1,224.5,859,28598,2,1
14300,83,209,223.7,859,28600,2,1
14301,83,209,223,859,28602,2,1
14302,83,208.9,222.2,859,28604,2,1
14303,83,209,221.4,859,28606,2,1
14304,83,209,221,859,28608,2,1
14305,83,209,221,859,28610,2,1
14306,83,209,221.2,859,28612,2,1
14307,83,209.4,221.4,859,28614,2,1
14308,83,209.8,221.8,859,28616,2,1
14309,83,210.2,222.1,859,28618,2,1
14310,83,210.7,222.4,859,28620,2,1
14311,83,211.2,222.7,859,28622,2,1
14312,83,211.3,223,859,28624,2,1
14313,83,211.4,223.2,859,28626,2,1
14314,83,211.1,223.3,859,28628,2,1
14315,83,211,223.4,859,28630,2,1
14316,83,211.1,223.3,860,28632,2,1
14317,83,211.1,223.2,860,28634,2,1
14318,83,211.1,223.1,860,28636,2,1
14319,83,211.3,223.1,860,28638,2,1
14320,83,210.9,223.2,860,28640,2,1
14321,83,210.4,223.3,860,28642,2,1
14322,83,209.8,223.4,860,28644,2,1
14323,83,209,223.7,860,28646,2,1
14324,83,208.2,224.1,860,28648,2,1
14325,83,207.4,224.5,860,28650,2,1
14326,83,206.8,224.8,860,28652,2,1
14327,83,206.8,225.1,860,28654,2,1
14328,83,206.8,225.4,860,28656,2,1
14329,83,206.8,225.7,860,28658,2,1
14330,83,206.8,226.1,860,28660,2,1
14331,83,206.7,226.6,860,28662,2,1
14332,83,206.6,227,860,28664,2,1
14333,83,206.6,227.5,861,28666,2,1
14334,83,206.5,227.8,861,28668,2,1
14335,83,206.5,227.8,861,28670,2,1
14336,83,206.6,228,861,28672,2,1
14337,83,206.9,228.5,861,28674,2,1
14338,83,207.2,228.6,861,28676,2,1
14339,83,207.5,228.5,861,28678,2,1
14340,83,207.8,228.2,861,28680,2,1
14341,83,208,227.8,861,28682,2,1
14342,83,208.1,227.7,861,28684,2,1
14343,83,208.3,227.5,861,28686,2,1
14344,83,208.4,227.5,861,28688,2,1
14345,83,208.4,227.8,861,28690,2,1
14346,83,208.4,228.2,861,28692,2,1
14347,83,208.4,228.7,861,28694,2,1
14348,83,208.3,229.3,861,28696,2,1
14349,83,208.2,229.9,862,28698,2,1
14350,83,208,230.5,862,28700,2,1
14351,83,207.7,231.3,862,28702,2,1
14352,83,207.8,231.8,862,28704,2,1
14353,83,207.9,232.3,862,28706,2,1
14354,83,207.9,232.8,862,28708,2,1
14355,83,207.8,233.1,862,28710,2,1
14356,83,207.8,233.1,862,28712,2,1
14357,83,207.8,233,862,28714,2,1
14358,83,207.8,232.6,862,28716,2,1
14359,83,207.6,232.2,862,28718,2,1
14360,83,207.3,231.9,862,28720,2,1
14361,83,207,231.6,862,28722,2,1
14362,83,206.9,231.3,862,28724,2,1
14363,83,206.5,230.8,862,28726,2,1
14364,83,206.1,230.3,862,28728,2,1
14365,83,205.7,229.8,862,28730,2,1
14366,83,205.4,229.2,863,28732,2,1
14367,83,205,228.7,863,28734,2,1
14368,83,204.7,228.3,863,28736,2,1
14369,83,204.3,228.2,863,28738,2,1
14370,83,204.1,228.4,863,28740,2,1
14371,83,204,228.7,863,28742,2,1
14372,83,203.8,229,863,28744,2,1
14373,83,203.7,229.5,863,28746,2,1
14374,83,203.6,230,863,28748,2,1
14375,83,203.5,230.4,863,28750,2,1
14376,83,202.9,230.7,863,28752,2,1
14377,83,202.4,230.9,863,28754,2,1
14378,83,201.8,231,863,28756,2,1
14379,83,200.9,231.3,863,28758,2,1
14380,83,200.1,231.4,863,28760,2,1
14381,83,197.3,231.8,863,28762,2,1
14382,83,194.4,233,863,28764,2,1
14383,83,190.9,234.3,864,28766,2,1
14384,83,187.1,236.3,864,28768,2,1
14385,83,183.4,238.4,864,28770,2,1
14386,83,179.9,240.4,864,28772,2,1
14387,83,176.5,242.3,864,28774,2,1
14388,83,175,243.9,864,28776,2,1
14389,83,173.8,244.7,864,28778,2,1
14390,83,173.8,245.4,864,28780,2,1
14391,83,174.1,245.3,864,28782,2,1
14392,83,174.4,245.1,864,28784,2,1
14393,83,174.8,244.9,864,28786,2,1
14394,83,175.2,244.7,864,28788,2,1
14395,83,175.9,244.6,864,28790,2,1
14396,83,176.5,244.7,864,28792,2,1
14397,83,176.9,245.1,864,28794,2,1
14398,83,177.2,245.8,864,28796,2,1
14399,83,177.6,246.4,865,28798,2,1
14400,83,178,247,865,28800,2,1
14401,83,178.2,247.6,865,28802,2,1
14402,83,178.1,248.1,865,28804,2,1
14403,83,177.9,248.6,865,28806,2,1
14404,83,177.8,248.7,865,28808,2,1
14405,83,177.5,248.8,865,28810,2,1
14406,83,177.1,249,865,28812,2,1
14407,83,176.5,249.4,865,28814,2,1
14408,83,176.1,249.8,865,28816,2,1
14409,83,176.3,250.3,865,28818,2,1
14410,83,176.6,250.8,865,28820,2,1
14411,83,176.8,251.3,865,28822,2,1
14412,83,177.2,251.8,865,28824,2,1
14413,83,177.7,252.2,865,28826,2,1
14414,83,177.9,252.3,865,28828,2,1
14415,83,178,252.1,865,28830,2,1
14416,83,177.5,251.9,866,28832,2,1
14417,83,177,251.7,866,28834,2,1
14418,83,176.8,251.7,866,28836,2,1
14419,83,176.6,251.6,866,28838,2,1
14420,83,176.5,251.6,866,28840,2,1
14421,83,176.6,251.7,866,28842,2,1
14422,83,176.8,251.8,866,28844,2,1
14423,83,176.9,251.8,866,28846,2,1
14424,83,177,251.7,866,28848,2,1
14425,83,177,251.7,866,28850,2,1
14426,83,176.9,251.5,866,28852,2,1
14427,83,176.8,251.4,866,28854,2,1
14428,83,176.8,251.2,866,28856,2,1
14429,83,176.8,250.9,866,28858,2,1
14430,83,176.7,250.6,866,28860,2,1
14431,83,176.5,250.4,866,28862,2,1
14432,83,176.3,250,866,28864,2,1
14433,83,176,249.7,867,28866,2,1
14434,83,175.9,249.3,867,28868,2,1
14435,83,175.8,249.2,867,28870,2,1
14436,83,175.6,249.2,867,28872,2,1
14437,83,175.5,249.2,867,28874,2,1
14438,83,175.5,249.3,867,28876,2,1
14439,83,175.5,249.5,867,28878,2,1
14440,83,175.7,249.7,867,28880,2,1
14441,83,175.8,250.1,867,28882,2,1
14442,83,176.1,250.6,867,28884,2,1
14443,83,176.2,250.9,867,28886,2,1
14444,83,176.2,250.8,867,28888,2,1
14445,83,176.1,250.6,867,28890,2,1
14446,83,176.1,249.8,867,28892,2,1
14447,83,176,249.1,867,28894,2,1
14448,83,176,248.4,867,28896,2,1
14449,83,176,247.6,868,28898,2,1
14450,83,176,246.6,868,28900,2,1
14451,83,176.1,245.9,868,28902,2,1
14452,83,176.3,245.2,868,28904,2,1
14453,83,176.4,245.1,868,28906,2,1
14454,83,176.6,245,868,28908,2,1
14455,83,176.8,245.1,868,28910,2,1
14456,83,177.2,245,868,28912,2,1
14457,83,177.4,245.1,868,28914,2,1
14458,83,177.5,245.2,868,28916,2,1
14459,83,177.3,245.3,868,28918,2,1
14460,83,177.2,245.4,868,28920,2,1
14461,83,177.1,245.6,868,28922,2,1
14462,83,176.8,245.7,868,28924,2,1
14463,83,176.4,245.9,868,28926,2,1
14464,83,175.6,246,868,28928,2,1
14465,83,175,246,868,28930,2,1
14466,83,174.5,246,869,28932,2,1
14467,83,174.2,246,869,28934,2,1
14468,83,174,246.1,869,28936,2,1
14469,83,173.9,246,869,28938,2,1
14470,83,173.8,245.7,869,28940,2,1
14471,83,174,245.3,869,28942,2,1
14472,83,174.3,244.9,869,28944,2,1
14473,83,174.6,244.6,869,28946,2,1
14474,83,174.9,244.3,869,28948,2,1
14475,83,175,243.9,869,28950,2,1
14476,83,175.1,243.4,869,28952,2,1
14477,83,175.1,242.9,869,28954,2,1
14478,83,175.2,242.4,869,28956,2,1
14479,83,175.3,242,869,28958,2,1
14480,83,175.3,241.6,869,28960,2,1
14481,83,175.3,241.3,869,28962,2,1
14482,83,175.3,241.2,869,28964,2,1
14483,83,175.1,241.2,870,28966,2,1
14484,83,174.9,241.2,870,28968,2,1
14485,83,174.7,240.7,870,28970,2,1
14486,83,174.4,240,870,28972,2,1
14487,83,174.1,239.2,870,28974,2,1
14488,83,174,238.4,870,28976,2,1
14489,83,173.9,237.5,870,28978,2,1
14490,83,174,237.1,870,28980,2,1
14491,83,174.2,236.6,870,28982,2,1
14492,83,174.2,236.7,870,28984,2,1
14493,83,174.2,236.8,870,28986,2,1
14494,83,174.1,236.9,870,28988,2,1
14495,83,174.1,237,870,28990,2,1
14496,83,174,237.3,870,28992,2,1
14497,83,173.7,237,870,28994,2,1
14498,83,173.2,236.5,870,28996,2,1
14499,83,172.6,236,871,28998,2,1
14500,83,172.2,235.5,871,29000,2,1
14501,83,171.8,235,871,29002,2,1
14502,83,171.2,235.4,871,29004,2,1
14503,83,170.6,235.8,871,29006,2,1
14504,83,170.3,236.4,871,29008,2,1
14505,83,170.2,237.3,871,29010,2,1
14506,83,170.2,238.2,871,29012,2,1
14507,83,170.5,239.1,871,29014,2,1
14508,83,170.8,240,871,29016,2,1
14509,83,171.2,240.2,871,29018,2,1
14510,83,171.6,240.4,871,29020,2,1
14511,83,172,240.5,871,29022,2,1
14512,83,172.1,240.4,871,29024,2,1
14513,83,172.3,239.9,871,29026,2,1
14514,83,172.2,239.4,871,29028,2,1
14515,83,172.1,238.9,871,29030,2,1
14516,83,172.3,238.3,872,29032,2,1
14517,83,172.6,237.8,872,29034,2,1
14518,83,172.9,237.2,872,29036,2,1
14519,83,173.3,236.9,872,29038,2,1
14520,83,173.7,236.9,872,29040,2,1
14521,83,174.2,236.8,872,29042,2,1
14522,83,174.6,236.7,872,29044,2,1
14523,83,174.7,236.6,872,29046,2,1
14524,83,174.9,236.5,872,29048,2,1
14525,83,175.1,236,872,29050,2,1
14526,83,175.3,235.7,872,29052,2,1
14527,83,175.5,235.4,872,29054,2,1
14528,83,175.6,235.3,872,29056,2,1
14529,83,175.7,235,872,29058,2,1
14530,83,175.8,234.5,872,29060,2,1
14531,83,175.8,234,872,29062,2,1
14532,83,175.7,233.9,872,29064,2,1
14533,83,175.5,234.1,873,29066,2,1
14534,83,175.3,234.1,873,29068,2,1
14535,83,175.3,234.1,873,29070,2,1
14536,83,175.2,234.3,873,29072,2,1
14537,83,175.3,234.7,873,29074,2,1
14538,83,175.3,235.2,873,29076,2,1
14539,83,175.4,235.8,873,29078,2,1
14540,83,175.5,236.1,873,29080,2,1
14541,83,175.9,236.4,873,29082,2,1
14542,83,176.1,236.6,873,29084,2,1
14543,83,176.4,236.8,873,29086,2,1
14544,83,176.7,237,873,29088,2,1
14545,83,177.1,237.1,873,29090,2,1
14546,83,177.5,237,873,29092,2,1
14547,83,177.9,236.9,873,29094,2,1
14548,83,178.1,236.9,873,29096,2,1
14549,83,178.4,236.9,874,29098,2,1
14550,83,178.6,236.8,874,29100,2,1
14551,83,178.8,236.8,874,29102,2,1
14552,83,178.7,236.7,874,29104,2,1
14553,83,178.5,236.2,874,29106,2,1
14554,83,178.3,235.9,874,29108,2,1
14555,83,178.1,235.7,874,29110,2,1
14556,83,177.9,235.4,874,29112,2,1
14557,83,177.7,235.1,874,29114,2,1
14558,83,177.5,234.8,874,29116,2,1
14559,83,177.5,234.5,874,29118,2,1
14560,83,177.7,234.6,874,29120,2,1
14561,83,177.9,234.9,874,29122,2,1
14562,83,178.1,235.1,874,29124,2,1
14563,83,178.2,235.4,874,29126,2,1
14564,83,178.5,235.8,874,29128,2,1
14565,83,178.8,236.1,874,29130,2,1
14566,83,179,236.3,875,29132,2,1
14567,83,179.2,236.3,875,29134,2,1
14568,83,179.5,236,875,29136,2,1
14569,83,179.8,235.6,875,29138,2,1
14570,83,180.2,235.2,875,29140,2,1
14571,83,180.4,234.7,875,29142,2,1
14572,83,180.6,234.3,875,29144,2,1
14573,83,180.6,234,875,29146,2,1
14574,83,180.4,234.1,875,29148,2,1
14575,83,180,234.5,875,29150,2,1
14576,83,179.7,234.9,875,29152,2,1
14577,83,179.5,235.3,875,29154,2,1
14578,83,179.7,235.9,875,29156,2,1
14579,83,180,236.7,875,29158,2,1
14580,83,180.4,237.3,875,29160,2,1
14581,83,181,237.7,875,29162,2,1
14582,83,181.7,237.6,875,29164,2,1
14583,83,182.3,237.5,876,29166,2,1
14584,83,182.8,237.4,876,29168,2,1
14585,83,182.7,237.3,876,29170,2,1
14586,83,182.5,237.3,876,29172,2,1
14587,83,182.2,237.4,876,29174,2,1
14588,83,182,237.5,876,29176,2,1
14589,83,181.8,237.8,876,29178,2,1
14590,83,181.6,237.9,876,29180,2,1
14591,83,181.4,238.1,876,29182,2,1
14592,83,181.3,238,876,29184,2,1
14593,83,181.4,237.6,876,29186,2,1
14594,83,181.4,237.1,876,29188,2,1
14595,83,181.3,236.4,876,29190,2,1
14596,83,181.1,235.8,876,29192,2,1
14597,83,180.8,235.2,876,29194,2,1
14598,83,180.6,234.6,876,29196,2,1
14599,83,180.4,234.2,877,29198,2,1
14600,83,180.6,233.8,877,29200,2,1
14601,83,180.7,233.5,877,29202,2,1
14602,83,180.9,233.6,877,29204,2,1
14603,83,181.2,233.6,877,29206,2,1
14604,83,181.4,233.7,877,29208,2,1
14605,83,181.6,233.7,877,29210,2,1
14606,83,181.9,234.1,877,29212,2,1
14607,83,182,234.6,877,29214,2,1
14608,83,182,235.3,877,29216,2,1
14609,83,182,235.7,877,29218,2,1
14610,83,182.1,236,877,29220,2,1
14611,83,182,236.4,877,29222,2,1
14612,83,182.1,236.6,877,29224,2,1
14613,83,182,237,877,29226,2,1
14614,83,182.1,237.4,877,29228,2,1
14615,83,182.1,237.6,877,29230,2,1
14616,83,182.1,237.7,878,29232,2,1
14617,83,182.1,237.8,878,29234,2,1
14618,83,182.1,237.8,878,29236,2,1
14619,83,182.1,237.7,878,29238,2,1
14620,83,182.1,237.6,878,29240,2,1
14621,83,182.1,237.7,878,29242,2,1
14622,83,182,237.8,878,29244,2,1
14623,83,182.3,238.2,878,29246,2,1
14624,83,182.7,238.7,878,29248,2,1
14625,83,183.4,239.2,878,29250,2,1
14626,83,184.1,239.7,878,29252,2,1
14627,83,184.8,240.2,878,29254,2,1
14628,83,185.7,240.4,878,29256,2,1
14629,83,186.5,240.5,878,29258,2,1
14630,83,187.1,240.2,878,29260,2,1
14631,83,187.5,240,878,29262,2,1
14632,83,187.6,239.9,878,29264,2,1
14633,83,187.6,240.1,879,29266,2,1
14634,83,188.1,240.3,879,29268,2,1
14635,83,188.5,240.6,879,29270,2,1
14636,83,188.9,241.2,879,29272,2,1
14637,83,189.1,242,879,29274,2,1
14638,83,189.3,242.6,879,29276,2,1
14639,83,189.4,242.9,879,29278,2,1
14640,83,189.4,242.4,879,29280,2,1
14641,83,189.1,242,879,29282,2,1
14642,83,188.7,241.5,879,29284,2,1
14643,83,188.6,241,879,29286,2,1
14644,83,188.7,240.6,879,29288,2,1
14645,83,189,240.4,879,29290,2,1
14646,83,189.5,240.2,879,29292,2,1
14647,83,190,240.3,879,29294,2,1
14648,83,190.7,240,879,29296,2,1
14649,83,191.3,239.7,880,29298,2,1
14650,83,191.6,239.4,880,29300,2,1
14651,83,191.9,239,880,29302,2,1
14652,83,191.8,238.6,880,29304,2,1
14653,83,191.7,238.1,880,29306,2,1
14654,83,191.7,238.2,880,29308,2,1
14655,83,191.6,238.7,880,29310,2,1
14656,83,191.6,239.2,880,29312,2,1
14657,83,191.6,239.9,880,29314,2,1
14658,83,191.5,240.5,880,29316,2,1
14659,83,191.5,241,880,29318,2,1
14660,83,191.4,241.4,880,29320,2,1
14661,83,191.4,241.6,880,29322,2,1
14662,83,191.3,241.6,880,29324,2,1
14663,83,191.8,241.8,880,29326,2,1
14664,83,192.4,241.9,880,29328,2,1
14665,83,192.9,241.9,880,29330,2,1
14666,83,193.5,241.9,881,29332,2,1
14667,83,194.2,241.4,881,29334,2,1
14668,83,194.8,240.9,881,29336,2,1
14669,83,195.3,240.4,881,29338,2,1
14670,83,195.4,239.9,881,29340,2,1
14671,83,195.5,239.3,881,29342,2,1
14672,83,195.7,239.1,881,29344,2,1
14673,83,196,238.8,881,29346,2,1
14674,83,196.2,238.9,881,29348,2,1
14675,83,196.4,239.1,881,29350,2,1
14676,83,196.6,239.4,881,29352,2,1
14677,83,196.7,240.1,881,29354,2,1
14678,83,196.9,240.8,881,29356,2,1
14679,83,197,241.2,881,29358,2,1
14680,83,197.1,241.8,881,29360,2,1
14681,83,197.3,242.6,881,29362,2,1
14682,83,197.5,243.4,882,29364,2,1
14683,83,197.7,244.3,882,29366,2,1
14684,83,197.9,244.6,882,29368,2,1
14685,83,197.9,244.9,882,29370,2,1
14686,83,197.8,245.2,882,29372,2,1
14687,83,197.8,245.4,882,29374,2,1
14688,83,198.1,245.4,882,29376,2,1
14689,83,198.5,245.5,882,29378,2,1
14690,83,199,245.8,882,29380,2,1
14691,83,199.5,246,882,29382,2,1
14692,83,200,245.9,882,29384,2,1
14693,83,200.4,245.7,882,29386,2,1
14694,83,200.7,245.3,882,29388,2,1
14695,83,200.7,244.9,882,29390,2,1
14696,83,200.6,244.6,882,29392,2,1
14697,83,200.6,243.9,882,29394,2,1
14698,83,200.5,243.3,882,29396,2,1
14699,83,200.4,242.8,883,29398,2,1
14700,83,200.4,242.4,883,29400,2,1
14701,83,200.2,242.3,883,29402,2,1
14702,83,200.1,242,883,29404,2,1
14703,83,200.2,241.5,883,29406,2,1
14704,83,200.2,241.1,883,29408,2,1
14705,83,200.3,240.6,883,29410,2,1
14706,83,200.3,240.2,883,29412,2,1
14707,83,200.4,239.9,883,29414,2,1
14708,83,200.6,239.6,883,29416,2,1
14709,83,200.7,239.2,883,29418,2,1
14710,83,200.8,239.1,883,29420,2,1
14711,83,201,239.3,883,29422,2,1
14712,83,200.8,239.5,883,29424,2,1
14713,83,200.6,239.9,883,29426,2,1
14714,83,200.3,240.3,883,29428,2,1
14715,83,200.2,240.6,883,29430,2,1
14716,83,200.1,241,884,29432,2,1
14717,83,200.1,241.5,884,29434,2,1
14718,83,200,241.9,884,29436,2,1
14719,83,200.1,242.2,884,29438,2,1
14720,83,200.4,242.1,884,29440,2,1
14721,83,200.6,241.8,884,29442,2,1
14722,83,200.8,241.6,884,29444,2,1
14723,83,200.6,241.4,884,29446,2,1
14724,83,200.3,241.2,884,29448,2,1
14725,83,200.4,241.4,884,29450,2,1
14726,83,200.5,241.4,884,29452,2,1
14727,83,200.6,241.4,884,29454,2,1
14728,83,200.7,241.3,884,29456,2,1
14729,83,200.8,241.1,884,29458,2,1
14730,83,200.8,240.9,884,29460,2,1
14731,83,201.2,240.8,884,29462,2,1
14732,83,201.3,240.7,885,29464,2,1
14733,83,201.3,240.9,885,29466,2,1
14734,83,201.2,241.3,885,29468,2,1
14735,83,201,241.6,885,29470,2,1
14736,83,200.9,241.9,885,29472,2,1
14737,83,200.8,242.3,885,29474,2,1
14738,83,200.7,242.5,885,29476,2,1
14739,83,200.5,242.7,885,29478,2,1
14740,83,200.4,242.5,885,29480,2,1
14741,83,200.3,242.3,885,29482,2,1
14742,83,200.2,242.1,885,29484,2,1
14743,83,200.2,242,885,29486,2,1
14744,83,200.2,241.8,885,29488,2,1
14745,83,200.2,241.6,885,29490,2,1
14746,83,200.3,241.5,885,29492,2,1
14747,83,200.5,241.4,885,29494,2,1
14748,83,200.7,241.2,885,29496,2,1
14749,83,201,240.9,886,29498,2,1
14750,83,201.3,240.6,886,29500,2,1
14751,83,201.5,240.3,886,29502,2,1
14752,83,201.8,239.9,886,29504,2,1
14753,83,202,239.5,886,29506,2,1
14754,83,202.2,239,886,29508,2,1
14755,83,202.3,238.5,886,29510,2,1
14756,83,202.3,238.2,886,29512,2,1
14757,83,202,238.6,886,29514,2,1
14758,83,201.8,239.1,886,29516,2,1
14759,83,201.6,239.6,886,29518,2,1
14760,83,201.4,240.1,886,29520,2,1
14761,83,201.1,240.7,886,29522,2,1
14762,83,200.7,241.4,886,29524,2,1
14763,83,200.4,242.2,886,29526,2,1
14764,83,199.9,242.5,886,29528,2,1
14765,83,199.4,242.9,886,29530,2,1
14766,83,199,243.2,887,29532,2,1
14767,83,198.7,243.8,887,29534,2,1
14768,83,198.4,244.5,887,29536,2,1
14769,83,198.6,245.1,887,29538,2,1
14770,83,199.1,245.6,887,29540,2,1
14771,83,199.9,245.8,887,29542,2,1
14772,83,200.7,246.1,887,29544,2,1
14773,83,201.6,246.2,887,29546,2,1
14774,83,202.2,246.1,887,29548,2,1
14775,83,202.7,245.6,887,29550,2,1
14776,83,203,245,887,29552,2,1
14777,83,202.9,244.3,887,29554,2,1
14778,83,202.8,243.5,887,29556,2,1
14779,83,202.6,242.7,887,29558,2,1
14780,83,202.4,242,887,29560,2,1
14781,83,201.8,241.3,887,29562,2,1
14782,83,201.2,240.9,887,29564,2,1
14783,83,200.7,240.7,888,29566,2,1
14784,83,200.1,240.5,888,29568,2,1
14785,83,199.5,240.5,888,29570,2,1
14786,83,199,240.5,888,29572,2,1
14787,83,198.5,240.6,888,29574,2,1
14788,83,198.5,240.8,888,29576,2,1
14789,83,198.5,240.8,888,29578,2,1
14790,83,198.4,240.6,888,29580,2,1
14791,83,198.3,240.4,888,29582,2,1
14792,83,197.9,240.1,888,29584,2,1
14793,83,197.6,239.8,888,29586,2,1
14794,83,197.1,239.7,888,29588,2,1
14795,83,196.5,239.6,888,29590,2,1
14796,83,196.1,239.5,888,29592,2,1
14797,83,195.8,239.4,888,29594,2,1
14798,83,195.9,239.3,888,29596,2,1
14799,83,196.4,239.3,889,29598,2,1
14800,83,196.8,239.4,889,29600,2,1
14801,83,197.1,239.2,889,29602,2,1
14802,83,197.3,238.9,889,29604,2,1
14803,83,197.4,238.7,889,29606,2,1
14804,83,197.7,238.7,889,29608,2,1
14805,83,197.5,239.1,889,29610,2,1
14806,83,197.4,239.6,889,29612,2,1
14807,83,197.4,240.1,889,29614,2,1
14808,83,197.8,240.6,889,29616,2,1
14809,83,198.3,241.1,889,29618,2,1
14810,83,198.7,241.4,889,29620,2,1
14811,83,198.7,241.7,889,29622,2,1
14812,83,198.9,241.5,889,29624,2,1
14813,83,198.9,240.9,889,29626,2,1
14814,83,198.8,240.4,889,29628,2,1
14815,83,198.8,239.8,890,29630,2,1
14816,83,198.6,239.4,890,29632,2,1
14817,83,198.5,239,890,29634,2,1
14818,83,198.5,238.7,890,29636,2,1
14819,83,198.5,238.7,890,29638,2,1
14820,83,198.5,238.7,890,29640,2,1
14821,83,198.6,238.7,890,29642,2,1
14822,83,198.8,238.7,890,29644,2,1
14823,83,198.5,238.7,890,29646,2,1
14824,83,198.2,238.8,890,29648,2,1
14825,83,197.7,238.8,890,29650,2,1
14826,83,197.1,238.6,890,29652,2,1
14827,83,196.6,238.6,890,29654,2,1
14828,83,196,239.1,890,29656,2,1
14829,83,195.1,239.7,890,29658,2,1
14830,83,194.8,240.3,890,29660,2,1
14831,83,194.5,240.9,890,29662,2,1
14832,83,194.6,241.3,891,29664,2,1
14833,83,194.7,241.9,891,29666,2,1
14834,83,194.8,242.2,891,29668,2,1
14835,83,195.1,242.1,891,29670,2,1
14836,83,195.5,241.9,891,29672,2,1
14837,83,195.7,241.5,891,29674,2,1
14838,83,195.8,240.8,891,29676,2,1
14839,83,195.6,240.2,891,29678,2,1
14840,83,195.4,239.5,891,29680,2,1
14841,83,195.2,238.9,891,29682,2,1
14842,83,194.5,238.6,891,29684,2,1
14843,83,193.9,238.3,891,29686,2,1
14844,83,193.4,238.1,891,29688,2,1
14845,83,192.9,238.2,891,29690,2,1
14846,83,192.4,238.6,891,29692,2,1
14847,83,191.9,238.9,891,29694,2,1
14848,83,191.5,239.3,891,29696,2,1
14849,83,191.6,239.7,892,29698,2,1
14850,83,191.7,240.1,892,29700,2,1
14851,83,192,240.9,892,29702,2,1
14852,83,192.6,241.7,892,29704,2,1
14853,83,193.1,242.3,892,29706,2,1
14854,83,193.6,242.8,892,29708,2,1
14855,83,194,243.1,892,29710,2,1
14856,83,194.4,243.3,892,29712,2,1
14857,83,194.7,243.6,892,29714,2,1
14858,83,195,243.7,892,29716,2,1
14859,83,195,243.6,892,29718,2,1
14860,83,194.4,243.6,892,29720,2,1
14861,83,193.7,243.5,892,29722,2,1
14862,83,193.1,243.5,892,29724,2,1
14863,83,192.6,243.6,892,29726,2,1
14864,83,192,244.1,892,29728,2,1
14865,83,191.5,244.7,892,29730,2,1
14866,83,191,245.3,893,29732,2,1
14867,83,191.2,246,893,29734,2,1
14868,83,191.4,246.7,893,29736,2,1
14869,83,191.6,247.3,893,29738,2,1
14870,83,192.3,247.8,893,29740,2,1
14871,83,193,247.9,893,29742,2,1
14872,83,193.8,248.1,893,29744,2,1
14873,83,194.7,248.3,893,29746,2,1
14874,83,195.6,248.4,893,29748,2,1
14875,83,196.4,248.1,893,29750,2,1
14876,83,197.2,247.4,893,29752,2,1
14877,83,197.4,246.6,893,29754,2,1
14878,83,197.6,245.9,893,29756,2,1
14879,83,197.9,245.3,893,29758,2,1
14880,83,198.1,244.8,893,29760,2,1
14881,83,198.2,244.3,893,29762,2,1
14882,83,198.1,243.8,894,29764,2,1
14883,83,197.9,243.4,894,29766,2,1
14884,83,197.7,242.9,894,29768,2,1
14885,83,197.3,242.4,894,29770,2,1
14886,83,196.8,241.8,894,29772,2,1
14887,83,196.4,241.5,894,29774,2,1
14888,83,196.2,241.3,894,29776,2,1
14889,83,196,241.2,894,29778,2,1
14890,83,195.9,241.4,894,29780,2,1
14891,83,195.8,241.6,894,29782,2,1
14892,83,195.9,241.8,894,29784,2,1
14893,83,195.9,241.9,894,29786,2,1
14894,83,195.9,241.9,894,29788,2,1
14895,83,195.7,241.8,894,29790,2,1
14896,83,195.4,241.8,894,29792,2,1
14897,83,195.1,241.7,894,29794,2,1
14898,83,194.8,241.6,894,29796,2,1
14899,83,194.5,241.3,895,29798,2,1
14900,83,194.1,240.9,895,29800,2,1
14901,83,193.8,240.5,895,29802,2,1
14902,83,193.5,240.2,895,29804,2,1
14903,83,193.4,239.8,895,29806,2,1
14904,83,193.3,239.5,895,29808,2,1
14905,83,193,239.3,895,29810,2,1
14906,83,192.8,239.5,895,29812,2,1
14907,83,192.5,239.9,895,29814,2,1
14908,83,192.1,240.6,895,29816,2,1
14909,83,191.7,241.2,895,29818,2,1
14910,83,191.2,241.8,895,29820,2,1
14911,83,190.9,242.3,895,29822,2,1
14912,83,190.6,242.8,895,29824,2,1
14913,83,190.3,243,895,29826,2,1
14914,83,190.2,243.2,895,29828,2,1
14915,83,190.2,243.2,896,29830,2,1
14916,83,190.3,243.1,896,29832,2,1
14917,83,190.4,242.8,896,29834,2,1
14918,83,190.6,242.5,896,29836,2,1
14919,83,190.9,242.4,896,29838,2,1
14920,83,191.3,242.4,896,29840,2,1
14921,83,191.7,242.4,896,29842,2,1
14922,83,192,242.5,896,29844,2,1
14923,83,192.3,242.6,896,29846,2,1
14924,83,192.5,242.8,896,29848,2,1
14925,83,192.6,243.1,896,29850,2,1
14926,83,192.7,243.4,896,29852,2,1
14927,83,192.7,243.7,896,29854,2,1
14928,83,192.9,243.9,896,29856,2,1
14929,83,193.1,244.1,896,29858,2,1
14930,83,193.3,244.3,896,29860,2,1
14931,83,193.4,244.4,896,29862,2,1
14932,83,193.5,244.6,897,29864,2,1
14933,83,193.5,244.7,897,29866,2,1
14934,83,193.4,244.7,897,29868,2,1
14935,83,193.2,244.8,897,29870,2,1
14936,83,193.2,244.7,897,29872,2,1
14937,83,193.1,244.6,897,29874,2,1
14938,83,193.3,244.3,897,29876,2,1
14939,83,193.4,243.9,897,29878,2,1
14940,83,193.7,243.5,897,29880,2,1
14941,83,194.1,243.1,897,29882,2,1
14942,83,194.5,242.7,897,29884,2,1
14943,83,194.8,242.4,897,29886,2,1
14944,83,195.1,242.1,897,29888,2,1
14945,83,195.3,242.2,897,29890,2,1
14946,83,195.5,242.3,897,29892,2,1
14947,83,195.4,242.3,897,29894,2,1
14948,83,195.4,242.2,897,29896,2,1
14949,83,195.4,242.1,898,29898,2,1
14950,83,195.3,241.8,898,29900,2,1
14951,83,195.3,241.2,898,29902,2,1
14952,83,195.3,240.4,898,29904,2,1
14953,83,195.3,239.5,898,29906,2,1
14954,83,195.2,239.8,898,29908,2,1
14955,83,195,240.1,898,29910,2,1
14956,83,194.9,240.5,898,29912,2,1
14957,83,194.8,241,898,29914,2,1
14958,83,194.7,241.8,898,29916,2,1
14959,83,194.6,242.7,898,29918,2,1
14960,83,194.5,243.5,898,29920,2,1
14961,83,194.6,243.6,898,29922,2,1
14962,83,194.7,243.6,898,29924,2,1
14963,83,194.8,243.5,898,29926,2,1
14964,83,194.9,243.4,898,29928,2,1
14965,83,195.6,243.2,899,29930,2,1
14966,83,196.4,242.8,899,29932,2,1
14967,83,197.2,241.9,899,29934,2,1
14968,83,198,241,899,29936,2,1
14969,83,198.8,240.1,899,29938,2,1
14970,83,199.2,239.4,899,29940,2,1
14971,83,199.6,238.6,899,29942,2,1
14972,83,199.4,238.2,899,29944,2,1
14973,83,199.3,238,899,29946,2,1
14974,83,199,238.5,899,29948,2,1
14975,83,198.8,239,899,29950,2,1
14976,83,198.6,239.7,899,29952,2,1
14977,83,198.8,240.5,899,29954,2,1
14978,83,199,241.2,899,29956,2,1
14979,83,199.2,241.9,899,29958,2,1
14980,83,199.4,242.6,899,29960,2,1
14981,83,199.6,243.1,899,29962,2,1
14982,83,199.4,244,900,29964,2,1
14983,83,199.3,244.7,900,29966,2,1
14984,83,199.2,245,900,29968,2,1
14985,83,199.5,244.8,900,29970,2,1
14986,83,199.7,243.9,900,29972,2,1
14987,83,201,240.6,900,29974,2,1
14988,83,202.8,236.7,900,29976,2,1
14989,83,206.7,231.6,900,29978,2,1
14990,83,211,224.1,900,29980,2,1
14991,83,216.3,217,900,29982,2,1
14992,83,221.4,210,900,29984,2,1
14993,83,226.4,203.8,900,29986,2,1
14994,83,230.4,200,900,29988,2,1
14995,83,233.9,196.8,900,29990,2,1
14996,83,235.2,194.7,900,29992,2,1
14997,83,236,195,900,29994,2,1
14998,83,235.5,196.3,900,29996,2,1
14999,83,234.8,197.5,901,29998,2,1
15000,83,233.8,198.8,901,30000,2,1
15001,83,233,200.2,901,30002,2,1
15002,83,232,201.4,901,30004,2,1
15003,83,231.4,202.3,901,30006,2,1
15004,83,230.8,203,901,30008,2,1
15005,83,230.4,203,901,30010,2,1
15006,83,230.2,202.8,901,30012,2,1
15007,83,230.3,202.7,901,30014,2,1
15008,83,230.6,202.3,901,30016,2,1
15009,83,231,201.9,901,30018,2,1
15010,83,231.5,201.6,901,30020,2,1
15011,83,232.1,201.4,901,30022,2,1
15012,83,232.7,201,901,30024,2,1
15013,83,233.3,200.6,901,30026,2,1
15014,83,233.9,200.3,901,30028,2,1
15015,83,234.1,200,902,30030,2,1
15016,83,234,199.6,902,30032,2,1
15017,83,233.9,199.3,902,30034,2,1
15018,83,233.5,199.3,902,30036,2,1
15019,83,233.1,199.5,902,30038,2,1
15020,83,232.7,199.9,902,30040,2,1
15021,83,232.3,200.2,902,30042,2,1
15022,83,232.1,200.6,902,30044,2,1
15023,83,232.1,200.9,902,30046,2,1
15024,83,232.1,201.3,902,30048,2,1
15025,83,232.4,201.2,902,30050,2,1
15026,83,232.5,201,902,30052,2,1
15027,83,232.6,200.8,902,30054,2,1
15028,83,232.5,200.4,902,30056,2,1
15029,83,231.9,199.6,902,30058,2,1
15030,83,231.5,199,902,30060,2,1
15031,83,231.2,198.4,902,30062,2,1
15032,83,230.9,198.1,903,30064,2,1
15033,83,231,197.9,903,30066,2,1
15034,83,231.1,197.5,903,30068,2,1
15035,83,231.2,197.3,903,30070,2,1
15036,83,231.4,197.1,903,30072,2,1
15037,83,231.6,197,903,30074,2,1
15038,83,232,196.8,903,30076,2,1
15039,83,232.4,196.6,903,30078,2,1
15040,83,233.1,196.2,903,30080,2,1
15041,83,233.6,196.1,903,30082,2,1
15042,83,234.1,196.5,903,30084,2,1
15043,83,234.7,196.9,903,30086,2,1
15044,83,235.3,197.4,903,30088,2,1
15045,83,235.8,197.9,903,30090,2,1
15046,83,236,198.4,903,30092,2,1
15047,83,235.8,199,903,30094,2,1
15048,83,235.7,199.6,903,30096,2,1
15049,83,235.6,199.8,904,30098,2,1
15050,83,235.4,199.9,904,30100,2,1
15051,83,235.1,199.6,904,30102,2,1
15052,83,234.9,199.5,904,30104,2,1
15053,83,235.1,199.3,904,30106,2,1
15054,83,235.3,199.2,904,30108,2,1
15055,83,235.7,198.9,904,30110,2,1
15056,83,236,198.7,904,30112,2,1
15057,83,236.5,198.6,904,30114,2,1
15058,83,236.9,199.4,904,30116,2,1
15059,83,237.4,200.1,904,30118,2,1
15060,83,237.7,200.9,904,30120,2,1
15061,83,238,201.6,904,30122,2,1
15062,83,238.2,202.4,904,30124,2,1
15063,83,238.4,203.1,904,30126,2,1
15064,83,238.4,203.5,904,30128,2,1
15065,83,238.2,203.2,905,30130,2,1
15066,83,237.8,202.3,905,30132,2,1
15067,83,237.4,201.4,905,30134,2,1
15068,83,236.7,200.6,905,30136,2,1
15069,83,236.1,199.9,905,30138,2,1
15070,83,235.6,199.3,905,30140,2,1
15071,83,235.2,198.9,905,30142,2,1
15072,83,235.5,198.5,905,30144,2,1
15073,83,235.7,198.7,905,30146,2,1
15074,83,236,199,905,30148,2,1
15075,83,236.5,199.3,905,30150,2,1
15076,83,236.9,199.5,905,30152,2,1
15077,83,237.2,199.8,905,30154,2,1
15078,83,237.3,199.9,905,30156,2,1
15079,83,236.8,199.9,905,30158,2,1
15080,83,236.3,200,905,30160,2,1
15081,83,235.7,200.1,905,30162,2,1
15082,83,235.2,200.7,906,30164,2,1
15083,83,234.6,201.4,906,30166,2,1
15084,83,234,202.4,906,30168,2,1
15085,83,233.5,203.4,906,30170,2,1
15086,83,233.1,204.1,906,30172,2,1
15087,83,232.7,204.8,906,30174,2,1
15088,83,232.5,205.5,906,30176,2,1
15089,83,232.5,205.9,906,30178,2,1
15090,83,232.5,206.3,906,30180,2,1
15091,83,232.6,206.6,906,30182,2,1
15092,83,232.6,206.8,906,30184,2,1
15093,83,232.6,207.3,906,30186,2,1
15094,83,232.6,207.8,906,30188,2,1
15095,83,232.4,208,906,30190,2,1
15096,83,231.6,208.2,906,30192,2,1
15097,83,230.5,209.2,906,30194,2,1
15098,83,229.3,211.4,906,30196,2,1
15099,83,227.8,214.4,907,30198,2,1
15100,83,226.2,217.5,907,30200,2,1
15101,83,224.3,222.3,907,30202,2,1
15102,83,222.3,227.3,907,30204,2,1
15103,83,220.9,232.2,907,30206,2,1
15104,83,219.6,236.2,907,30208,2,1
15105,83,218.7,238.7,907,30210,2,1
15106,83,218.3,240.2,907,30212,2,1
15107,83,218,241.5,907,30214,2,1
15108,83,218.2,240.8,907,30216,2,1
15109,83,218.5,240.1,907,30218,2,1
15110,83,218.9,239.3,907,30220,2,1
15111,83,219.4,238.5,907,30222,2,1
15112,83,219.8,237.9,907,30224,2,1
15113,83,220.1,237.3,907,30226,2,1
15114,83,220.4,237,907,30228,2,1
15115,83,220.6,236.9,908,30230,2,1
15116,83,220.8,236.8,908,30232,2,1
15117,83,220.9,237,908,30234,2,1
15118,83,221,237.2,908,30236,2,1
15119,83,221.5,237.4,908,30238,2,1
15120,83,221.9,237.8,908,30240,2,1
15121,83,222.3,238.2,908,30242,2,1
15122,83,222.7,238.7,908,30244,2,1
15123,83,222.9,239.1,908,30246,2,1
15124,83,223.2,239.5,908,30248,2,1
15125,83,223.1,239.8,908,30250,2,1
15126,83,222.6,240.2,908,30252,2,1
15127,83,222.3,240.6,908,30254,2,1
15128,83,222,240.9,908,30256,2,1
15129,83,221.8,240.9,908,30258,2,1
15130,83,221.9,240.9,908,30260,2,1
15131,83,222,240.8,908,30262,2,1
15132,83,222.6,240.8,909,30264,2,1
15133,83,223.1,240.9,909,30266,2,1
15134,83,223.6,241,909,30268,2,1
15135,83,224.1,241.1,909,30270,2,1
15136,83,224.5,241.3,909,30272,2,1
15137,83,224.8,241.5,909,30274,2,1
15138,83,225,242.1,909,30276,2,1
15139,83,225.1,242.9,909,30278,2,1
15140,83,225.1,243.6,909,30280,2,1
15141,83,225.1,244.3,909,30282,2,1
15142,83,225,244.8,909,30284,2,1
15143,83,225.1,245.3,909,30286,2,1
15144,83,225.1,245.7,909,30288,2,1
15145,83,225.2,245.7,909,30290,2,1
15146,83,225.4,245.2,909,30292,2,1
15147,83,225.5,244.5,909,30294,2,1
15148,83,225.5,243.8,909,30296,2,1
15149,83,225.6,243.2,910,30298,2,1
15150,83,225.6,242.4,910,30300,2,1
15151,83,225.5,241.5,910,30302,2,1
15152,83,225.6,240.6,910,30304,2,1
15153,83,225.6,239.9,910,30306,2,1
15154,83,225.8,239.3,910,30308,2,1
15155,83,225.9,238.7,910,30310,2,1
15156,83,226.2,238.5,910,30312,2,1
15157,83,226.2,238.4,910,30314,2,1
15158,83,225.9,238.4,910,30316,2,1
15159,83,225.1,238.5,910,30318,2,1
15160,83,224.2,238.6,910,30320,2,1
15161,83,223.4,238.8,910,30322,2,1
15162,83,222.6,239,910,30324,2,1
15163,83,221.9,239,910,30326,2,1
15164,83,221.9,238.9,910,30328,2,1
15165,83,222.1,238.7,911,30330,2,1
15166,83,222.6,238.3,911,30332,2,1
15167,83,223.4,238.3,911,30334,2,1
15168,83,224.2,238.3,911,30336,2,1
15169,83,224.9,238.5,911,30338,2,1
15170,83,225.4,238.7,911,30340,2,1
15171,83,225.6,238.9,911,30342,2,1
15172,83,225.8,239.1,911,30344,2,1
15173,83,225.9,239.1,911,30346,2,1
15174,83,225.9,239,911,30348,2,1
15175,83,226,239.1,911,30350,2,1
15176,83,226.1,239.1,911,30352,2,1
15177,83,226.2,239.1,911,30354,2,1
15178,83,226.2,239.1,911,30356,2,1
15179,83,226.1,239.1,911,30358,2,1
15180,83,225.9,238.8,911,30360,2,1
15181,83,225.9,238.7,911,30362,2,1
15182,83,225.9,238.7,912,30364,2,1
15183,83,226,238.7,912,30366,2,1
15184,83,226.1,238.8,912,30368,2,1
15185,83,226.2,238.8,912,30370,2,1
15186,83,226.3,238.8,912,30372,2,1
15187,83,226.6,239,912,30374,2,1
15188,83,226.8,239,912,30376,2,1
15189,83,227.1,239.1,912,30378,2,1
15190,83,227.2,239.2,912,30380,2,1
15191,83,227.4,239.2,912,30382,2,1
15192,83,227.4,239.3,912,30384,2,1
15193,83,227.2,239.4,912,30386,2,1
15194,83,226.6,239.5,912,30388,2,1
15195,83,225.9,239.6,912,30390,2,1
15196,83,225.4,239.9,912,30392,2,1
15197,83,224.8,240.1,912,30394,2,1
15198,83,224.5,240.1,912,30396,2,1
15199,83,224.4,239.9,913,30398,2,1
15200,83,224.3,239.9,913,30400,2,1
15201,83,224.5,239.9,913,30402,2,1
15202,83,224.8,239.8,913,30404,2,1
15203,83,225.2,240.3,913,30406,2,1
15204,83,225.6,241,913,30408,2,1
15205,83,225.7,241.6,913,30410,2,1
15206,83,225.7,242.1,913,30412,2,1
15207,83,225.8,242.6,913,30414,2,1
15208,83,225.7,243.1,913,30416,2,1
15209,83,225.5,243.6,913,30418,2,1
15210,83,225.3,243.3,913,30420,2,1
15211,83,224.9,243.2,913,30422,2,1
15212,83,224.4,242.8,913,30424,2,1
15213,83,223.9,242.6,913,30426,2,1
15214,83,223.5,242.4,913,30428,2,1
15215,83,223.2,242,914,30430,2,1
15216,83,223.1,241.6,914,30432,2,1
15217,83,223,241.1,914,30434,2,1
15218,83,223,240.8,914,30436,2,1
15219,83,223.2,240.6,914,30438,2,1
15220,83,223.4,240.4,914,30440,2,1
15221,83,223.5,240.3,914,30442,2,1
15222,83,223.4,240.3,914,30444,2,1
15223,83,223.2,240.4,914,30446,2,1
15224,83,223,240.6,914,30448,2,1
15225,83,222.7,241,914,30450,2,1
15226,83,222.2,241.4,914,30452,2,1
15227,83,221.8,241.9,914,30454,2,1
15228,83,221.4,242.4,914,30456,2,1
15229,83,220.9,243.3,914,30458,2,1
15230,83,220.2,244.3,914,30460,2,1
15231,83,219.6,245.2,914,30462,2,1
15232,83,219.2,245.8,915,30464,2,1
15233,83,219,246.3,915,30466,2,1
15234,83,218.7,246.8,915,30468,2,1
15235,83,218.4,247.1,915,30470,2,1
15236,83,218.3,246.8,915,30472,2,1
15237,83,218.5,246.5,915,30474,2,1
15238,83,218.8,246.3,915,30476,2,1
15239,83,219,246,915,30478,2,1
15240,83,219.2,245.5,915,30480,2,1
15241,83,219.4,244.6,915,30482,2,1
15242,83,219.6,243.8,915,30484,2,1
15243,83,219.9,243.2,915,30486,2,1
15244,83,220.2,242.6,915,30488,2,1
15245,83,220.3,242.1,915,30490,2,1
15246,83,220.4,241.8,915,30492,2,1
15247,83,220.4,241.8,915,30494,2,1
15248,83,220.4,242.2,915,30496,2,1
15249,83,220.4,242.7,916,30498,2,1
15250,83,220.3,243.2,916,30500,2,1
15251,83,220.3,243.9,916,30502,2,1
15252,83,220.3,245.1,916,30504,2,1
15253,83,220.3,246.1,916,30506,2,1
15254,83,220.5,246.9,916,30508,2,1
15255,83,220.6,248,916,30510,2,1
15256,83,220.6,249,916,30512,2,1
15257,83,220.8,249.8,916,30514,2,1
15258,83,220.7,250.4,916,30516,2,1
15259,83,220.8,250.2,916,30518,2,1
15260,83,220.7,250.2,916,30520,2,1
15261,83,220.4,250,916,30522,2,1
15262,83,220.1,249.4,916,30524,2,1
15263,83,219.7,249,916,30526,2,1
15264,83,219.4,248.7,916,30528,2,1
15265,83,219.5,248.7,917,30530,2,1
15266,83,219.6,248.8,917,30532,2,1
15267,83,219.8,248.9,917,30534,2,1
15268,83,220.2,249.1,917,30536,2,1
15269,83,220.7,249.4,917,30538,2,1
15270,83,221.2,249.6,917,30540,2,1
15271,83,221.6,249.8,917,30542,2,1
15272,83,221.5,249.9,917,30544,2,1
15273,83,221.4,250,917,30546,2,1
15274,83,221.2,250.1,917,30548,2,1
15275,83,221,250.4,917,30550,2,1
15276,83,220.6,250.7,917,30552,2,1
15277,83,220.1,251.1,917,30554,2,1
15278,83,218.7,251.3,917,30556,2,1
15279,83,217.6,251.6,917,30558,2,1
15280,83,216.4,251.8,917,30560,2,1
15281,83,215.4,252,917,30562,2,1
15282,83,214.6,252.4,918,30564,2,1
15283,83,214.6,252.7,918,30566,2,1
15284,83,214.7,253.1,918,30568,2,1
15285,83,215.5,253.9,918,30570,2,1
15286,83,216.4,254.8,918,30572,2,1
15287,83,217.3,255.7,918,30574,2,1
15288,83,218,256.5,918,30576,2,1
15289,83,221,258.2,918,30578,2,1
15290,83,224.6,262.3,918,30580,2,1
15291,83,230.2,267.4,918,30582,2,1
15292,83,239.4,276,918,30584,2,1
15293,83,251.1,285.3,918,30586,2,1
15294,83,266,299.1,918,30588,2,1
15295,83,284.3,316.9,918,30590,2,1
15296,83,304,337.1,918,30592,2,1
15297,83,326,357.5,918,30594,2,1
15298,83,349.8,380.7,918,30596,2,1
15299,83,373,400.2,919,30598,2,1
15300,83,396,420.6,919,30600,2,1
15301,83,416.9,438.1,919,30602,2,1
15302,83,435.5,453.1,919,30604,2,1
15303,83,452,465.9,919,30606,2,1
15304,83,466.3,478.5,919,30608,2,1
15305,83,478.9,487.8,919,30610,2,1
15306,83,490.2,497.1,919,30612,2,1
15307,83,499.3,504.3,919,30614,2,1
15308,83,507.4,509.5,919,30616,2,1
15309,83,514.4,512.6,919,30618,2,1
15310,83,519.7,514.7,919,30620,2,1
15311,83,523.7,514.5,919,30622,2,1
15312,83,525.6,513.7,919,30624,2,1
15313,83,525.9,513.8,919,30626,2,1
15314,83,526.3,514.2,919,30628,2,1
15315,83,527.3,515.1,920,30630,2,1
15316,83,528.1,517.5,920,30632,2,1
15317,83,529,520,920,30634,2,1
15318,83,530.3,522.4,920,30636,2,1
15319,83,531.6,524.8,920,30638,2,1
15320,83,532.9,526.4,920,30640,2,1
15321,83,534.2,527.8,920,30642,2,1
15322,83,533.9,528.9,920,30644,2,1
15323,83,533.7,529,920,30646,2,1
15324,83,533.4,528.9,920,30648,2,1
15325,83,532.8,528.7,920,30650,2,1
15326,83,532.3,528.3,920,30652,2,1
15327,83,532.1,527.8,920,30654,2,1
15328,83,532,527.4,920,30656,2,1
15329,83,532.6,526.9,920,30658,2,1
15330,83,533.2,526.8,920,30660,2,1
15331,83,533.8,527,920,30662,2,1
15332,83,534.8,527.4,921,30664,2,1
15333,83,535.7,528.2,921,30666,2,1
15334,83,536.1,528.9,921,30668,2,1
15335,83,536.6,529.5,921,30670,2,1
15336,83,536.9,530.1,921,30672,2,1
15337,83,537.2,530.5,921,30674,2,1
15338,83,537.3,530.7,921,30676,2,1
15339,83,536.9,530.9,921,30678,2,1
15340,83,536.5,531,921,30680,2,1
15341,83,536.1,531,921,30682,2,1
15342,83,535.8,531,921,30684,2,1
15343,83,535.5,530.7,921,30686,2,1
15344,83,535.1,530.2,921,30688,2,1
15345,83,534.8,529.7,921,30690,2,1
15346,83,534.4,529.1,921,30692,2,1
15347,83,534.1,528.5,921,30694,2,1
15348,83,533.9,528,921,30696,2,1
15349,83,533.9,528.2,922,30698,2,1
15350,83,534.2,528.9,922,30700,2,1
15351,83,534.5,529.7,922,30702,2,1
15352,83,535.2,530.6,922,30704,2,1
15353,83,535.8,531.6,922,30706,2,1
15354,83,536.5,532.6,922,30708,2,1
15355,83,537.1,533.5,922,30710,2,1
15356,83,537.5,533.9,922,30712,2,1
15357,83,537.8,534.2,922,30714,2,1
15358,83,538.1,534.1,922,30716,2,1
15359,83,538.5,534.1,922,30718,2,1
15360,83,538.9,533.9,922,30720,2,1
15361,83,539.2,533.4,922,30722,2,1
15362,83,539.3,532.9,922,30724,2,1
15363,83,539.4,532.3,922,30726,2,1
15364,83,539.4,531.8,922,30728,2,1
15365,83,539.2,531.2,923,30730,2,1
15366,83,539,530.7,923,30732,2,1
15367,83,538.8,530.3,923,30734,2,1
15368,83,538.7,530,923,30736,2,1
15369,83,538.7,529.8,923,30738,2,1
15370,83,538.7,529.5,923,30740,2,1
15371,83,538.8,529.2,923,30742,2,1
15372,83,539.1,529.1,923,30744,2,1
15373,83,539.5,529,923,30746,2,1
15374,83,539.9,529,923,30748,2,1
15375,83,540.3,528.9,923,30750,2,1
15376,83,540.5,528.9,923,30752,2,1
15377,83,540.6,529.3,923,30754,2,1
15378,83,540.7,529.7,923,30756,2,1
15379,83,540.6,529.9,923,30758,2,1
15380,83,540.4,530.2,923,30760,2,1
15381,83,540.1,530.2,923,30762,2,1
15382,83,539.8,530.3,924,30764,2,1
15383,83,539.6,530.2,924,30766,2,1
15384,83,539.4,530,924,30768,2,1
15385,83,539.3,529.8,924,30770,2,1
15386,83,539.2,529.8,924,30772,2,1
15387,83,539.1,529.8,924,30774,2,1
15388,83,539,530.1,924,30776,2,1
15389,83,539,530.5,924,30778,2,1
15390,83,539.3,531,924,30780,2,1
15391,83,539.6,531.5,924,30782,2,1
15392,83,540,532,924,30784,2,1
15393,83,540.3,532.5,924,30786,2,1
15394,83,540.6,532.6,924,30788,2,1
15395,83,540.7,532.3,924,30790,2,1
15396,83,540.8,531.9,924,30792,2,1
15397,83,540.7,531.7,924,30794,2,1
15398,83,540.6,531.5,924,30796,2,1
15399,83,540.8,531.4,925,30798,2,1
15400,83,540.9,531.2,925,30800,2,1
15401,83,540.9,531.1,925,30802,2,1
15402,83,540.9,531.2,925,30804,2,1
15403,83,540.8,531.4,925,30806,2,1
15404,83,540.8,531.6,925,30808,2,1
15405,83,540.6,531.6,925,30810,2,1
15406,83,540.3,531.7,925,30812,2,1
15407,83,540,531.8,925,30814,2,1
15408,83,540,531.7,925,30816,2,1
15409,83,540.1,531.6,925,30818,2,1
15410,83,540.3,531.5,925,30820,2,1
15411,83,540.7,531.3,925,30822,2,1
15412,83,541.5,531,925,30824,2,1
15413,83,542.1,530.8,925,30826,2,1
15414,83,542.6,530.6,925,30828,2,1
15415,83,542.4,530.4,926,30830,2,1
15416,83,542.3,530.1,926,30832,2,1
15417,83,542.1,529.7,926,30834,2,1
15418,83,541.8,529.4,926,30836,2,1
15419,83,541.2,529.1,926,30838,2,1
15420,83,540.7,528.8,926,30840,2,1
15421,83,540.3,528.6,926,30842,2,1
15422,83,540.3,528.4,926,30844,2,1
15423,83,540.3,528.3,926,30846,2,1
15424,83,540.2,528.3,926,30848,2,1
15425,83,540.2,528.3,926,30850,2,1
15426,83,540,528.1,926,30852,2,1
15427,83,539.8,527.9,926,30854,2,1
15428,83,539.6,527.7,926,30856,2,1
15429,83,539.6,527.5,926,30858,2,1
15430,83,539.5,527.3,926,30860,2,1
15431,83,539.2,527.2,926,30862,2,1
15432,83,538.8,527.1,927,30864,2,1
15433,83,538.4,527,927,30866,2,1
15434,83,538.1,526.8,927,30868,2,1
15435,83,537.9,526.7,927,30870,2,1
15436,83,537.8,526.6,927,30872,2,1
15437,83,537.7,526.6,927,30874,2,1
15438,83,537.8,526.5,927,30876,2,1
15439,83,538,526.7,927,30878,2,1
15440,83,538.4,526.9,927,30880,2,1
15441,83,539,527.1,927,30882,2,1
15442,83,539.4,527.3,927,30884,2,1
15443,83,539.8,527.4,927,30886,2,1
15444,83,540.1,527.6,927,30888,2,1
15445,83,540.2,527.7,927,30890,2,1
15446,83,540.4,527.6,927,30892,2,1
15447,83,540.3,527.7,927,30894,2,1
15448,83,540.1,527.9,927,30896,2,1
15449,83,539.9,528.2,928,30898,2,1
15450,83,539.5,528.4,928,30900,2,1
15451,83,539,528.5,928,30902,2,1
15452,83,538.5,528.8,928,30904,2,1
15453,83,537.8,529,928,30906,2,1
15454,83,537.3,529.1,928,30908,2,1
15455,83,536.9,529,928,30910,2,1
15456,83,536.8,528.7,928,30912,2,1
15457,83,536.8,528.4,928,30914,2,1
15458,83,536.8,528.1,928,30916,2,1
15459,83,537,527.6,928,30918,2,1
15460,83,537.2,527,928,30920,2,1
15461,83,537.4,526.4,928,30922,2,1
15462,83,537.3,525.7,928,30924,2,1
15463,83,537,525,928,30926,2,1
15464,83,536.7,524.4,928,30928,2,1
15465,83,536.5,524.1,928,30930,2,1
15466,83,536.5,524,929,30932,2,1
15467,83,536.3,523.9,929,30934,2,1
15468,83,536.1,524.4,929,30936,2,1
15469,83,533.9,525,929,30938,2,1
15470,83,529.3,526.4,929,30940,2,1
15471,83,522.2,528.1,929,30942,2,1
15472,83,512.7,530.8,929,30944,2,1
15473,83,501.4,534.5,929,30946,2,1
15474,83,486.9,538.9,929,30948,2,1
15475,83,470.6,543.2,929,30950,2,1
15476,83,453.9,547.4,929,30952,2,1
15477,83,435.9,552.7,929,30954,2,1
15478,83,418.2,558.5,929,30956,2,1
15479,83,401.9,564.2,929,30958,2,1
15480,83,386.5,570.2,929,30960,2,1
15481,83,374.1,575.5,929,30962,2,1
15482,83,363.5,580.5,930,30964,2,1
15483,83,354.4,585.4,930,30966,2,1
15484,83,348.3,588.1,930,30968,2,1
15485,83,342.1,590.3,930,30970,2,1
15486,83,335.7,591.4,930,30972,2,1
15487,83,330.2,591.4,930,30974,2,1
15488,83,325,591.4,930,30976,2,1
15489,83,319.9,591.4,930,30978,2,1
15490,83,315.8,591.5,930,30980,2,1
15491,83,313.2,591.9,930,30982,2,1
15492,83,312.7,592.2,930,30984,2,1
15493,83,313.5,592.3,930,30986,2,1
15494,83,314.3,592.3,930,30988,2,1
15495,83,315.2,592.4,930,30990,2,1
15496,83,315.9,592.7,930,30992,2,1
15497,83,315.3,593.1,930,30994,2,1
15498,83,314,593.8,930,30996,2,1
15499,83,312.8,594.6,931,30998,2,1
15500,83,311.5,595.3,931,31000,2,1
15501,83,310.3,596,931,31002,2,1
15502,83,309.1,596.4,931,31004,2,1
15503,83,308.1,596.6,931,31006,2,1
15504,83,308.3,596.6,931,31008,2,1
15505,83,308.7,596.2,931,31010,2,1
15506,83,309.3,595.9,931,31012,2,1
15507,83,309.9,595.5,931,31014,2,1
15508,83,310.5,594.9,931,31016,2,1
15509,83,311.2,594.5,931,31018,2,1
15510,83,311.8,594.2,931,31020,2,1
15511,83,312.4,593.8,931,31022,2,1
15512,83,312.8,593.5,931,31024,2,1
15513,83,313.1,593.2,931,31026,2,1
15514,83,313.4,593.1,931,31028,2,1
15515,83,313.5,593.1,932,31030,2,1
15516,83,313.5,593.1,932,31032,2,1
15517,83,313.4,593.2,932,31034,2,1
15518,83,313.4,593.1,932,31036,2,1
15519,83,313.2,593.6,932,31038,2,1
15520,83,313.1,594.2,932,31040,2,1
15521,83,313.1,594.7,932,31042,2,1
15522,83,313.3,595.1,932,31044,2,1
15523,83,313.3,595.3,932,31046,2,1
15524,83,313.3,595.5,932,31048,2,1
15525,83,313.3,595.7,932,31050,2,1
15526,83,313.3,595.3,932,31052,2,1
15527,83,313.2,594.6,932,31054,2,1
15528,83,313.1,594,932,31056,2,1
15529,83,313,593.5,932,31058,2,1
15530,83,312.9,593.3,932,31060,2,1
15531,83,313,593.3,932,31062,2,1
15532,83,312.9,593.3,933,31064,2,1
15533,83,312.7,593.3,933,31066,2,1
15534,83,312.4,593.7,933,31068,2,1
15535,83,312,594.1,933,31070,2,1
15536,83,311.6,594.5,933,31072,2,1
15537,83,311.2,594.7,933,31074,2,1
15538,83,310.7,595,933,31076,2,1
15539,83,310.5,595.1,933,31078,2,1
15540,83,310.7,595.3,933,31080,2,1
15541,83,310.9,595.5,933,31082,2,1
15542,83,311.2,595.6,933,31084,2,1
15543,83,311.5,595.6,933,31086,2,1
15544,83,311.9,595.5,933,31088,2,1
15545,83,312.4,595.3,933,31090,2,1
15546,83,312.8,595.1,933,31092,2,1
15547,83,313,595,933,31094,2,1
15548,83,313.3,594.7,933,31096,2,1
15549,83,313.6,594.2,934,31098,2,1
15550,83,314,593.8,934,31100,2,1
15551,83,314.5,593.4,934,31102,2,1
15552,83,314.7,592.9,934,31104,2,1
15553,83,314.9,592.5,934,31106,2,1
15554,83,315,592.3,934,31108,2,1
15555,83,314.9,592.2,934,31110,2,1
15556,83,314.8,592.8,934,31112,2,1
15557,83,314,593.2,934,31114,2,1
15558,83,313,593.6,934,31116,2,1
15559,83,312,594.1,934,31118,2,1
15560,83,311.1,594.6,934,31120,2,1
15561,83,310.3,595.1,934,31122,2,1
15562,83,309.5,595.4,934,31124,2,1
15563,83,308.6,595.5,934,31126,2,1
15564,83,308.4,595.3,934,31128,2,1
15565,83,308.6,595.1,935,31130,2,1
15566,83,308.9,594.7,935,31132,2,1
15567,83,309.3,594.2,935,31134,2,1
15568,83,309.8,593.5,935,31136,2,1
15569,83,310.3,592.9,935,31138,2,1
15570,83,311.1,592.3,935,31140,2,1
15571,83,311.5,592.7,935,31142,2,1
15572,83,311.7,593.3,935,31144,2,1
15573,83,311.6,593.8,935,31146,2,1
15574,83,311.4,594.4,935,31148,2,1
15575,83,311.2,595,935,31150,2,1
15576,83,311,595.6,935,31152,2,1
15577,83,310.8,596.2,935,31154,2,1
15578,83,310.6,596,935,31156,2,1
15579,83,310.4,595.7,935,31158,2,1
15580,83,310.1,595.4,935,31160,2,1
15581,83,309.8,595,935,31162,2,1
15582,83,309.5,594.9,936,31164,2,1
15583,83,309,594.9,936,31166,2,1
15584,83,308.5,594.7,936,31168,2,1
15585,83,308,594.5,936,31170,2,1
15586,83,307.9,594,936,31172,2,1
15587,83,307.9,593.5,936,31174,2,1
15588,83,308.2,593.2,936,31176,2,1
15589,83,308.3,592.7,936,31178,2,1
15590,83,308.6,592.2,936,31180,2,1
15591,83,308.9,592,936,31182,2,1
15592,83,309.2,591.8,936,31184,2,1
15593,83,310,592.4,936,31186,2,1
15594,83,310.7,593,936,31188,2,1
15595,83,311.3,593.4,936,31190,2,1
15596,83,311.8,593.4,936,31192,2,1
15597,83,312.2,593.4,936,31194,2,1
15598,83,312.7,593.3,936,31196,2,1
15599,83,313.1,593.1,937,31198,2,1
15600,83,313.1,592.8,937,31200,2,1
15601,83,312.9,592.4,937,31202,2,1
15602,83,312.7,592.1,937,31204,2,1
15603,83,312.5,592.3,937,31206,2,1
15604,83,312.5,592.7,937,31208,2,1
15605,83,312.6,593.1,937,31210,2,1
15606,83,312.7,593.5,937,31212,2,1
15607,83,312.9,594,937,31214,2,1
15608,83,313.1,594.4,937,31216,2,1
15609,83,313.3,594.6,937,31218,2,1
15610,83,313.7,594.7,937,31220,2,1
15611,83,314.4,594.5,937,31222,2,1
15612,83,315.1,594.2,937,31224,2,1
15613,83,315.9,593.9,937,31226,2,1
15614,83,316.8,593.8,937,31228,2,1
15615,83,317.3,593.5,937,31230,2,1
15616,83,317.7,593.3,938,31232,2,1
15617,83,318,593.1,938,31234,2,1
15618,83,317.8,593,938,31236,2,1
15619,83,317.6,593,938,31238,2,1
15620,83,317.5,592.8,938,31240,2,1
15621,83,317.5,592.5,938,31242,2,1
15622,83,317.5,592.1,938,31244,2,1
15623,83,317.5,591.7,938,31246,2,1
15624,83,317.6,591.4,938,31248,2,1
15625,83,317.7,591.1,938,31250,2,1
15626,83,317.9,590.9,938,31252,2,1
15627,83,317.9,591,938,31254,2,1
15628,83,317.8,591.1,938,31256,2,1
15629,83,317.7,591.4,938,31258,2,1
15630,83,317.6,591.9,938,31260,2,1
15631,83,317.5,592.3,938,31262,2,1
15632,83,317.3,593,939,31264,2,1
15633,83,317,593.8,939,31266,2,1
15634,83,316.5,594.6,939,31268,2,1
15635,83,316.1,595.4,939,31270,2,1
15636,83,315.6,595.4,939,31272,2,1
15637,83,315,595,939,31274,2,1
15638,83,314.5,594.7,939,31276,2,1
15639,83,314.1,594.1,939,31278,2,1
15640,83,313.9,593.5,939,31280,2,1
15641,83,313.8,592.9,939,31282,2,1
15642,83,313.9,592.3,939,31284,2,1
15643,83,313.9,592.2,939,31286,2,1
15644,83,314,592.2,939,31288,2,1
15645,83,314,592,939,31290,2,1
15646,83,314.2,591.5,939,31292,2,1
15647,83,314.4,591.1,939,31294,2,1
15648,83,314.7,590.8,939,31296,2,1
15649,83,315.1,590.9,940,31298,2,1
15650,83,315.4,591,940,31300,2,1
15651,83,315.8,591,940,31302,2,1
15652,83,316.2,591,940,31304,2,1
15653,83,316.4,591,940,31306,2,1
15654,83,316.4,591,940,31308,2,1
15655,83,316.4,591.1,940,31310,2,1
15656,83,316.2,590.7,940,31312,2,1
15657,83,316.1,590.4,940,31314,2,1
15658,83,316.2,590.2,940,31316,2,1
15659,83,316.3,590.4,940,31318,2,1
15660,83,316.4,590.9,940,31320,2,1
15661,83,316.6,591.4,940,31322,2,1
15662,83,316.9,591.9,940,31324,2,1
15663,83,317.2,592.3,940,31326,2,1
15664,83,317.6,592.2,940,31328,2,1
15665,83,317.8,592.1,941,31330,2,1
15666,83,318.1,591.9,941,31332,2,1
15667,83,318.3,591.8,941,31334,2,1
15668,83,318.5,591.7,941,31336,2,1
15669,83,318.3,591.6,941,31338,2,1
15670,83,318.1,591.2,941,31340,2,1
15671,83,317.8,591.2,941,31342,2,1
15672,83,317,591.2,941,31344,2,1
15673,83,316.3,591.2,941,31346,2,1
15674,83,315.6,591.1,941,31348,2,1
15675,83,314.9,590.9,941,31350,2,1
15676,83,314.8,590.7,941,31352,2,1
15677,83,314.8,590.6,941,31354,2,1
15678,83,314.7,590.5,941,31356,2,1
15679,83,314.7,590.5,941,31358,2,1
15680,83,314.8,590.5,941,31360,2,1
15681,83,314.8,590.7,941,31362,2,1
15682,83,314.8,591,942,31364,2,1
15683,83,314.6,591.4,942,31366,2,1
15684,83,314.2,591.8,942,31368,2,1
15685,83,313.8,592,942,31370,2,1
15686,83,313.6,592.1,942,31372,2,1
15687,83,313.4,592.1,942,31374,2,1
15688,83,313.5,591.8,942,31376,2,1
15689,83,315.1,591.3,942,31378,2,1
15690,83,317.2,590.9,942,31380,2,1
15691,83,321.5,590.4,942,31382,2,1
15692,83,328.8,589.6,942,31384,2,1
15693,83,339.2,588.6,942,31386,2,1
15694,83,353,586.8,942,31388,2,1
15695,83,370.6,583.7,942,31390,2,1
15696,83,389.8,580.1,942,31392,2,1
15697,83,411.9,576.3,942,31394,2,1
15698,83,434.3,572.5,942,31396,2,1
15699,83,456.2,569.1,943,31398,2,1
15700,83,476.1,566,943,31400,2,1
15701,83,495,563.9,943,31402,2,1
15702,83,510.9,563.1,943,31404,2,1
15703,83,525.4,562.9,943,31406,2,1
15704,83,538.5,563.5,943,31408,2,1
15705,83,550.8,564.2,943,31410,2,1
15706,83,562,565,943,31412,2,1
15707,83,572.6,565.9,943,31414,2,1
15708,83,580.9,566.7,943,31416,2,1
15709,83,588,567.4,943,31418,2,1
15710,83,593.3,568,943,31420,2,1
15711,83,596.5,568,943,31422,2,1
15712,83,598.3,568.2,943,31424,2,1
15713,83,598.8,568.4,943,31426,2,1
15714,83,598.8,568.5,943,31428,2,1
15715,83,599.5,568.3,944,31430,2,1
15716,83,600.2,568,944,31432,2,1
15717,83,601,567.5,944,31434,2,1
15718,83,601.9,566.9,944,31436,2,1
15719,83,602.8,566.4,944,31438,2,1
15720,83,603.6,566.1,944,31440,2,1
15721,83,604.4,565.8,944,31442,2,1
15722,83,604.4,565.7,944,31444,2,1
15723,83,604.5,565.7,944,31446,2,1
15724,83,604.3,565.7,944,31448,2,1
15725,83,604.1,565.8,944,31450,2,1
15726,83,603.9,565.9,944,31452,2,1
15727,83,603.7,566.2,944,31454,2,1
15728,83,603.5,566.4,944,31456,2,1
15729,83,603.3,567.2,944,31458,2,1
15730,83,603.2,567.9,944,31460,2,1
15731,83,603.2,568.4,944,31462,2,1
15732,83,603.3,568.8,945,31464,2,1
15733,83,603.3,569.4,945,31466,2,1
15734,83,603.4,570,945,31468,2,1
15735,83,603.3,570.6,945,31470,2,1
15736,83,603.2,570.7,945,31472,2,1
15737,83,603.1,570.9,945,31474,2,1
15738,83,602.9,571,945,31476,2,1
15739,83,602.6,571,945,31478,2,1
15740,83,602.3,570.9,945,31480,2,1
15741,83,602,570.6,945,31482,2,1
15742,83,601.9,570.2,945,31484,2,1
15743,83,601.7,570,945,31486,2,1
15744,83,601.8,569.9,945,31488,2,1
15745,83,602.1,569.8,945,31490,2,1
15746,83,603.3,569.9,945,31492,2,1
15747,83,604.5,570.1,945,31494,2,1
15748,83,605.5,569.5,945,31496,2,1
15749,83,606.3,569,946,31498,2,1
15750,83,607,568.4,946,31500,2,1
15751,83,607.3,567.7,946,31502,2,1
15752,83,607.4,567,946,31504,2,1
15753,83,606.8,566.4,946,31506,2,1
15754,83,606.2,565.8,946,31508,2,1
15755,83,605.9,566.1,946,31510,2,1
15756,83,606,566.3,946,31512,2,1
15757,83,606.2,566.4,946,31514,2,1
15758,83,606.6,566.5,946,31516,2,1
15759,83,606.8,566.5,946,31518,2,1
15760,83,607,566.5,946,31520,2,1
15761,83,607.1,566.2,946,31522,2,1
15762,83,607.1,566,946,31524,2,1
15763,83,607,565.8,946,31526,2,1
15764,83,606.9,565.8,946,31528,2,1
15765,83,607,565.7,946,31530,2,1
15766,83,607.1,565.6,947,31532,2,1
15767,83,607.3,565.5,947,31534,2,1
15768,83,607.7,565.4,947,31536,2,1
15769,83,608.3,565.2,947,31538,2,1
15770,83,608.9,565,947,31540,2,1
15771,83,609.4,565,947,31542,2,1
15772,83,609.9,565.1,947,31544,2,1
15773,83,610.2,565.5,947,31546,2,1
15774,83,610.3,566,947,31548,2,1
15775,83,610.3,566.6,947,31550,2,1
15776,83,609.9,567.4,947,31552,2,1
15777,83,609.6,568.2,947,31554,2,1
15778,83,609.3,568.9,947,31556,2,1
15779,83,609.1,569.4,947,31558,2,1
15780,83,609,569.7,947,31560,2,1
15781,83,609,569.9,947,31562,2,1
15782,83,608.9,570.2,948,31564,2,1
15783,83,608.9,570,948,31566,2,1
15784,83,608.9,569.9,948,31568,2,1
15785,83,608.9,569.6,948,31570,2,1
15786,83,608.7,569.2,948,31572,2,1
15787,83,608.5,568.8,948,31574,2,1
15788,83,608.4,568.6,948,31576,2,1
15789,83,608.4,568.5,948,31578,2,1
15790,83,608.4,568.4,948,31580,2,1
15791,83,608.5,568.4,948,31582,2,1
15792,83,608.7,568.4,948,31584,2,1
15793,83,609,568.5,948,31586,2,1
15794,83,609.3,568.4,948,31588,2,1
15795,83,609.7,568.1,948,31590,2,1
15796,83,610.2,567.6,948,31592,2,1
15797,83,610.6,567.1,948,31594,2,1
15798,83,611,566.8,948,31596,2,1
15799,83,611,567.1,949,31598,2,1
15800,83,611.1,567.4,949,31600,2,1
15801,83,611.1,567.7,949,31602,2,1
15802,83,611.2,568.1,949,31604,2,1
15803,83,611.1,568.6,949,31606,2,1
15804,83,610.9,569.1,949,31608,2,1
15805,83,610.3,569.4,949,31610,2,1
15806,83,609.8,569.3,949,31612,2,1
15807,83,609.3,568.9,949,31614,2,1
15808,83,608.7,568.3,949,31616,2,1
15809,83,608.1,567.8,949,31618,2,1
15810,83,607.5,567.3,949,31620,2,1
15811,83,607,567,949,31622,2,1
15812,83,606.9,567.2,949,31624,2,1
15813,83,606.9,567.3,949,31626,2,1
15814,83,606.9,567.5,949,31628,2,1
15815,83,606.9,567.9,949,31630,2,1
15816,83,606.9,568.3,950,31632,2,1
15817,83,606.9,568.6,950,31634,2,1
15818,83,607,568.8,950,31636,2,1
15819,83,607.2,568.4,950,31638,2,1
15820,83,607.5,568,950,31640,2,1
15821,83,607.7,567.6,950,31642,2,1
15822,83,607.9,567.4,950,31644,2,1
15823,83,608.2,567.2,950,31646,2,1
15824,83,608.5,567,950,31648,2,1
15825,83,608.8,567.4,950,31650,2,1
15826,83,608.8,567.8,950,31652,2,1
15827,83,608.9,568.1,950,31654,2,1
15828,83,609.1,568.6,950,31656,2,1
15829,83,609.3,568.9,950,31658,2,1
15830,83,609.4,569,950,31660,2,1
15831,83,609.3,569.1,950,31662,2,1
15832,83,609.2,568.7,951,31664,2,1
15833,83,609,568.5,951,31666,2,1
15834,83,608.7,568.5,951,31668,2,1
15835,83,608.5,568.4,951,31670,2,1
15836,83,608.4,568.4,951,31672,2,1
15837,83,608.4,568.4,951,31674,2,1
15838,83,608.6,568.3,951,31676,2,1
15839,83,608.8,568,951,31678,2,1
15840,83,609.2,567.4,951,31680,2,1
15841,83,609.4,566.6,951,31682,2,1
15842,83,609.6,565.9,951,31684,2,1
15843,83,609.5,565.3,951,31686,2,1
15844,83,609.4,565,951,31688,2,1
15845,83,609.3,564.8,951,31690,2,1
15846,83,609.2,564.8,951,31692,2,1
15847,83,609.1,564.9,951,31694,2,1
15848,83,609.2,564.9,951,31696,2,1
15849,83,609.3,564.9,952,31698,2,1
15850,83,609.4,564.7,952,31700,2,1
15851,83,609.5,564.3,952,31702,2,1
15852,83,609.5,564,952,31704,2,1
15853,83,609.5,563.7,952,31706,2,1
15854,83,609.5,563.5,952,31708,2,1
15855,83,609.2,563,952,31710,2,1
15856,83,608.7,562.8,952,31712,2,1
15857,83,608.2,562.6,952,31714,2,1
15858,83,607.8,562.5,952,31716,2,1
15859,83,607.4,562.5,952,31718,2,1
15860,83,607,562.6,952,31720,2,1
15861,83,606.6,562.8,952,31722,2,1
15862,83,606.3,563.2,952,31724,2,1
15863,83,605.8,563.6,952,31726,2,1
15864,83,605.4,563.8,952,31728,2,1
15865,83,605,564,952,31730,2,1
15866,83,604.7,564.1,953,31732,2,1
15867,83,604.5,564,953,31734,2,1
15868,83,604.6,563.6,953,31736,2,1
15869,83,604.8,563.2,953,31738,2,1
15870,83,605.3,562.8,953,31740,2,1
15871,83,605.8,562.5,953,31742,2,1
15872,83,606.1,562.1,953,31744,2,1
15873,83,606.4,562.3,953,31746,2,1
15874,83,606.6,562.5,953,31748,2,1
15875,83,606.4,563,953,31750,2,1
15876,83,606.2,563.3,953,31752,2,1
15877,83,605.9,563.4,953,31754,2,1
15878,83,605.6,562.8,953,31756,2,1
15879,83,605.2,562.1,953,31758,2,1
15880,83,604.9,561.1,953,31760,2,1
15881,83,604.6,560.3,953,31762,2,1
15882,83,604.3,559.5,954,31764,2,1
15883,83,604,559,954,31766,2,1
15884,83,603.6,558.8,954,31768,2,1
15885,83,603,559.1,954,31770,2,1
15886,83,602.2,559.5,954,31772,2,1
15887,83,601.4,560.1,954,31774,2,1
15888,83,600.6,560.5,954,31776,2,1
15889,83,599.9,560.9,954,31778,2,1
15890,83,599.3,561.1,954,31780,2,1
15891,83,599,561,954,31782,2,1
15892,83,598.9,560.8,954,31784,2,1
15893,83,599.2,560.6,954,31786,2,1
15894,83,599.5,560.1,954,31788,2,1
15895,83,599.7,559.6,954,31790,2,1
15896,83,600,559.1,954,31792,2,1
15897,83,600.1,558.7,954,31794,2,1
15898,83,600.1,558.5,954,31796,2,1
15899,83,599.9,558.4,955,31798,2,1
15900,83,599.7,558.5,955,31800,2,1
15901,83,599.5,558.7,955,31802,2,1
15902,83,599,559,955,31804,2,1
15903,83,598.4,559.6,955,31806,2,1
15904,83,597.9,561.1,955,31808,2,1
15905,83,597.4,564,955,31810,2,1
15906,83,597.2,566.9,955,31812,2,1
15907,83,596.9,571.7,955,31814,2,1
15908,83,597.8,578,955,31816,2,1
15909,83,598.9,585.9,955,31818,2,1
15910,83,599.9,593.7,955,31820,2,1
15911,83,600.7,600.5,955,31822,2,1
15912,83,601.5,605.6,955,31824,2,1
15913,83,602.3,610.5,955,31826,2,1
15914,83,603.1,612.3,955,31828,2,1
15915,83,602.7,612.5,955,31830,2,1
15916,83,602.6,610.7,956,31832,2,1
15917,83,602.5,609,956,31834,2,1
15918,83,602.7,607.5,956,31836,2,1
15919,83,603,606.8,956,31838,2,1
15920,83,603.1,606.9,956,31840,2,1
15921,83,603.2,608.1,956,31842,2,1
15922,83,603.2,609.4,956,31844,2,1
15923,83,603,611.3,956,31846,2,1
15924,83,602.8,613.1,956,31848,2,1
15925,83,602.7,614.7,956,31850,2,1
15926,83,602.4,615.8,956,31852,2,1
15927,83,602.2,616.1,956,31854,2,1
15928,83,602,616.5,956,31856,2,1
15929,83,601.9,616.5,956,31858,2,1
15930,83,601.8,616.1,956,31860,2,1
15931,83,601.8,615.7,956,31862,2,1
15932,83,601.8,615.3,957,31864,2,1
15933,83,601.7,614.9,957,31866,2,1
15934,83,601.9,614.5,957,31868,2,1
15935,83,601.9,614.1,957,31870,2,1
15936,83,602,613.7,957,31872,2,1
15937,83,602,613.2,957,31874,2,1
15938,83,602.1,613.2,957,31876,2,1
15939,83,602.2,613.3,957,31878,2,1
15940,83,602.3,613.4,957,31880,2,1
15941,83,602.4,613.8,957,31882,2,1
15942,83,602.5,614.1,957,31884,2,1
15943,83,602.6,614.4,957,31886,2,1
15944,83,602.7,614.7,957,31888,2,1
15945,83,602.9,614.9,957,31890,2,1
15946,83,602.8,615.1,957,31892,2,1
15947,83,602.7,615.4,957,31894,2,1
15948,83,602.6,615.6,957,31896,2,1
15949,83,602.6,615.6,958,31898,2,1
15950,83,602.7,615.6,958,31900,2,1
15951,83,602.8,615.4,958,31902,2,1
15952,83,602.9,615.2,958,31904,2,1
15953,83,603.1,615.1,958,31906,2,1
15954,83,603.4,614.8,958,31908,2,1
15955,83,603.6,614.5,958,31910,2,1
15956,83,603.6,614.3,958,31912,2,1
15957,83,603.2,614.2,958,31914,2,1
15958,83,602.8,614.5,958,31916,2,1
15959,83,602.4,614.6,958,31918,2,1
15960,83,601.8,614.4,958,31920,2,1
15961,83,601.3,614.3,958,31922,2,1
15962,83,601.1,614.3,958,31924,2,1
15963,83,601,614.4,958,31926,2,1
15964,83,601.1,614.5,958,31928,2,1
15965,83,601.2,614.7,958,31930,2,1
15966,83,601.4,614.7,959,31932,2,1
15967,83,601.8,615.1,959,31934,2,1
15968,83,602.3,615.3,959,31936,2,1
15969,83,602.7,615.5,959,31938,2,1
15970,83,603.1,615.6,959,31940,2,1
15971,83,603.8,615.5,959,31942,2,1
15972,83,604.5,615.5,959,31944,2,1
15973,83,605,615.5,959,31946,2,1
15974,83,605.2,615.7,959,31948,2,1
15975,83,605.3,616.2,959,31950,2,1
15976,83,605.4,616.4,959,31952,2,1
15977,83,605.4,616.9,959,31954,2,1
15978,83,605.2,617.4,959,31956,2,1
15979,83,605,617.8,959,31958,2,1
15980,83,605,618.1,959,31960,2,1
15981,83,605.3,618.2,959,31962,2,1
15982,83,605.6,618.2,960,31964,2,1
15983,83,605.9,618.1,960,31966,2,1
15984,83,606.1,618,960,31968,2,1
15985,83,606.4,618,960,31970,2,1
15986,83,606.6,618,960,31972,2,1
15987,83,606.8,618,960,31974,2,1
15988,83,606.8,617.9,960,31976,2,1
15989,83,606.8,617.7,960,31978,2,1
15990,83,606.8,617.5,960,31980,2,1
15991,83,606.8,617.2,960,31982,2,1
15992,83,606.8,617,960,31984,2,1
15993,83,606.8,616.8,960,31986,2,1
15994,83,606.8,617,960,31988,2,1
15995,83,606.8,617.1,960,31990,2,1
15996,83,606.8,617.3,960,31992,2,1
15997,83,606.7,617.7,960,31994,2,1
15998,83,606.6,618.1,960,31996,2,1
15999,83,606.6,618.5,961,31998,2,1
16000,83,606.4,618.7,961,32000,2,1
16001,83,606.3,618.9,961,32002,2,1
16002,83,606.2,619.1,961,32004,2,1
16003,83,606.2,619.3,961,32006,2,1
16004,83,606.3,619.5,961,32008,2,1
16005,83,606.4,619.7,961,32010,2,1
16006,83,606.4,619.9,961,32012,2,1
16007,83,606.5,620.2,961,32014,2,1
16008,83,606.7,620.5,961,32016,2,1
16009,83,607,620.6,961,32018,2,1
16010,83,607.2,620.8,961,32020,2,1
16011,83,607.4,621.2,961,32022,2,1
16012,83,607.7,621.6,961,32024,2,1
16013,83,608,622.1,961,32026,2,1
16014,83,608.3,622.4,961,32028,2,1
16015,83,608.8,622.6,961,32030,2,1
16016,83,609.1,622.9,962,32032,2,1
16017,83,609.4,623.1,962,32034,2,1
16018,83,609.6,623.3,962,32036,2,1
16019,83,609.2,623.5,962,32038,2,1
16020,83,608.7,623.6,962,32040,2,1
16021,83,608.2,623.7,962,32042,2,1
16022,83,607.7,623.9,962,32044,2,1
16023,83,607.3,624.1,962,32046,2,1
16024,83,607,624.3,962,32048,2,1
16025,83,606.9,624.4,962,32050,2,1
16026,83,607.4,624.6,962,32052,2,1
16027,83,607.9,624.9,962,32054,2,1
16028,83,608.6,625.4,962,32056,2,1
16029,83,609.3,625.9,962,32058,2,1
16030,83,609.8,626.4,962,32060,2,1
16031,83,610.3,626.8,962,32062,2,1
16032,83,610.7,627.3,963,32064,2,1
16033,83,610.9,628,963,32066,2,1
16034,83,611.1,628.6,963,32068,2,1
16035,83,611.1,629,963,32070,2,1
16036,83,611.1,629.3,963,32072,2,1
16037,83,611,629.6,963,32074,2,1
16038,83,610.9,629.9,963,32076,2,1
16039,83,610.7,630.1,963,32078,2,1
16040,83,610.5,630.1,963,32080,2,1
16041,83,610.2,630.2,963,32082,2,1
16042,83,610,630.5,963,32084,2,1
16043,83,610,631,963,32086,2,1
16044,83,610,631.5,963,32088,2,1
16045,83,610,632,963,32090,2,1
16046,83,610.1,632.6,963,32092,2,1
16047,83,610.2,633.1,963,32094,2,1
16048,83,610.4,633.5,963,32096,2,1
16049,83,610.5,633.8,964,32098,2,1
16050,83,610.6,633.6,964,32100,2,1
16051,83,610.6,633.4,964,32102,2,1
16052,83,610.6,633.1,964,32104,2,1
16053,83,610.6,632.8,964,32106,2,1
16054,83,610.7,632.4,964,32108,2,1
16055,83,611.1,632,964,32110,2,1
16056,83,611.6,631.8,964,32112,2,1
16057,83,612.1,631.9,964,32114,2,1
16058,83,612.5,632.5,964,32116,2,1
16059,83,612.8,633.1,964,32118,2,1
16060,83,613,633.6,964,32120,2,1
16061,83,612.9,634.1,964,32122,2,1
16062,83,611.5,634.7,964,32124,2,1
16063,83,608.3,635.1,964,32126,2,1
16064,83,601.3,633.2,964,32128,2,1
16065,83,592.8,629.9,964,32130,2,1
16066,83,580.5,624,965,32132,2,1
16067,83,564.4,616.9,965,32134,2,1
16068,83,545.9,606.3,965,32136,2,1
16069,83,524.2,593.9,965,32138,2,1
16070,83,500.7,580.7,965,32140,2,1
16071,83,478.1,567.7,965,32142,2,1
16072,83,454.5,555.8,965,32144,2,1
16073,83,431.1,544.7,965,32146,2,1
16074,83,408.9,533.1,965,32148,2,1
16075,83,386.2,525.3,965,32150,2,1
16076,83,364,518.5,965,32152,2,1
16077,83,342.8,512.8,965,32154,2,1
16078,83,321.3,509.2,965,32156,2,1
16079,83,299.8,505.6,965,32158,2,1
16080,83,279.4,503.6,965,32160,2,1
16081,83,261,503.5,965,32162,2,1
16082,83,245.6,503.4,966,32164,2,1
16083,83,234,504.1,966,32166,2,1
16084,83,225.1,504.5,966,32168,2,1
16085,83,219.7,504.3,966,32170,2,1
16086,83,217.2,503.8,966,32172,2,1
16087,83,217,502.7,966,32174,2,1
16088,83,217.7,501.4,966,32176,2,1
16089,83,218.5,500.1,966,32178,2,1
16090,83,219.3,498.9,966,32180,2,1
16091,83,219.8,497.6,966,32182,2,1
16092,83,219.9,496.6,966,32184,2,1
16093,83,218.8,496,966,32186,2,1
16094,83,217.6,496,966,32188,2,1
16095,83,216.4,496.8,966,32190,2,1
16096,83,215.3,497.7,966,32192,2,1
16097,83,214.1,498.8,966,32194,2,1
16098,83,213.1,499.8,966,32196,2,1
16099,83,212.1,501,967,32198,2,1
16100,83,211.9,501.7,967,32200,2,1
16101,83,211.7,502.2,967,32202,2,1
16102,83,211,502,967,32204,2,1
16103,83,210.6,501.8,967,32206,2,1
16104,83,210.2,501.5,967,32208,2,1
16105,83,210.3,501.1,967,32210,2,1
16106,83,210.3,500.5,967,32212,2,1
16107,83,210.5,499.4,967,32214,2,1
16108,83,210.7,498.4,967,32216,2,1
16109,83,211.3,497.4,967,32218,2,1
16110,83,211.7,496.5,967,32220,2,1
16111,83,212.3,495.9,967,32222,2,1
16112,83,212.4,495.5,967,32224,2,1
16113,83,212.4,495.4,967,32226,2,1
16114,83,212.2,496.4,967,32228,2,1
16115,83,212.1,497.5,967,32230,2,1
16116,83,211.9,498.5,968,32232,2,1
16117,83,211.9,499.2,968,32234,2,1
16118,83,211.8,499.8,968,32236,2,1
16119,83,211.9,500.4,968,32238,2,1
16120,83,212.1,501,968,32240,2,1
16121,83,212.4,500.8,968,32242,2,1
16122,83,212.7,500.6,968,32244,2,1
16123,83,213.1,500.3,968,32246,2,1
16124,83,213.3,499.9,968,32248,2,1
16125,83,213.5,499.3,968,32250,2,1
16126,83,213.6,498.9,968,32252,2,1
16127,83,213.6,498.6,968,32254,2,1
16128,83,213.6,498.3,968,32256,2,1
16129,83,213.7,498.2,968,32258,2,1
16130,83,213.7,498.2,968,32260,2,1
16131,83,213.6,498.2,968,32262,2,1
16132,83,213.5,498.6,969,32264,2,1
16133,83,213.5,498.7,969,32266,2,1
16134,83,213.8,498.7,969,32268,2,1
16135,83,213.9,498.6,969,32270,2,1
16136,83,214.2,498.7,969,32272,2,1
16137,83,213.9,498.8,969,32274,2,1
16138,83,213.7,499,969,32276,2,1
16139,83,213.6,499.2,969,32278,2,1
16140,83,213.7,499.4,969,32280,2,1
16141,83,213.9,499.7,969,32282,2,1
16142,83,214,499.8,969,32284,2,1
16143,83,214.1,499.8,969,32286,2,1
16144,83,214.7,499.7,969,32288,2,1
16145,83,215.3,499.5,969,32290,2,1
16146,83,215.9,499.4,969,32292,2,1
16147,83,216.2,499.3,969,32294,2,1
16148,83,216,499.2,969,32296,2,1
16149,83,215.8,499,970,32298,2,1
16150,83,215.7,498.7,970,32300,2,1
16151,83,215.4,498.3,970,32302,2,1
16152,83,215.1,498,970,32304,2,1
16153,83,215,498,970,32306,2,1
16154,83,215,497.9,970,32308,2,1
16155,83,215.1,498,970,32310,2,1
16156,83,215.2,499,970,32312,2,1
16157,83,215.3,500,970,32314,2,1
16158,83,215.7,501,970,32316,2,1
16159,83,216.1,501.8,970,32318,2,1
16160,83,216.6,502.4,970,32320,2,1
16161,83,217,502.7,970,32322,2,1
16162,83,217.4,502.9,970,32324,2,1
16163,83,217.8,502.2,970,32326,2,1
16164,83,218.1,501.6,970,32328,2,1
16165,83,218.2,500.8,970,32330,2,1
16166,83,218.4,500.4,971,32332,2,1
16167,83,218.5,500.2,971,32334,2,1
16168,83,218.3,500.6,971,32336,2,1
16169,83,218,501,971,32338,2,1
16170,83,217.7,501.4,971,32340,2,1
16171,83,217.5,501.9,971,32342,2,1
16172,83,217.4,502.6,971,32344,2,1
16173,83,217.1,503.3,971,32346,2,1
16174,83,217,503.9,971,32348,2,1
16175,83,216.9,504.1,971,32350,2,1
16176,83,217.2,504.2,971,32352,2,1
16177,83,217.4,504.3,971,32354,2,1
16178,83,217.5,504.4,971,32356,2,1
16179,83,217.4,504.3,971,32358,2,1
16180,83,217.4,504,971,32360,2,1
16181,83,217.3,503.5,971,32362,2,1
16182,83,217.3,503.1,972,32364,2,1
16183,83,217.2,502.6,972,32366,2,1
16184,83,217.2,502.2,972,32368,2,1
16185,83,217,501.7,972,32370,2,1
16186,83,216.8,501,972,32372,2,1
16187,83,216.7,500.3,972,32374,2,1
16188,83,216.7,499.8,972,32376,2,1
16189,83,216.7,499.5,972,32378,2,1
16190,83,216.6,499.3,972,32380,2,1
16191,83,216.5,499.1,972,32382,2,1
16192,83,216.5,498.9,972,32384,2,1
16193,83,216.4,499,972,32386,2,1
16194,83,215.9,499.3,972,32388,2,1
16195,83,215.4,499.6,972,32390,2,1
16196,83,214.9,499.8,972,32392,2,1
16197,83,214.1,500.1,972,32394,2,1
16198,83,213.4,500.4,972,32396,2,1
16199,83,212.9,501.1,973,32398,2,1
16200,83,212.6,501.8,973,32400,2,1
16201,83,212.8,502.4,973,32402,2,1
16202,83,213,503.3,973,32404,2,1
16203,83,213.3,504.4,973,32406,2,1
16204,83,213.9,505.5,973,32408,2,1
16205,83,214.1,506.2,973,32410,2,1
16206,83,214.2,506.7,973,32412,2,1
16207,83,214,506.8,973,32414,2,1
16208,83,213.6,507,973,32416,2,1
16209,83,213.2,507,973,32418,2,1
16210,83,212.9,506.9,973,32420,2,1
16211,83,212.6,506.7,973,32422,2,1
16212,83,212.4,506.8,973,32424,2,1
16213,83,212.3,506.9,973,32426,2,1
16214,83,212.3,507.3,973,32428,2,1
16215,83,212.3,507.5,973,32430,2,1
16216,83,212.2,507.7,974,32432,2,1
16217,83,212,507.9,974,32434,2,1
16218,83,211.7,508.1,974,32436,2,1
16219,83,211.4,508.3,974,32438,2,1
16220,83,211.3,508.6,974,32440,2,1
16221,83,211.2,508.9,974,32442,2,1
16222,83,211.2,508.7,974,32444,2,1
16223,83,211.1,508.4,974,32446,2,1
16224,83,211.1,508,974,32448,2,1
16225,83,211.1,507.7,974,32450,2,1
16226,83,211.3,507.5,974,32452,2,1
16227,83,211.4,507.3,974,32454,2,1
16228,83,211.5,507.4,974,32456,2,1
16229,83,211.5,507.3,974,32458,2,1
16230,83,211.4,507.3,974,32460,2,1
16231,83,211.3,507.4,974,32462,2,1
16232,83,211.2,507.5,975,32464,2,1
16233,83,211.3,507.6,975,32466,2,1
16234,83,211.5,507.7,975,32468,2,1
16235,83,211.5,507.7,975,32470,2,1
16236,83,211.4,507.8,975,32472,2,1
16237,83,211,508,975,32474,2,1
16238,83,210.7,508.3,975,32476,2,1
16239,83,210.4,508.8,975,32478,2,1
16240,83,210.8,509.1,975,32480,2,1
16241,83,211.2,509.2,975,32482,2,1
16242,83,211.8,508.8,975,32484,2,1
16243,83,212.5,508.3,975,32486,2,1
16244,83,213.3,507.5,975,32488,2,1
16245,83,214,506.7,975,32490,2,1
16246,83,214.7,505.6,975,32492,2,1
16247,83,214.4,504.6,975,32494,2,1
16248,83,214.1,503.9,975,32496,2,1
16249,83,213.8,504.1,976,32498,2,1
16250,83,213.5,504.6,976,32500,2,1
16251,83,213.3,505.2,976,32502,2,1
16252,83,213.1,505.9,976,32504,2,1
16253,83,212.8,506.7,976,32506,2,1
16254,83,212.7,507.6,976,32508,2,1
16255,83,212.4,508.1,976,32510,2,1
16256,83,212.1,508.5,976,32512,2,1
16257,83,211.7,508.4,976,32514,2,1
16258,83,211.3,508.5,976,32516,2,1
16259,83,210.9,508.6,976,32518,2,1
16260,83,210.5,508.6,976,32520,2,1
16261,83,210.5,508.7,976,32522,2,1
16262,83,210.6,508.8,976,32524,2,1
16263,83,210.8,508.8,976,32526,2,1
16264,83,210.8,508.7,976,32528,2,1
16265,83,210.9,508.5,976,32530,2,1
16266,83,211,508.3,977,32532,2,1
16267,83,211.3,508.3,977,32534,2,1
16268,83,211.5,508.3,977,32536,2,1
16269,83,211.7,508.8,977,32538,2,1
16270,83,212,509.3,977,32540,2,1
16271,83,212.4,510,977,32542,2,1
16272,83,212.9,509.9,977,32544,2,1
16273,83,213.4,509.8,977,32546,2,1
16274,83,213.8,509.7,977,32548,2,1
16275,83,214.3,509.6,977,32550,2,1
16276,83,214.7,509,977,32552,2,1
16277,83,214.9,508.3,977,32554,2,1
16278,83,215,507.7,977,32556,2,1
16279,83,215.1,507.7,977,32558,2,1
16280,83,215.1,507.5,977,32560,2,1
16281,83,215,507.5,977,32562,2,1
16282,83,215.1,507.5,978,32564,2,1
16283,83,215.1,508.2,978,32566,2,1
16284,83,215.2,508.9,978,32568,2,1
16285,83,215.3,509.6,978,32570,2,1
16286,83,215.4,510.4,978,32572,2,1
16287,83,215.4,511.1,978,32574,2,1
16288,83,215.5,511.6,978,32576,2,1
16289,83,215.6,512.1,978,32578,2,1
16290,83,215.7,511.9,978,32580,2,1
16291,83,215.6,511.8,978,32582,2,1
16292,83,215.5,511.6,978,32584,2,1
16293,83,215.3,511.4,978,32586,2,1
16294,83,215.1,511.2,978,32588,2,1
16295,83,214.8,510.8,978,32590,2,1
16296,83,214.6,510.5,978,32592,2,1
16297,83,214.4,510.3,978,32594,2,1
16298,83,214.4,510.2,978,32596,2,1
16299,83,214.5,510,979,32598,2,1
16300,83,214.7,509.9,979,32600,2,1
16301,83,214.9,509.8,979,32602,2,1
16302,83,215.4,509.9,979,32604,2,1
16303,83,215.9,509.9,979,32606,2,1
16304,83,216.3,510,979,32608,2,1
16305,83,216.7,510,979,32610,2,1
16306,83,217,509.9,979,32612,2,1
16307,83,217.3,509.4,979,32614,2,1
16308,83,217.3,508.9,979,32616,2,1
16309,83,217.3,508.4,979,32618,2,1
16310,83,217.3,507.9,979,32620,2,1
16311,83,217.3,507.3,979,32622,2,1
16312,83,217.3,506.9,979,32624,2,1
16313,83,217.4,506.6,979,32626,2,1
16314,83,217.4,506.7,979,32628,2,1
16315,83,217.6,507,979,32630,2,1
16316,83,218.2,507.7,980,32632,2,1
16317,83,218.6,508.6,980,32634,2,1
16318,83,219.1,509.4,980,32636,2,1
16319,83,219.6,510.1,980,32638,2,1
16320,83,220.1,510.7,980,32640,2,1
16321,83,220.1,511.1,980,32642,2,1
16322,83,220,511.1,980,32644,2,1
16323,83,219.7,510.7,980,32646,2,1
16324,83,219.3,510.4,980,32648,2,1
16325,83,218.8,509.8,980,32650,2,1
16326,83,218.2,509.3,980,32652,2,1
16327,83,217.6,508.9,980,32654,2,1
16328,83,217.3,508.5,980,32656,2,1
16329,83,216.8,508.4,980,32658,2,1
16330,83,216.5,508.4,980,32660,2,1
16331,83,216.2,508.4,980,32662,2,1
16332,83,216,508.4,981,32664,2,1
16333,83,215.9,508.5,981,32666,2,1
16334,83,216.1,508.6,981,32668,2,1
16335,83,216.3,508.8,981,32670,2,1
16336,83,216.6,508.6,981,32672,2,1
16337,83,216.9,508.4,981,32674,2,1
16338,83,217.2,508.3,981,32676,2,1
16339,83,217.6,508.3,981,32678,2,1
16340,83,217.7,508.2,981,32680,2,1
16341,83,217.7,508.2,981,32682,2,1
16342,83,217.8,508.2,981,32684,2,1
16343,83,217.7,508.2,981,32686,2,1
16344,83,217.6,507.9,981,32688,2,1
16345,83,217.5,507.5,981,32690,2,1
16346,83,217.4,507.2,981,32692,2,1
16347,83,217.5,506.8,981,32694,2,1
16348,83,217.4,506.8,981,32696,2,1
16349,83,217.2,506.8,982,32698,2,1
16350,83,217.2,506.8,982,32700,2,1
16351,83,217.2,507.1,982,32702,2,1
16352,83,217.1,507.3,982,32704,2,1
16353,83,217.1,507.6,982,32706,2,1
16354,83,217.2,508.1,982,32708,2,1
16355,83,217.4,508.2,982,32710,2,1
16356,83,218.1,508.4,982,32712,2,1
16357,83,219.8,509.2,982,32714,2,1
16358,83,222.3,511.2,982,32716,2,1
16359,83,225.6,514.1,982,32718,2,1
16360,83,230.8,518.9,982,32720,2,1
16361,83,238.2,526.6,982,32722,2,1
16362,83,248.4,536.5,982,32724,2,1
16363,83,259.7,548.6,982,32726,2,1
16364,83,271.3,562.5,982,32728,2,1
16365,83,282.1,576.6,982,32730,2,1
16366,83,291.9,591.3,983,32732,2,1
16367,83,299.8,605.7,983,32734,2,1
16368,83,304.2,617.1,983,32736,2,1
16369,83,305.8,626.1,983,32738,2,1
16370,83,305.9,632.4,983,32740,2,1
16371,83,304.8,634.8,983,32742,2,1
16372,83,304,635.3,983,32744,2,1
16373,83,303.7,634.2,983,32746,2,1
16374,83,303.7,631.6,983,32748,2,1
16375,83,304.6,628.8,983,32750,2,1
16376,83,305.5,626.2,983,32752,2,1
16377,83,306.4,624.7,983,32754,2,1
16378,83,307.1,624.9,983,32756,2,1
16379,83,307.7,626.8,983,32758,2,1
16380,83,307.6,628.5,983,32760,2,1
16381,83,307.6,630.5,983,32762,2,1
16382,83,307.4,632.5,984,32764,2,1
16383,83,307.2,634.6,984,32766,2,1
16384,83,307.1,636.3,984,32768,2,1
16385,83,306.9,637.4,984,32770,2,1
16386,83,306.9,637.7,984,32772,2,1
16387,83,306.9,637.8,984,32774,2,1
16388,83,307.1,637.8,984,32776,2,1
16389,83,307.5,637.8,984,32778,2,1
16390,83,308.2,637.8,984,32780,2,1
16391,83,308.8,637.6,984,32782,2,1
16392,83,309.9,637.3,984,32784,2,1
16393,83,310.6,637.1,984,32786,2,1
16394,83,311.3,637.1,984,32788,2,1
16395,83,311.6,637.2,984,32790,2,1
16396,83,311.8,637.3,984,32792,2,1
16397,83,311.8,637.5,984,32794,2,1
16398,83,311.8,637.7,984,32796,2,1
16399,83,311.5,638.2,985,32798,2,1
16400,83,311.4,638.7,985,32800,2,1
16401,83,311.4,639.2,985,32802,2,1
16402,83,311.6,639.7,985,32804,2,1
16403,83,311.7,640.2,985,32806,2,1
16404,83,311.8,640.5,985,32808,2,1
16405,83,311.5,640.8,985,32810,2,1
16406,83,311.1,641,985,32812,2,1
16407,83,310.8,641.3,985,32814,2,1
16408,83,310.4,641.5,985,32816,2,1
16409,83,310.2,641.5,985,32818,2,1
16410,83,310.3,641.3,985,32820,2,1
16411,83,310.6,641,985,32822,2,1
16412,83,311.2,640.8,985,32824,2,1
16413,83,312.1,640.6,985,32826,2,1
16414,83,312.8,640.3,985,32828,2,1
16415,83,313.6,639.9,985,32830,2,1
16416,83,314.2,639.4,986,32832,2,1
16417,83,314.4,639.1,986,32834,2,1
16418,83,314.4,638.9,986,32836,2,1
16419,83,314.4,639,986,32838,2,1
16420,83,314.4,638.9,986,32840,2,1
16421,83,314.3,638.8,986,32842,2,1
16422,83,314.1,638.5,986,32844,2,1
16423,83,314,637.9,986,32846,2,1
16424,83,314.1,637.3,986,32848,2,1
16425,83,314.2,636.7,986,32850,2,1
16426,83,314.6,636.2,986,32852,2,1
16427,83,314.7,635.7,986,32854,2,1
16428,83,314.8,635.7,986,32856,2,1
16429,83,314.8,635.8,986,32858,2,1
16430,83,314.8,636.4,986,32860,2,1
16431,83,314.7,637.1,986,32862,2,1
16432,83,314.5,637.7,987,32864,2,1
16433,83,314.3,638.2,987,32866,2,1
16434,83,314,638.6,987,32868,2,1
16435,83,313.9,638.7,987,32870,2,1
16436,83,314,638.8,987,32872,2,1
16437,83,314.3,639,987,32874,2,1
16438,83,314.7,639.1,987,32876,2,1
16439,83,315.3,639.4,987,32878,2,1
16440,83,316,639.9,987,32880,2,1
16441,83,316.7,640.5,987,32882,2,1
16442,83,317.2,640.8,987,32884,2,1
16443,83,317.2,641.1,987,32886,2,1
16444,83,317.2,641.4,987,32888,2,1
16445,83,317.1,641.7,987,32890,2,1
16446,83,316.9,641.9,987,32892,2,1
16447,83,316.7,641.8,987,32894,2,1
16448,83,316.5,641.6,987,32896,2,1
16449,83,316.5,641.3,988,32898,2,1
16450,83,316.4,640.7,988,32900,2,1
16451,83,316.2,640.1,988,32902,2,1
16452,83,316.1,639.4,988,32904,2,1
16453,83,316.2,638.7,988,32906,2,1
16454,83,316.4,638.2,988,32908,2,1
16455,83,316.6,637.8,988,32910,2,1
16456,83,316.8,637.5,988,32912,2,1
16457,83,317.2,637.4,988,32914,2,1
16458,83,317.5,637.2,988,32916,2,1
16459,83,317.9,636.9,988,32918,2,1
16460,83,318.2,636.8,988,32920,2,1
16461,83,318.6,636.7,988,32922,2,1
16462,83,318.9,636.6,988,32924,2,1
16463,83,319.3,636.7,988,32926,2,1
16464,83,319.5,636.8,988,32928,2,1
16465,83,319.7,636.9,988,32930,2,1
16466,83,319.7,637,989,32932,2,1
16467,83,319.6,637,989,32934,2,1
16468,83,319.5,636.6,989,32936,2,1
16469,83,319.3,636.3,989,32938,2,1
16470,83,319.2,635.7,989,32940,2,1
16471,83,319.2,635.4,989,32942,2,1
16472,83,319.3,635.2,989,32944,2,1
16473,83,319.4,635.2,989,32946,2,1
16474,83,319.6,635.3,989,32948,2,1
16475,83,319.6,635.7,989,32950,2,1
16476,83,319.7,636,989,32952,2,1
16477,83,319.9,636.4,989,32954,2,1
16478,83,320.2,636.6,989,32956,2,1
16479,83,320.4,636.8,989,32958,2,1
16480,83,320.6,636.9,989,32960,2,1
16481,83,320.8,637.1,989,32962,2,1
16482,83,321,637.3,990,32964,2,1
16483,83,321,637.4,990,32966,2,1
16484,83,321,637.2,990,32968,2,1
16485,83,320.8,637.1,990,32970,2,1
16486,83,320.9,636.9,990,32972,2,1
16487,83,320.9,636.8,990,32974,2,1
16488,83,321.1,636.6,990,32976,2,1
16489,83,321.3,636.5,990,32978,2,1
16490,83,321.3,636.7,990,32980,2,1
16491,83,320.8,636.9,990,32982,2,1
16492,83,320.3,637.2,990,32984,2,1
16493,83,319.6,637.5,990,32986,2,1
16494,83,318.9,638.1,990,32988,2,1
16495,83,318.2,638.7,990,32990,2,1
16496,83,317.7,639.3,990,32992,2,1
16497,83,317.5,639.7,990,32994,2,1
16498,83,317.7,640.2,990,32996,2,1
16499,83,317.9,640.6,991,32998,2,1
16500,83,318.1,640.8,991,33000,2,1
16501,83,318.4,640.7,991,33002,2,1
16502,83,318.8,640.6,991,33004,2,1
16503,83,319,640.6,991,33006,2,1
16504,83,319.3,640.6,991,33008,2,1
16505,83,319.7,640.8,991,33010,2,1
16506,83,320.4,641,991,33012,2,1
16507,83,321.2,641.5,991,33014,2,1
16508,83,321.7,641.6,991,33016,2,1
16509,83,322.1,641.6,991,33018,2,1
16510,83,322.4,641.4,991,33020,2,1
16511,83,322.7,641.1,991,33022,2,1
16512,83,323,640.3,991,33024,2,1
16513,83,323.2,639.5,991,33026,2,1
16514,83,322.7,638.8,991,33028,2,1
16515,83,322.2,638.1,991,33030,2,1
16516,83,321.8,637.5,992,33032,2,1
16517,83,321.3,636.8,992,33034,2,1
16518,83,320.8,636.1,992,33036,2,1
16519,83,320.4,635.9,992,33038,2,1
16520,83,320,635.8,992,33040,2,1
16521,83,320.6,635.6,992,33042,2,1
16522,83,321.2,635.5,992,33044,2,1
16523,83,321.8,635.5,992,33046,2,1
16524,83,322.1,635.8,992,33048,2,1
16525,83,322.4,636.1,992,33050,2,1
16526,83,322.5,636.4,992,33052,2,1
16527,83,322.6,636.8,992,33054,2,1
16528,83,322.6,637.1,992,33056,2,1
16529,83,322.6,637.5,992,33058,2,1
16530,83,322.9,637.9,992,33060,2,1
16531,83,323.8,638.2,992,33062,2,1
16532,83,324.9,638.5,993,33064,2,1
16533,83,327.5,641,993,33066,2,1
16534,83,333.2,645.1,993,33068,2,1
16535,83,342.9,653.5,993,33070,2,1
16536,83,356.4,665.8,993,33072,2,1
16537,83,372.8,683.1,993,33074,2,1
16538,83,394.5,704.6,993,33076,2,1
16539,83,420.8,730.1,993,33078,2,1
16540,83,449.8,758.4,993,33080,2,1
16541,83,479.3,788.3,993,33082,2,1
16542,83,508.9,816.5,993,33084,2,1
16543,83,537.8,843.7,993,33086,2,1
16544,83,565.4,868.5,993,33088,2,1
16545,83,589.8,892.6,993,33090,2,1
16546,83,611.2,916.4,993,33092,2,1
16547,83,632.2,938.8,993,33094,2,1
16548,83,652.4,959.6,993,33096,2,1
16549,83,671.2,978.9,994,33098,2,1
16550,83,689,996.3,994,33100,2,1
16551,83,704.9,1011.1,994,33102,2,1
16552,83,718.6,1022.4,994,33104,2,1
16553,83,730.5,-9999,994,33106,2,1
16554,83,738.6,-9999,994,33108,2,1
16555,83,743.8,-9999,994,33110,2,1
16556,83,745.9,-9999,994,33112,2,1
16557,83,746.1,-9999,994,33114,2,1
16558,83,746,-9999,994,33116,2,1
16559,83,745.8,-9999,994,33118,2,1
16560,83,745.8,-9999,994,33120,2,1
16561,83,746.9,-9999,994,33122,2,1
16562,83,748.9,-9999,994,33124,2,1
16563,83,750.9,-9999,994,33126,2,1
16564,83,753,-9999,994,33128,2,1
16565,83,755.3,-9999,994,33130,2,1
16566,83,757.5,-9999,995,33132,2,1
16567,83,759.6,-9999,995,33134,2,1
16568,83,760.4,-9999,995,33136,2,1
16569,83,759.9,-9999,995,33138,2,1
16570,83,759.5,-9999,995,33140,2,1
16571,83,758.7,-9999,995,33142,2,1
16572,83,757.9,-9999,995,33144,2,1
16573,83,757,-9999,995,33146,2,1
16574,83,756.2,-9999,995,33148,2,1
16575,83,755.6,-9999,995,33150,2,1
16576,83,755.5,-9999,995,33152,2,1
16577,83,755.6,-9999,995,33154,2,1
16578,83,755.9,-9999,995,33156,2,1
16579,83,756.4,-9999,995,33158,2,1
16580,83,756.7,-9999,995,33160,2,1
16581,83,757.1,-9999,995,33162,2,1
16582,83,757.3,-9999,996,33164,2,1
16583,83,757.4,-9999,996,33166,2,1
16584,83,757.3,-9999,996,33168,2,1
16585,83,757.1,-9999,996,33170,2,1
16586,83,758,-9999,996,33172,2,1
16587,83,758.9,-9999,996,33174,2,1
16588,83,759.8,-9999,996,33176,2,1
16589,83,760.6,-9999,996,33178,2,1
16590,83,761.4,-9999,996,33180,2,1
16591,83,761.8,-9999,996,33182,2,1
16592,83,762.3,-9999,996,33184,2,1
16593,83,761.8,-9999,996,33186,2,1
16594,83,761.2,-9999,996,33188,2,1
16595,83,760.8,-9999,996,33190,2,1
16596,83,760.6,-9999,996,33192,2,1
16597,83,760.9,-9999,996,33194,2,1
16598,83,761.5,-9999,996,33196,2,1
16599,83,762.2,-9999,997,33198,2,1
16600,83,762.8,-9999,997,33200,2,1
16601,83,763.2,-9999,997,33202,2,1
16602,83,763.5,-9999,997,33204,2,1
16603,83,763.6,-9999,997,33206,2,1
16604,83,763.3,-9999,997,33208,2,1
16605,83,763.2,-9999,997,33210,2,1
16606,83,763.2,-9999,997,33212,2,1
16607,83,763.2,-9999,997,33214,2,1
16608,83,763.6,-9999,997,33216,2,1
16609,83,764.1,-9999,997,33218,2,1
16610,83,764.7,-9999,997,33220,2,1
16611,83,765.1,-9999,997,33222,2,1
16612,83,765.2,-9999,997,33224,2,1
16613,83,765.2,-9999,997,33226,2,1
16614,83,765.1,-9999,997,33228,2,1
16615,83,764.9,-9999,997,33230,2,1
16616,83,764.7,-9999,998,33232,2,1
16617,83,764.6,-9999,998,33234,2,1
16618,83,765,-9999,998,33236,2,1
16619,83,765.5,-9999,998,33238,2,1
16620,83,766.1,-9999,998,33240,2,1
16621,83,766.7,-9999,998,33242,2,1
16622,83,767,-9999,998,33244,2,1
16623,83,767,-9999,998,33246,2,1
16624,83,766.8,-9999,998,33248,2,1
16625,83,765.9,-9999,998,33250,2,1
16626,83,765,-9999,998,33252,2,1
16627,83,764.1,-9999,998,33254,2,1
16628,83,763.2,-9999,998,33256,2,1
16629,83,762.8,-9999,998,33258,2,1
16630,83,762.7,-9999,998,33260,2,1
16631,83,762.7,-9999,998,33262,2,1
16632,83,763,-9999,999,33264,2,1
16633,83,763.3,-9999,999,33266,2,1
16634,83,763.6,-9999,999,33268,2,1
16635,83,763.8,-9999,999,33270,2,1
16636,83,763.6,-9999,999,33272,2,1
16637,83,763,-9999,999,33274,2,1
16638,83,762.4,-9999,999,33276,2,1
16639,83,761.8,-9999,999,33278,2,1
16640,83,761.4,-9999,999,33280,2,1
16641,83,761.1,-9999,999,33282,2,1
16642,83,760.8,-9999,999,33284,2,1
16643,83,760.6,-9999,999,33286,2,1
16644,83,760.6,-9999,999,33288,2,1
16645,83,760.6,-9999,999,33290,2,1
16646,83,760.6,-9999,999,33292,2,1
16647,83,760.3,-9999,999,33294,2,1
16648,83,760,-9999,999,33296,2,1
16649,83,759.8,-9999,1000,33298,2,1
16650,83,759.6,-9999,1000,33300,2,1
16651,83,759.6,-9999,1000,33302,2,1
16652,83,759.7,-9999,1000,33304,2,1
16653,83,759.8,-9999,1000,33306,2,1
16654,83,759.9,-9999,1000,33308,2,1
16655,83,760.2,-9999,1000,33310,2,1
16656,83,760.4,-9999,1000,33312,2,1
16657,83,760.6,-9999,1000,33314,2,1
16658,83,760.8,-9999,1000,33316,2,1
16659,83,760.9,-9999,1000,33318,2,1
16660,83,760.8,-9999,1000,33320,2,1
16661,83,760.6,-9999,1000,33322,2,1
16662,83,760.3,-9999,1000,33324,2,1
16663,83,760.2,-9999,1000,33326,2,1
16664,83,760,-9999,1000,33328,2,1
16665,83,759.9,-9999,1000,33330,2,1
16666,83,760,-9999,1001,33332,2,1
16667,83,760.3,-9999,1001,33334,2,1
16668,83,760.5,-9999,1001,33336,2,1
16669,83,760.7,-9999,1001,33338,2,1
16670,83,760.7,-9999,1001,33340,2,1
16671,83,760.8,-9999,1001,33342,2,1
16672,83,760.9,-9999,1001,33344,2,1
16673,83,760.7,-9999,1001,33346,2,1
16674,83,760.6,-9999,1001,33348,2,1
16675,83,760.5,-9999,1001,33350,2,1
16676,83,760,-9999,1001,33352,2,1
16677,83,759.5,-9999,1001,33354,2,1
16678,83,758.8,-9999,1001,33356,2,1
16679,83,758.1,-9999,1001,33358,2,1
16680,83,757.4,-9999,1001,33360,2,1
16681,83,756.7,-9999,1001,33362,2,1
16682,83,755.2,-9999,1002,33364,2,1
16683,83,753.9,-9999,1002,33366,2,1
16684,83,751,-9999,1002,33368,2,1
16685,83,746.8,-9999,1002,33370,2,1
16686,83,741.3,-9999,1002,33372,2,1
16687,83,734.2,1011.6,1002,33374,2,1
16688,83,725.4,985.6,1002,33376,2,1
16689,83,717,952.7,1002,33378,2,1
16690,83,708.2,915.8,1002,33380,2,1
16691,83,700.9,874.9,1002,33382,2,1
16692,83,695.2,833.3,1002,33384,2,1
16693,83,690.7,792.8,1002,33386,2,1
16694,83,687.9,754.4,1002,33388,2,1
16695,83,686.6,719.5,1002,33390,2,1
16696,83,685.7,690.5,1002,33392,2,1
16697,83,685.5,664.6,1002,33394,2,1
16698,83,685.3,641.8,1002,33396,2,1
16699,83,685.9,621.6,1003,33398,2,1
16700,83,687.4,601.7,1003,33400,2,1
16701,83,689.8,583.1,1003,33402,2,1
16702,83,692.6,563.3,1003,33404,2,1
16703,83,696.5,542.1,1003,33406,2,1
16704,83,701,519.2,1003,33408,2,1
16705,83,705.8,495.7,1003,33410,2,1
16706,83,710,471.8,1003,33412,2,1
16707,83,713.5,450.3,1003,33414,2,1
16708,83,716.7,430.7,1003,33416,2,1
16709,83,721.2,414.8,1003,33418,2,1
16710,83,724.4,402.2,1003,33420,2,1
16711,83,726.9,393.8,1003,33422,2,1
16712,83,728.4,389.7,1003,33424,2,1
16713,83,729.6,389.6,1003,33426,2,1
16714,83,730.8,391.7,1003,33428,2,1
16715,83,731.4,393.9,1003,33430,2,1
16716,83,730.4,396.3,1004,33432,2,1
16717,83,729.6,398.4,1004,33434,2,1
16718,83,729,400.2,1004,33436,2,1
16719,83,729,401.3,1004,33438,2,1
16720,83,729,399.9,1004,33440,2,1
16721,83,729.2,397.4,1004,33442,2,1
16722,83,729.4,394.7,1004,33444,2,1
16723,83,729.7,391.9,1004,33446,2,1
16724,83,729.9,389.1,1004,33448,2,1
16725,83,730,386.6,1004,33450,2,1
16726,83,730.1,384.4,1004,33452,2,1
16727,83,729.7,384.1,1004,33454,2,1
16728,83,729.2,384.2,1004,33456,2,1
16729,83,728.6,384.7,1004,33458,2,1
16730,83,728,385.3,1004,33460,2,1
16731,83,727.3,385.9,1004,33462,2,1
16732,83,726.8,386.5,1005,33464,2,1
16733,83,726.3,387.1,1005,33466,2,1
16734,83,726.2,387.7,1005,33468,2,1
16735,83,726,388,1005,33470,2,1
16736,83,725.9,387.9,1005,33472,2,1
16737,83,725.9,387.9,1005,33474,2,1
16738,83,725.9,387.9,1005,33476,2,1
16739,83,725.9,387.9,1005,33478,2,1
16740,83,726,388,1005,33480,2,1
16741,83,726.1,388.3,1005,33482,2,1
16742,83,726.3,388.4,1005,33484,2,1
16743,83,726.4,388.6,1005,33486,2,1
16744,83,726.7,388.7,1005,33488,2,1
16745,83,727,388.7,1005,33490,2,1
16746,83,727.2,388.7,1005,33492,2,1
16747,83,727.4,388.6,1005,33494,2,1
16748,83,727.6,388.1,1005,33496,2,1
16749,83,727.7,387.9,1006,33498,2,1
16750,83,727.9,387.8,1006,33500,2,1
16751,83,727.8,387.8,1006,33502,2,1
16752,83,727.7,387.8,1006,33504,2,1
16753,83,727.6,387.9,1006,33506,2,1
16754,83,727.5,388,1006,33508,2,1
16755,83,727.4,388.1,1006,33510,2,1
16756,83,727.3,388.4,1006,33512,2,1
16757,83,727.2,388.7,1006,33514,2,1
16758,83,727,388.8,1006,33516,2,1
16759,83,726.7,388.9,1006,33518,2,1
16760,83,726.5,389.1,1006,33520,2,1
16761,83,726.3,389.4,1006,33522,2,1
16762,83,726,389.7,1006,33524,2,1
16763,83,725.9,389.8,1006,33526,2,1
16764,83,725.7,389.9,1006,33528,2,1
16765,83,725.7,390.2,1006,33530,2,1
16766,83,725.8,390.9,1007,33532,2,1
16767,83,726,391.7,1007,33534,2,1
16768,83,726.1,392.5,1007,33536,2,1
16769,83,726.2,393.2,1007,33538,2,1
16770,83,725.9,393.8,1007,33540,2,1
16771,83,725.6,394.3,1007,33542,2,1
16772,83,725.4,394.8,1007,33544,2,1
16773,83,725.1,394.7,1007,33546,2,1
16774,83,725,394.5,1007,33548,2,1
16775,83,725,394.3,1007,33550,2,1
16776,83,725,394.2,1007,33552,2,1
16777,83,725.2,394.1,1007,33554,2,1
16778,83,725.1,393.9,1007,33556,2,1
16779,83,725.1,393.7,1007,33558,2,1
16780,83,725.1,393.6,1007,33560,2,1
16781,83,725,393.7,1007,33562,2,1
16782,83,724.9,393.9,1008,33564,2,1
16783,83,724.8,394.4,1008,33566,2,1
16784,83,724.6,394.8,1008,33568,2,1
16785,83,724.8,395.1,1008,33570,2,1
16786,83,724.9,395.4,1008,33572,2,1
16787,83,724.9,395.6,1008,33574,2,1
16788,83,724.9,395.7,1008,33576,2,1
16789,83,724.9,395.6,1008,33578,2,1
16790,83,724.8,395.2,1008,33580,2,1
16791,83,724.8,395.2,1008,33582,2,1
16792,83,724.8,395.1,1008,33584,2,1
16793,83,724.8,395.3,1008,33586,2,1
16794,83,725,395.3,1008,33588,2,1
16795,83,725.3,395.2,1008,33590,2,1
16796,83,725.5,394.9,1008,33592,2,1
16797,83,725.8,394.9,1008,33594,2,1
16798,83,726.1,395,1008,33596,2,1
16799,83,726.5,395.2,1009,33598,2,1
16800,83,727.1,395.4,1009,33600,2,1
16801,83,727.6,395.8,1009,33602,2,1
16802,83,728,396.3,1009,33604,2,1
16803,83,728.3,396.5,1009,33606,2,1
16804,83,728.6,396.6,1009,33608,2,1
16805,83,728.8,396.4,1009,33610,2,1
16806,83,728.9,396.3,1009,33612,2,1
16807,83,728.7,396.3,1009,33614,2,1
16808,83,728.5,396.6,1009,33616,2,1
16809,83,728.2,396.7,1009,33618,2,1
16810,83,728.4,396.7,1009,33620,2,1
16811,83,728.6,396.8,1009,33622,2,1
16812,83,729,396.5,1009,33624,2,1
16813,83,729.5,396.3,1009,33626,2,1
16814,83,730,396.1,1009,33628,2,1
16815,83,730.5,395.9,1009,33630,2,1
16816,83,730.8,395.8,1010,33632,2,1
16817,83,730.8,395.7,1010,33634,2,1
16818,83,730.7,395.6,1010,33636,2,1
16819,83,730.3,395.9,1010,33638,2,1
16820,83,729.8,396.1,1010,33640,2,1
16821,83,729.8,396.2,1010,33642,2,1
16822,83,729.8,396.2,1010,33644,2,1
16823,83,730,396.2,1010,33646,2,1
16824,83,730.3,396.5,1010,33648,2,1
16825,83,730.6,396.7,1010,33650,2,1
16826,83,730.8,397,1010,33652,2,1
16827,83,731.1,397.3,1010,33654,2,1
16828,83,730.9,397.6,1010,33656,2,1
16829,83,730.7,398,1010,33658,2,1
16830,83,730.5,398.4,1010,33660,2,1
16831,83,730.3,398.6,1010,33662,2,1
16832,83,730.1,398.8,1011,33664,2,1
16833,83,730.1,399.1,1011,33666,2,1
16834,83,730.2,399.4,1011,33668,2,1
16835,83,730.2,399.7,1011,33670,2,1
16836,83,730,400,1011,33672,2,1
16837,83,729.2,400.1,1011,33674,2,1
16838,83,728.5,400,1011,33676,2,1
16839,83,727.7,399.8,1011,33678,2,1
16840,83,727.2,399.6,1011,33680,2,1
16841,83,726.6,399.4,1011,33682,2,1
16842,83,726.4,399.3,1011,33684,2,1
16843,83,726.2,399,1011,33686,2,1
16844,83,726.5,398.8,1011,33688,2,1
16845,83,726.4,398.8,1011,33690,2,1
16846,83,726.3,398.9,1011,33692,2,1
16847,83,726,399,1011,33694,2,1
16848,83,725.6,399.2,1011,33696,2,1
16849,83,725,399.3,1012,33698,2,1
16850,83,724.4,399.5,1012,33700,2,1
16851,83,724,399.6,1012,33702,2,1
16852,83,723.9,399.5,1012,33704,2,1
16853,83,723.5,399.5,1012,33706,2,1
16854,83,722.8,399.5,1012,33708,2,1
16855,83,722.1,399.8,1012,33710,2,1
16856,83,721.3,400.1,1012,33712,2,1
16857,83,720.6,400.6,1012,33714,2,1
16858,83,719.8,401.2,1012,33716,2,1
16859,83,719,401.7,1012,33718,2,1
16860,83,719.3,401.8,1012,33720,2,1
16861,83,720,401.9,1012,33722,2,1
16862,83,720.7,401.5,1012,33724,2,1
16863,83,721.4,401.1,1012,33726,2,1
16864,83,722.2,400.6,1012,33728,2,1
16865,83,722.6,400.5,1012,33730,2,1
16866,83,722.9,401.2,1013,33732,2,1
16867,83,722.5,402.2,1013,33734,2,1
16868,83,721.9,403.3,1013,33736,2,1
16869,83,721.3,404.4,1013,33738,2,1
16870,83,720.8,405.6,1013,33740,2,1
16871,83,720.5,406.4,1013,33742,2,1
16872,83,720.7,406.5,1013,33744,2,1
16873,83,720.9,405.9,1013,33746,2,1
16874,83,721,405.3,1013,33748,2,1
16875,83,721.3,404.6,1013,33750,2,1
16876,83,721.4,403.8,1013,33752,2,1
16877,83,721.6,403.2,1013,33754,2,1
16878,83,721.2,402.7,1013,33756,2,1
16879,83,720.7,402.5,1013,33758,2,1
16880,83,719.9,402.3,1013,33760,2,1
16881,83,719.2,402.3,1013,33762,2,1
16882,83,718.8,402.3,1014,33764,2,1
16883,83,718.6,402.3,1014,33766,2,1
16884,83,718.4,402.2,1014,33768,2,1
16885,83,718.7,402.2,1014,33770,2,1
16886,83,718.8,402.3,1014,33772,2,1
16887,83,719.3,402.5,1014,33774,2,1
16888,83,719.5,402.7,1014,33776,2,1
16889,83,719.7,403,1014,33778,2,1
16890,83,719.6,403,1014,33780,2,1
16891,83,719.4,402.9,1014,33782,2,1
16892,83,719.2,403.1,1014,33784,2,1
16893,83,719,403.1,1014,33786,2,1
16894,83,718.9,402.9,1014,33788,2,1
16895,83,719,402.7,1014,33790,2,1
16896,83,719.2,402.6,1014,33792,2,1
16897,83,719.4,402.7,1014,33794,2,1
16898,83,719.6,402.7,1014,33796,2,1
16899,83,720,402.5,1015,33798,2,1
16900,83,720.4,402.3,1015,33800,2,1
16901,83,720.8,402.1,1015,33802,2,1
16902,83,721.1,402,1015,33804,2,1
16903,83,721.3,401.8,1015,33806,2,1
16904,83,721.4,401.6,1015,33808,2,1
16905,83,721.5,401.6,1015,33810,2,1
16906,83,721.5,401.5,1015,33812,2,1
16907,83,721.5,401.6,1015,33814,2,1
16908,83,721.5,401.8,1015,33816,2,1
16909,83,721.5,402.2,1015,33818,2,1
16910,83,721.6,402.6,1015,33820,2,1
16911,83,721.9,403.1,1015,33822,2,1
16912,83,722,403.6,1015,33824,2,1
16913,83,722.1,404.1,1015,33826,2,1
16914,83,722.1,404.7,1015,33828,2,1
16915,83,722.1,405.2,1015,33830,2,1
16916,83,722.1,405.4,1016,33832,2,1
16917,83,722.1,405.6,1016,33834,2,1
16918,83,722,405.8,1016,33836,2,1
16919,83,722.1,405.9,1016,33838,2,1
16920,83,722.2,406.1,1016,33840,2,1
16921,83,722.3,406,1016,33842,2,1
16922,83,722.3,405.9,1016,33844,2,1
16923,83,722.2,406,1016,33846,2,1
16924,83,722,406.1,1016,33848,2,1
16925,83,721.8,406.4,1016,33850,2,1
16926,83,721.4,406.6,1016,33852,2,1
16927,83,721.1,406.9,1016,33854,2,1
16928,83,720.8,407.1,1016,33856,2,1
16929,83,720.6,407.4,1016,33858,2,1
16930,83,720.5,407.5,1016,33860,2,1
16931,83,720.4,407.7,1016,33862,2,1
16932,83,720.4,407.9,1017,33864,2,1
16933,83,720.5,408.1,1017,33866,2,1
16934,83,720.6,408.4,1017,33868,2,1
16935,83,720.9,408.5,1017,33870,2,1
16936,83,721.3,408.7,1017,33872,2,1
16937,83,721.6,408.9,1017,33874,2,1
16938,83,721.8,409,1017,33876,2,1
16939,83,722,409.1,1017,33878,2,1
16940,83,721.9,408.8,1017,33880,2,1
16941,83,721.8,408.6,1017,33882,2,1
16942,83,721.5,408.3,1017,33884,2,1
16943,83,721.4,408,1017,33886,2,1
16944,83,721.3,407.6,1017,33888,2,1
16945,83,721.3,407.3,1017,33890,2,1
16946,83,721.3,406.9,1017,33892,2,1
16947,83,721.6,406.9,1017,33894,2,1
16948,83,721.7,406.9,1017,33896,2,1
16949,83,721.9,406.9,1018,33898,2,1
16950,83,721.8,407.1,1018,33900,2,1
16951,83,721.6,407.4,1018,33902,2,1
16952,83,721.5,407.8,1018,33904,2,1
16953,83,721.5,408.2,1018,33906,2,1
16954,83,721.6,408.7,1018,33908,2,1
16955,83,721.8,409,1018,33910,2,1
16956,83,722,409.2,1018,33912,2,1
16957,83,722.3,409.2,1018,33914,2,1
16958,83,722.6,408.7,1018,33916,2,1
16959,83,722.9,407.7,1018,33918,2,1
16960,83,723.2,406.7,1018,33920,2,1
16961,83,723.2,405.7,1018,33922,2,1
16962,83,723.2,404.8,1018,33924,2,1
16963,83,723.1,404.1,1018,33926,2,1
16964,83,723.1,403.6,1018,33928,2,1
16965,83,722.9,403.8,1018,33930,2,1
16966,83,722.8,404.5,1019,33932,2,1
16967,83,722.7,405.2,1019,33934,2,1
16968,83,722.2,405.9,1019,33936,2,1
16969,83,721.7,406.5,1019,33938,2,1
16970,83,721.1,407,1019,33940,2,1
16971,83,720.3,407.5,1019,33942,2,1
16972,83,719.6,407.5,1019,33944,2,1
16973,83,718.8,407.6,1019,33946,2,1
16974,83,718,407.5,1019,33948,2,1
16975,83,716.4,409.1,1019,33950,2,1
16976,83,713,411.9,1019,33952,2,1
16977,83,708.1,416.5,1019,33954,2,1
16978,83,699.9,424.7,1019,33956,2,1
16979,83,686.8,435.8,1019,33958,2,1
16980,83,670.1,450.6,1019,33960,2,1
16981,83,649.1,468.6,1019,33962,2,1
16982,83,625,488.6,1020,33964,2,1
16983,83,600,508.5,1020,33966,2,1
16984,83,572.7,528.7,1020,33968,2,1
16985,83,546.1,546.6,1020,33970,2,1
16986,83,521.5,563.3,1020,33972,2,1
16987,83,499,577.5,1020,33974,2,1
16988,83,478.2,588.7,1020,33976,2,1
16989,83,460,596.2,1020,33978,2,1
16990,83,442.2,602.8,1020,33980,2,1
16991,83,426.9,607.9,1020,33982,2,1
16992,83,413.2,612.8,1020,33984,2,1
16993,83,402.1,616.2,1020,33986,2,1
16994,83,392.8,618.7,1020,33988,2,1
16995,83,386.1,620.8,1020,33990,2,1
16996,83,381.2,622.8,1020,33992,2,1
16997,83,378.7,624.6,1020,33994,2,1
16998,83,377.4,625.7,1020,33996,2,1
16999,83,377.4,626,1021,33998,2,1
17000,83,377.1,626,1021,34000,2,1
17001,83,375.9,626,1021,34002,2,1
17002,83,374,626.8,1021,34004,2,1
17003,83,371.7,627.9,1021,34006,2,1
17004,83,369.3,630.1,1021,34008,2,1
17005,83,366.9,632.4,1021,34010,2,1
17006,83,364.6,634.7,1021,34012,2,1
17007,83,362.8,636.9,1021,34014,2,1
17008,83,362.1,639,1021,34016,2,1
17009,83,362.3,640,1021,34018,2,1
17010,83,363.2,640.7,1021,34020,2,1
17011,83,364.3,640.2,1021,34022,2,1
17012,83,365.4,639.6,1021,34024,2,1
17013,83,366.4,639.1,1021,34026,2,1
17014,83,367.3,638.7,1021,34028,2,1
17015,83,367.8,638.3,1021,34030,2,1
17016,83,368.2,638.2,1022,34032,2,1
17017,83,368.2,638,1022,34034,2,1
17018,83,368.2,637.8,1022,34036,2,1
17019,83,368.3,637.7,1022,34038,2,1
17020,83,368.5,637.7,1022,34040,2,1
17021,83,368.7,637.7,1022,34042,2,1
17022,83,369,637.6,1022,34044,2,1
17023,83,369.3,637.6,1022,34046,2,1
17024,83,369.6,637.7,1022,34048,2,1
17025,83,369.9,637.8,1022,34050,2,1
17026,83,369.8,637.9,1022,34052,2,1
17027,83,369.8,637.9,1022,34054,2,1
17028,83,369.6,637.9,1022,34056,2,1
17029,83,369.3,638.1,1022,34058,2,1
17030,83,368.8,638.9,1022,34060,2,1
17031,83,368.3,639.8,1022,34062,2,1
17032,83,367.9,640.5,1023,34064,2,1
17033,83,367.6,641.3,1023,34066,2,1
17034,83,367.4,642,1023,34068,2,1
17035,83,367.1,642.4,1023,34070,2,1
17036,83,366.8,642.6,1023,34072,2,1
17037,83,366.5,642.2,1023,34074,2,1
17038,83,366.1,641.5,1023,34076,2,1
17039,83,365.7,640.7,1023,34078,2,1
17040,83,365,640.1,1023,34080,2,1
17041,83,364.3,639.5,1023,34082,2,1
17042,83,363.6,639,1023,34084,2,1
17043,83,363.2,638.4,1023,34086,2,1
17044,83,363,637.8,1023,34088,2,1
17045,83,362.9,637.6,1023,34090,2,1
17046,83,363,637.3,1023,34092,2,1
17047,83,363.5,637,1023,34094,2,1
17048,83,363.9,636.9,1023,34096,2,1
17049,83,364.2,636.9,1024,34098,2,1
17050,83,364.4,637.2,1024,34100,2,1
17051,83,364.5,637.5,1024,34102,2,1
17052,83,364.6,638.4,1024,34104,2,1
17053,83,364.5,639.2,1024,34106,2,1
17054,83,364.4,640.1,1024,34108,2,1
17055,83,364.3,640.8,1024,34110,2,1
17056,83,364.2,641.1,1024,34112,2,1
17057,83,364.2,641.4,1024,34114,2,1
17058,83,364.3,641.7,1024,34116,2,1
17059,83,364.3,641.5,1024,34118,2,1
17060,83,364.4,641.3,1024,34120,2,1
17061,83,364.5,641,1024,34122,2,1
17062,83,364.5,640.7,1024,34124,2,1
17063,83,364.4,640.6,1024,34126,2,1
17064,83,364.3,640.5,1024,34128,2,1
17065,83,364.2,640.3,1024,34130,2,1
17066,83,364,640,1025,34132,2,1
17067,83,363.8,639.8,1025,34134,2,1
17068,83,363.7,639.6,1025,34136,2,1
17069,83,363.7,639.5,1025,34138,2,1
17070,83,363.7,639.4,1025,34140,2,1
17071,83,363.7,639.3,1025,34142,2,1
17072,83,363.8,639.3,1025,34144,2,1
17073,83,363.9,639.3,1025,34146,2,1
17074,83,363.8,639.3,1025,34148,2,1
17075,83,363.7,639.2,1025,34150,2,1
17076,83,363.1,639.1,1025,34152,2,1
17077,83,362.4,638.9,1025,34154,2,1
17078,83,361.7,638.8,1025,34156,2,1
17079,83,361.4,638.8,1025,34158,2,1
17080,83,361.3,638.7,1025,34160,2,1
17081,83,361.3,638.6,1025,34162,2,1
17082,83,361.6,638.6,1026,34164,2,1
17083,83,362.4,638.6,1026,34166,2,1
17084,83,363.2,638.8,1026,34168,2,1
17085,83,364,639.1,1026,34170,2,1
17086,83,364.3,639.3,1026,34172,2,1
17087,83,364.4,639.7,1026,34174,2,1
17088,83,363.5,640.3,1026,34176,2,1
17089,83,362.4,641,1026,34178,2,1
17090,83,361.5,641.6,1026,34180,2,1
17091,83,360.9,642,1026,34182,2,1
17092,83,360.9,642.3,1026,34184,2,1
17093,83,361,642.7,1026,34186,2,1
17094,83,361.2,643,1026,34188,2,1
17095,83,362.2,643.1,1026,34190,2,1
17096,83,363.1,643.3,1026,34192,2,1
17097,83,363.9,643.6,1026,34194,2,1
17098,83,364.6,643.9,1026,34196,2,1
17099,83,364.6,644.1,1027,34198,2,1
17100,83,364.7,644.2,1027,34200,2,1
17101,83,364.7,644.1,1027,34202,2,1
17102,83,364.8,644,1027,34204,2,1
17103,83,364.8,643.7,1027,34206,2,1
17104,83,364.6,643.6,1027,34208,2,1
17105,83,364.4,643.6,1027,34210,2,1
17106,83,364.1,643.8,1027,34212,2,1
17107,83,363.8,643.9,1027,34214,2,1
17108,83,363.4,644.1,1027,34216,2,1
17109,83,362.9,644.3,1027,34218,2,1
17110,83,362.4,644.6,1027,34220,2,1
17111,83,362.4,644.9,1027,34222,2,1
17112,83,362.4,645.2,1027,34224,2,1
17113,83,362.4,645.4,1027,34226,2,1
17114,83,362.4,645.5,1027,34228,2,1
17115,83,362.6,645.6,1027,34230,2,1
17116,83,362.8,645.5,1028,34232,2,1
17117,83,363,645.4,1028,34234,2,1
17118,83,363.4,645.3,1028,34236,2,1
17119,83,363.8,645.1,1028,34238,2,1
17120,83,364.1,644.9,1028,34240,2,1
17121,83,364.5,644.7,1028,34242,2,1
17122,83,364.6,644.6,1028,34244,2,1
17123,83,364.8,644.7,1028,34246,2,1
17124,83,364.8,644.8,1028,34248,2,1
17125,83,364.8,645.1,1028,34250,2,1
17126,83,364.6,645.3,1028,34252,2,1
17127,83,364.4,645.6,1028,34254,2,1
17128,83,364.2,645.9,1028,34256,2,1
17129,83,364.2,646.2,1028,34258,2,1
17130,83,364.2,646.4,1028,34260,2,1
17131,83,364.3,646.6,1028,34262,2,1
17132,83,364.3,646.5,1029,34264,2,1
17133,83,364.8,646.3,1029,34266,2,1
17134,83,365.3,646.2,1029,34268,2,1
17135,83,365.9,646.3,1029,34270,2,1
17136,83,366.6,646.2,1029,34272,2,1
17137,83,367.2,646.2,1029,34274,2,1
17138,83,367.7,646,1029,34276,2,1
17139,83,368.2,646,1029,34278,2,1
17140,83,368.2,646.2,1029,34280,2,1
17141,83,368,646.4,1029,34282,2,1
17142,83,367.6,646.5,1029,34284,2,1
17143,83,367,646.8,1029,34286,2,1
17144,83,366.5,647.2,1029,34288,2,1
17145,83,366,647.5,1029,34290,2,1
17146,83,365.6,647.8,1029,34292,2,1
17147,83,365.2,647.9,1029,34294,2,1
17148,83,364.8,647.9,1029,34296,2,1
17149,83,364.6,647.6,1030,34298,2,1
17150,83,364.4,647.1,1030,34300,2,1
17151,83,364,646.6,1030,34302,2,1
17152,83,363.5,646,1030,34304,2,1
17153,83,363.2,645.6,1030,34306,2,1
17154,83,363,645.2,1030,34308,2,1
17155,83,362.7,644.9,1030,34310,2,1
17156,83,362.4,644.8,1030,34312,2,1
17157,83,361.9,644.8,1030,34314,2,1
17158,83,361.4,644.9,1030,34316,2,1
17159,83,360.9,645,1030,34318,2,1
17160,83,360.3,644.9,1030,34320,2,1
17161,83,359.7,644.8,1030,34322,2,1
17162,83,359.1,644.8,1030,34324,2,1
17163,83,358.3,644.9,1030,34326,2,1
17164,83,357.6,644.9,1030,34328,2,1
17165,83,357.1,644.9,1030,34330,2,1
17166,83,356.5,645,1031,34332,2,1
17167,83,356,645.1,1031,34334,2,1
17168,83,355.6,645.1,1031,34336,2,1
17169,83,355.3,645.2,1031,34338,2,1
17170,83,355.4,645.3,1031,34340,2,1
17171,83,355.5,645.2,1031,34342,2,1
17172,83,355.6,644.8,1031,34344,2,1
17173,83,355.8,643.9,1031,34346,2,1
17174,83,355.7,643,1031,34348,2,1
17175,83,355.5,642.2,1031,34350,2,1
17176,83,355.3,641.4,1031,34352,2,1
17177,83,355.2,640.8,1031,34354,2,1
17178,83,355,640.4,1031,34356,2,1
17179,83,354.9,640.2,1031,34358,2,1
17180,83,354.9,640.5,1031,34360,2,1
17181,83,355.3,640.7,1031,34362,2,1
17182,83,355.7,641,1032,34364,2,1
17183,83,356.2,641.2,1032,34366,2,1
17184,83,356.5,641.2,1032,34368,2,1
17185,83,356.9,641.4,1032,34370,2,1
17186,83,357.2,641.4,1032,34372,2,1
17187,83,357.5,641.7,1032,34374,2,1
17188,83,357.7,642.1,1032,34376,2,1
17189,83,358,642.5,1032,34378,2,1
17190,83,358.3,642.8,1032,34380,2,1
17191,83,358.5,642.7,1032,34382,2,1
17192,83,358.8,642.1,1032,34384,2,1
17193,83,359.1,641.6,1032,34386,2,1
17194,83,359.2,640.7,1032,34388,2,1
17195,83,359.3,639.8,1032,34390,2,1
17196,83,359.4,638.9,1032,34392,2,1
17197,83,359.5,638.1,1032,34394,2,1
17198,83,359.6,637.8,1032,34396,2,1
17199,83,359.9,638,1033,34398,2,1
17200,83,360.3,638.5,1033,34400,2,1
17201,83,360.6,639,1033,34402,2,1
17202,83,361,639.5,1033,34404,2,1
17203,83,361.4,640,1033,34406,2,1
17204,83,361.7,640.4,1033,34408,2,1
17205,83,362.1,640.8,1033,34410,2,1
17206,83,362.3,641,1033,34412,2,1
17207,83,362.3,640.7,1033,34414,2,1
17208,83,362.6,640.4,1033,34416,2,1
17209,83,362.8,640.1,1033,34418,2,1
17210,83,363,640.1,1033,34420,2,1
17211,83,363.1,640.3,1033,34422,2,1
17212,83,363,640.7,1033,34424,2,1
17213,83,363,641.2,1033,34426,2,1
17214,83,362.9,641.8,1033,34428,2,1
17215,83,362.5,642.4,1033,34430,2,1
17216,83,362.2,643.2,1034,34432,2,1
17217,83,361.5,643.8,1034,34434,2,1
17218,83,360.9,644.2,1034,34436,2,1
17219,83,360.4,644.4,1034,34438,2,1
17220,83,359.9,644.1,1034,34440,2,1
17221,83,359.4,643.4,1034,34442,2,1
17222,83,359.8,642.6,1034,34444,2,1
17223,83,360.3,641.7,1034,34446,2,1
17224,83,361.2,640.8,1034,34448,2,1
17225,83,361.9,640,1034,34450,2,1
17226,83,362.7,639.1,1034,34452,2,1
17227,83,363.7,638.6,1034,34454,2,1
17228,83,364.7,638.5,1034,34456,2,1
17229,83,364.8,638.4,1034,34458,2,1
17230,83,364.9,638.3,1034,34460,2,1
17231,83,364.7,638.1,1034,34462,2,1
17232,83,364.6,638,1035,34464,2,1
17233,83,364.3,638,1035,34466,2,1
17234,83,363.9,638.4,1035,34468,2,1
17235,83,363.4,638.8,1035,34470,2,1
17236,83,363,639.2,1035,34472,2,1
17237,83,362.6,639.7,1035,34474,2,1
17238,83,362.5,640.1,1035,34476,2,1
17239,83,362.5,640.4,1035,34478,2,1
17240,83,362.5,640.6,1035,34480,2,1
17241,83,362.6,640.5,1035,34482,2,1
17242,83,362.7,640.4,1035,34484,2,1
17243,83,362.6,640.3,1035,34486,2,1
17244,83,362.4,640.2,1035,34488,2,1
17245,83,362.3,640.3,1035,34490,2,1
17246,83,362.2,640.4,1035,34492,2,1
17247,83,362.1,640.6,1035,34494,2,1
17248,83,362.1,640.7,1035,34496,2,1
17249,83,362.1,640.9,1036,34498,2,1
17250,83,362.1,640.8,1036,34500,2,1
17251,83,362.1,640.6,1036,34502,2,1
17252,83,361.9,640.3,1036,34504,2,1
17253,83,361.8,640,1036,34506,2,1
17254,83,361.7,639.7,1036,34508,2,1
17255,83,361.7,639.5,1036,34510,2,1
17256,83,362,639.3,1036,34512,2,1
17257,83,362.7,639.4,1036,34514,2,1
17258,83,363.5,639.5,1036,34516,2,1
17259,83,364.2,639.5,1036,34518,2,1
17260,83,364.9,639.6,1036,34520,2,1
17261,83,365.4,639.7,1036,34522,2,1
17262,83,366,639.8,1036,34524,2,1
17263,83,366.4,639.9,1036,34526,2,1
17264,83,366.7,640.1,1036,34528,2,1
17265,83,367.3,640.7,1036,34530,2,1
17266,83,369.2,641.3,1037,34532,2,1
17267,83,372.3,641.8,1037,34534,2,1
17268,83,377.1,642.1,1037,34536,2,1
17269,83,385.4,642,1037,34538,2,1
17270,83,396.6,641.8,1037,34540,2,1
17271,83,412.5,640.7,1037,34542,2,1
17272,83,434.3,638,1037,34544,2,1
17273,83,459.9,634.2,1037,34546,2,1
17274,83,489,629.9,1037,34548,2,1
17275,83,520.6,625.2,1037,34550,2,1
17276,83,553.9,620,1037,34552,2,1
17277,83,588,614.6,1037,34554,2,1
17278,83,620,609.7,1037,34556,2,1
17279,83,649.8,607.9,1037,34558,2,1
17280,83,678.2,607.8,1037,34560,2,1
17281,83,705.1,609.9,1037,34562,2,1
17282,83,733.1,613.6,1038,34564,2,1
17283,83,759.3,617.5,1038,34566,2,1
17284,83,786.3,622.2,1038,34568,2,1
17285,83,813.5,627,1038,34570,2,1
17286,83,840.4,630.7,1038,34572,2,1
17287,83,863.7,633.7,1038,34574,2,1
17288,83,884,635.1,1038,34576,2,1
17289,83,898.8,635.4,1038,34578,2,1
17290,83,909.8,635.6,1038,34580,2,1
17291,83,915.3,635.5,1038,34582,2,1
17292,83,918,635.5,1038,34584,2,1
17293,83,916.9,634.3,1038,34586,2,1
17294,83,915.8,633.2,1038,34588,2,1
17295,83,915.1,632.2,1038,34590,2,1
17296,83,914.6,631.3,1038,34592,2,1
17297,83,914.7,631.3,1038,34594,2,1
17298,83,915.7,631.8,1038,34596,2,1
17299,83,917.2,632.3,1039,34598,2,1
17300,83,918.9,633.3,1039,34600,2,1
17301,83,920.4,634.3,1039,34602,2,1
17302,83,921.5,635.2,1039,34604,2,1
17303,83,922.4,635.9,1039,34606,2,1
17304,83,923.3,636.1,1039,34608,2,1
17305,83,923.9,635.9,1039,34610,2,1
17306,83,924.1,635.6,1039,34612,2,1
17307,83,924,635.5,1039,34614,2,1
17308,83,923.7,635.3,1039,34616,2,1
17309,83,923.3,635.2,1039,34618,2,1
17310,83,922.9,635.2,1039,34620,2,1
17311,83,922.4,635.2,1039,34622,2,1
17312,83,922.2,635.1,1039,34624,2,1
17313,83,922,634.9,1039,34626,2,1
17314,83,922,634.8,1039,34628,2,1
17315,83,922.3,634.8,1039,34630,2,1
17316,83,922.7,634.9,1040,34632,2,1
17317,83,923,635,1040,34634,2,1
17318,83,923.1,635.3,1040,34636,2,1
17319,83,922.8,635.6,1040,34638,2,1
17320,83,922.1,636.1,1040,34640,2,1
17321,83,921.4,636.4,1040,34642,2,1
17322,83,920.6,636.5,1040,34644,2,1
17323,83,919.9,636.6,1040,34646,2,1
17324,83,919.3,636.5,1040,34648,2,1
17325,83,918.8,636.3,1040,34650,2,1
17326,83,918.7,636.2,1040,34652,2,1
17327,83,918.9,635.9,1040,34654,2,1
17328,83,919.1,635.7,1040,34656,2,1
17329,83,919.3,635.2,1040,34658,2,1
17330,83,919.5,634.8,1040,34660,2,1
17331,83,919.7,634,1040,34662,2,1
17332,83,919.8,633.2,1041,34664,2,1
17333,83,919.9,632.4,1041,34666,2,1
17334,83,920,631.6,1041,34668,2,1
17335,83,920.2,630.9,1041,34670,2,1
17336,83,920.3,630.6,1041,34672,2,1
17337,83,920.3,630.3,1041,34674,2,1
17338,83,920,630.5,1041,34676,2,1
17339,83,919.7,630.8,1041,34678,2,1
17340,83,919.3,631.5,1041,34680,2,1
17341,83,918.9,632.9,1041,34682,2,1
17342,83,918.3,634.3,1041,34684,2,1
17343,83,917.8,635.4,1041,34686,2,1
17344,83,917.4,636.5,1041,34688,2,1
17345,83,917.3,637.4,1041,34690,2,1
17346,83,917.3,637.8,1041,34692,2,1
17347,83,917.3,637.9,1041,34694,2,1
17348,83,916.9,637.4,1041,34696,2,1
17349,83,916.6,636.9,1042,34698,2,1
17350,83,916.3,636.2,1042,34700,2,1
17351,83,916.1,635.3,1042,34702,2,1
17352,83,916,634.4,1042,34704,2,1
17353,83,915.8,634,1042,34706,2,1
17354,83,915.6,633.8,1042,34708,2,1
17355,83,915.4,633.6,1042,34710,2,1
17356,83,915.2,633.4,1042,34712,2,1
17357,83,914.9,633.3,1042,34714,2,1
17358,83,914.3,633.6,1042,34716,2,1
17359,83,913.6,633.9,1042,34718,2,1
17360,83,912.9,634.3,1042,34720,2,1
17361,83,912.2,634.6,1042,34722,2,1
17362,83,911.6,634.8,1042,34724,2,1
17363,83,911.3,635,1042,34726,2,1
17364,83,910.9,635.2,1042,34728,2,1
17365,83,910.9,635.3,1042,34730,2,1
17366,83,911.1,635.2,1043,34732,2,1
17367,83,911.3,635.1,1043,34734,2,1
17368,83,911.6,635,1043,34736,2,1
17369,83,911.8,634.9,1043,34738,2,1
17370,83,912.1,634.8,1043,34740,2,1
17371,83,912.1,634.6,1043,34742,2,1
17372,83,912.2,634.5,1043,34744,2,1
17373,83,912,634.5,1043,34746,2,1
17374,83,911.8,634.4,1043,34748,2,1
17375,83,911.5,634.4,1043,34750,2,1
17376,83,911.5,634.5,1043,34752,2,1
17377,83,911.6,634.8,1043,34754,2,1
17378,83,911.8,635.1,1043,34756,2,1
17379,83,912.1,635.4,1043,34758,2,1
17380,83,912.5,635.6,1043,34760,2,1
17381,83,912.9,635.6,1043,34762,2,1
17382,83,913.1,635.5,1044,34764,2,1
17383,83,913,635.3,1044,34766,2,1
17384,83,912.8,635,1044,34768,2,1
17385,83,912.4,634.7,1044,34770,2,1
17386,83,911.8,634.6,1044,34772,2,1
17387,83,911.2,634.6,1044,34774,2,1
17388,83,910.7,634.8,1044,34776,2,1
17389,83,910.4,635.1,1044,34778,2,1
17390,83,910.2,635.2,1044,34780,2,1
17391,83,910.1,635.2,1044,34782,2,1
17392,83,910.3,635.1,1044,34784,2,1
17393,83,910.5,635.2,1044,34786,2,1
17394,83,910.8,635.1,1044,34788,2,1
17395,83,910.9,635.1,1044,34790,2,1
17396,83,911,635.2,1044,34792,2,1
17397,83,911.2,635.5,1044,34794,2,1
17398,83,911.3,635.8,1044,34796,2,1
17399,83,911.3,635.9,1045,34798,2,1
17400,83,911.3,635.5,1045,34800,2,1
17401,83,911.4,635.1,1045,34802,2,1
17402,83,911.6,634.6,1045,34804,2,1
17403,83,912.1,633.8,1045,34806,2,1
17404,83,912.5,633.1,1045,34808,2,1
17405,83,912.9,632.4,1045,34810,2,1
17406,83,913.1,631.9,1045,34812,2,1
17407,83,913.4,631.7,1045,34814,2,1
17408,83,913.6,631.5,1045,34816,2,1
17409,83,913.9,631.5,1045,34818,2,1
17410,83,914.1,631.6,1045,34820,2,1
17411,83,914.3,631.7,1045,34822,2,1
17412,83,914.9,631.7,1045,34824,2,1
17413,83,915.4,631.6,1045,34826,2,1
17414,83,916,631.6,1045,34828,2,1
17415,83,916.5,631.6,1045,34830,2,1
17416,83,916.9,631.6,1046,34832,2,1
17417,83,916.9,631.6,1046,34834,2,1
17418,83,916.7,631.7,1046,34836,2,1
17419,83,916.3,631.8,1046,34838,2,1
17420,83,915.8,631.9,1046,34840,2,1
17421,83,915.4,632.1,1046,34842,2,1
17422,83,915,632.3,1046,34844,2,1
17423,83,914.8,632.5,1046,34846,2,1
17424,83,915,632.7,1046,34848,2,1
17425,83,915.2,632.8,1046,34850,2,1
17426,83,915.4,632.8,1046,34852,2,1
17427,83,915.5,632.7,1046,34854,2,1
17428,83,915.7,632.5,1046,34856,2,1
17429,83,915.9,632.3,1046,34858,2,1
17430,83,915.9,632.1,1046,34860,2,1
17431,83,915.7,632.1,1046,34862,2,1
17432,83,915.5,631.9,1047,34864,2,1
17433,83,915.2,631.8,1047,34866,2,1
17434,83,914.9,631.7,1047,34868,2,1
17435,83,914.7,631.6,1047,34870,2,1
17436,83,914.4,631.5,1047,34872,2,1
17437,83,914.3,631.3,1047,34874,2,1
17438,83,914.1,631.1,1047,34876,2,1
17439,83,914.6,630.8,1047,34878,2,1
17440,83,915.2,630.6,1047,34880,2,1
17441,83,915.7,630.4,1047,34882,2,1
17442,83,916.1,630.2,1047,34884,2,1
17443,83,916.2,630,1047,34886,2,1
17444,83,916.4,629.9,1047,34888,2,1
17445,83,916.4,629.9,1047,34890,2,1
17446,83,916,630,1047,34892,2,1
17447,83,915.5,630.1,1047,34894,2,1
17448,83,915,630.6,1047,34896,2,1
17449,83,914.6,631.4,1048,34898,2,1
17450,83,914.5,631.9,1048,34900,2,1
17451,83,914.6,632.4,1048,34902,2,1
17452,83,914.8,632.6,1048,34904,2,1
17453,83,914.9,632.4,1048,34906,2,1
17454,83,915.2,632.2,1048,34908,2,1
17455,83,915.5,631.5,1048,34910,2,1
17456,83,915.8,630.6,1048,34912,2,1
17457,83,916,629.7,1048,34914,2,1
17458,83,916.1,628.8,1048,34916,2,1
17459,83,916.4,628.3,1048,34918,2,1
17460,83,916.8,628.1,1048,34920,2,1
17461,83,917.5,628.1,1048,34922,2,1
17462,83,918.3,628.5,1048,34924,2,1
17463,83,919,628.8,1048,34926,2,1
17464,83,919.7,629.2,1048,34928,2,1
17465,83,920.4,629.4,1048,34930,2,1
17466,83,921,629.3,1049,34932,2,1
17467,83,921.2,629.2,1049,34934,2,1
17468,83,920.7,629.1,1049,34936,2,1
17469,83,919.7,629,1049,34938,2,1
17470,83,918.7,628.9,1049,34940,2,1
17471,83,917.7,628.8,1049,34942,2,1
17472,83,916.7,628.8,1049,34944,2,1
17473,83,915.7,628.8,1049,34946,2,1
17474,83,915,628.8,1049,34948,2,1
17475,83,914.6,628.7,1049,34950,2,1
17476,83,914.7,628.5,1049,34952,2,1
17477,83,915,628.2,1049,34954,2,1
17478,83,915.3,627.3,1049,34956,2,1
17479,83,915.8,626.5,1049,34958,2,1
17480,83,916.3,625.8,1049,34960,2,1
17481,83,916.9,625.2,1049,34962,2,1
17482,83,917.3,624.5,1050,34964,2,1
17483,83,917.8,623.9,1050,34966,2,1
17484,83,918.3,623.3,1050,34968,2,1
17485,83,918.7,623.4,1050,34970,2,1
17486,83,919.1,623.8,1050,34972,2,1
17487,83,921.6,623.9,1050,34974,2,1
17488,83,925.6,624,1050,34976,2,1
17489,83,932,623.5,1050,34978,2,1
17490,83,941.9,622.6,1050,34980,2,1
17491,83,954.8,620.7,1050,34982,2,1
17492,83,972.2,616.8,1050,34984,2,1
17493,83,992.7,611.5,1050,34986,2,1
17494,83,1014.1,604.6,1050,34988,2,1
17495,83,1038.4,596.2,1050,34990,2,1
17496,83,1062.3,587.9,1050,34992,2,1
17497,83,1083.3,580,1050,34994,2,1
17498,83,1102.7,572.9,1050,34996,2,1
17499,83,1118.7,567.5,1051,34998,2,1
17500,83,1133.9,562.9,1051,35000,2,1
17501,83,1147.8,560,1051,35002,2,1
17502,83,1159.5,558.4,1051,35004,2,1
17503,83,1169.1,557.1,1051,35006,2,1
17504,83,1178.3,555.8,1051,35008,2,1
17505,83,1186,554.8,1051,35010,2,1
17506,83,1192.7,554,1051,35012,2,1
17507,83,1197.3,553.5,1051,35014,2,1
17508,83,1200.3,553.2,1051,35016,2,1
17509,83,1201.2,553.1,1051,35018,2,1
17510,83,1202,552.7,1051,35020,2,1
17511,83,1202.7,552,1051,35022,2,1
17512,83,1203.2,551.4,1051,35024,2,1
17513,83,1203.6,550.8,1051,35026,2,1
17514,83,1203.6,549.9,1051,35028,2,1
17515,83,1203.7,549.1,1051,35030,2,1
17516,83,1203.8,548.4,1052,35032,2,1
17517,83,1204,548.1,1052,35034,2,1
17518,83,1204.6,548.2,1052,35036,2,1
17519,83,1205.2,548.3,1052,35038,2,1
17520,83,1205.8,548.5,1052,35040,2,1
17521,83,1206.3,549,1052,35042,2,1
17522,83,1206.6,549.5,1052,35044,2,1
17523,83,1206.9,550,1052,35046,2,1
17524,83,1207.8,550.4,1052,35048,2,1
17525,83,1208.6,550.4,1052,35050,2,1
17526,83,1209.4,550.4,1052,35052,2,1
17527,83,1210.3,550.4,1052,35054,2,1
17528,83,1211.3,550.2,1052,35056,2,1
17529,83,1212.3,550,1052,35058,2,1
17530,83,1213.2,549.5,1052,35060,2,1
17531,83,1213.3,549.2,1052,35062,2,1
17532,83,1213.4,548.9,1053,35064,2,1
17533,83,1213.6,548.6,1053,35066,2,1
17534,83,1213.8,548.3,1053,35068,2,1
17535,83,1214,548,1053,35070,2,1
17536,83,1214.3,547.4,1053,35072,2,1
17537,83,1215,546.8,1053,35074,2,1
17538,83,1215.8,546.2,1053,35076,2,1
17539,83,1216.6,545.6,1053,35078,2,1
17540,83,1217.2,545,1053,35080,2,1
17541,83,1217.8,544.6,1053,35082,2,1
17542,83,1218.4,544.4,1053,35084,2,1
17543,83,1218.8,544.4,1053,35086,2,1
17544,83,1218.9,544.5,1053,35088,2,1
17545,83,1218.8,544.6,1053,35090,2,1
17546,83,1218.7,544.6,1053,35092,2,1
17547,83,1218.6,544.6,1053,35094,2,1
17548,83,1218.5,544.5,1053,35096,2,1
17549,83,1217.6,544.4,1054,35098,2,1
17550,83,1216.6,544.4,1054,35100,2,1
17551,83,1215.6,544.5,1054,35102,2,1
17552,83,1214.7,544.7,1054,35104,2,1
17553,83,1214.1,545,1054,35106,2,1
17554,83,1213.5,545.3,1054,35108,2,1
17555,83,1212.8,545.7,1054,35110,2,1
17556,83,1213,545.9,1054,35112,2,1
17557,83,1213.2,546,1054,35114,2,1
17558,83,1213.5,546,1054,35116,2,1
17559,83,1213.7,546,1054,35118,2,1
17560,83,1213.4,546.1,1054,35120,2,1
17561,83,1213.1,546.2,1054,35122,2,1
17562,83,1212.7,546.3,1054,35124,2,1
17563,83,1212.6,546.3,1054,35126,2,1
17564,83,1212.7,545.9,1054,35128,2,1
17565,83,1212.7,545.6,1054,35130,2,1
17566,83,1212.7,545.1,1055,35132,2,1
17567,83,1212.8,544.8,1055,35134,2,1
17568,83,1212.6,544.6,1055,35136,2,1
17569,83,1212.7,544.4,1055,35138,2,1
17570,83,1212.7,544.2,1055,35140,2,1
17571,83,1212.7,544.3,1055,35142,2,1
17572,83,1212.6,544.5,1055,35144,2,1
17573,83,1212.6,544.9,1055,35146,2,1
17574,83,1212.6,545.2,1055,35148,2,1
17575,83,1212.8,545.4,1055,35150,2,1
17576,83,1213,545.6,1055,35152,2,1
17577,83,1213.1,545.8,1055,35154,2,1
17578,83,1213.1,546,1055,35156,2,1
17579,83,1212.2,546.3,1055,35158,2,1
17580,83,1211.1,547.3,1055,35160,2,1
17581,83,1209.9,548.3,1055,35162,2,1
17582,83,1208.5,549.4,1056,35164,2,1
17583,83,1207.2,550.6,1056,35166,2,1
17584,83,1206,551.8,1056,35168,2,1
17585,83,1204.8,552.9,1056,35170,2,1
17586,83,1204.4,553.9,1056,35172,2,1
17587,83,1204.4,554.4,1056,35174,2,1
17588,83,1204.5,554.7,1056,35176,2,1
17589,83,1204.6,554.7,1056,35178,2,1
17590,83,1204.8,554.6,1056,35180,2,1
17591,83,1204.9,554.5,1056,35182,2,1
17592,83,1204.9,554.4,1056,35184,2,1
17593,83,1204.9,554.1,1056,35186,2,1
17594,83,1204.9,553.6,1056,35188,2,1
17595,83,1205,553.1,1056,35190,2,1
17596,83,1205.1,552.7,1056,35192,2,1
17597,83,1205.2,552.5,1056,35194,2,1
17598,83,1205.4,552.3,1056,35196,2,1
17599,83,1205.6,552.2,1057,35198,2,1
17600,83,1205.7,552.3,1057,35200,2,1
17601,83,1205.8,552.5,1057,35202,2,1
17602,83,1205.9,552.6,1057,35204,2,1
17603,83,1206.2,552.7,1057,35206,2,1
17604,83,1206.5,552.4,1057,35208,2,1
17605,83,1206.7,552.1,1057,35210,2,1
17606,83,1207,551.8,1057,35212,2,1
17607,83,1207.3,551.5,1057,35214,2,1
17608,83,1207.8,551,1057,35216,2,1
17609,83,1208.2,550.5,1057,35218,2,1
17610,83,1208.3,550.2,1057,35220,2,1
17611,83,1208.5,550.1,1057,35222,2,1
17612,83,1208.5,550.1,1057,35224,2,1
17613,83,1208.5,550,1057,35226,2,1
17614,83,1208.4,550,1057,35228,2,1
17615,83,1208.3,549.9,1057,35230,2,1
17616,83,1208.2,550.6,1058,35232,2,1
17617,83,1208,551.2,1058,35234,2,1
17618,83,1207.8,551.9,1058,35236,2,1
17619,83,1207.6,552.6,1058,35238,2,1
17620,83,1207.5,553.3,1058,35240,2,1
17621,83,1207.3,554,1058,35242,2,1
17622,83,1207.1,555,1058,35244,2,1
17623,83,1207,555.3,1058,35246,2,1
17624,83,1207.1,555.4,1058,35248,2,1
17625,83,1207.3,555.5,1058,35250,2,1
17626,83,1207.6,555.7,1058,35252,2,1
17627,83,1207.9,555.7,1058,35254,2,1
17628,83,1208.1,555.8,1058,35256,2,1
17629,83,1208.3,555.7,1058,35258,2,1
17630,83,1208.3,555,1058,35260,2,1
17631,83,1208.3,554.3,1058,35262,2,1
17632,83,1208.5,553.4,1059,35264,2,1
17633,83,1208.6,552.6,1059,35266,2,1
17634,83,1208.6,551.9,1059,35268,2,1
17635,83,1208.5,551.3,1059,35270,2,1
17636,83,1208.4,550.7,1059,35272,2,1
17637,83,1208.5,550.7,1059,35274,2,1
17638,83,1208.5,550.9,1059,35276,2,1
17639,83,1208.4,551.2,1059,35278,2,1
17640,83,1208.2,551.6,1059,35280,2,1
17641,83,1208,552.2,1059,35282,2,1
17642,83,1207.8,552.9,1059,35284,2,1
17643,83,1207.4,553.7,1059,35286,2,1
17644,83,1207.2,554.3,1059,35288,2,1
17645,83,1207.2,554.6,1059,35290,2,1
17646,83,1207.2,554.6,1059,35292,2,1
17647,83,1207.2,554.8,1059,35294,2,1
17648,83,1207.4,554.8,1059,35296,2,1
17649,83,1207.5,554.7,1060,35298,2,1
17650,83,1207.7,554.5,1060,35300,2,1
17651,83,1207.9,554.4,1060,35302,2,1
17652,83,1208.2,554.2,1060,35304,2,1
17653,83,1208.6,554.2,1060,35306,2,1
17654,83,1208.9,554.1,1060,35308,2,1
17655,83,1209,554,1060,35310,2,1
17656,83,1209.1,554.1,1060,35312,2,1
17657,83,1209.1,554.3,1060,35314,2,1
17658,83,1209.2,554.6,1060,35316,2,1
17659,83,1209.2,555,1060,35318,2,1
17660,83,1209.1,555.6,1060,35320,2,1
17661,83,1208.8,556.4,1060,35322,2,1
17662,83,1208.6,557.4,1060,35324,2,1
17663,83,1208.2,558.5,1060,35326,2,1
17664,83,1207.9,559.4,1060,35328,2,1
17665,83,1207.5,560,1060,35330,2,1
17666,83,1207.1,560.4,1061,35332,2,1
17667,83,1206.7,560.7,1061,35334,2,1
17668,83,1206.2,560.8,1061,35336,2,1
17669,83,1205.8,560.5,1061,35338,2,1
17670,83,1205.3,560.2,1061,35340,2,1
17671,83,1204.8,559.9,1061,35342,2,1
17672,83,1204.1,559.6,1061,35344,2,1
17673,83,1203.3,559.4,1061,35346,2,1
17674,83,1202.6,559.1,1061,35348,2,1
17675,83,1202.1,558.9,1061,35350,2,1
17676,83,1201.6,558.8,1061,35352,2,1
17677,83,1201.4,558.7,1061,35354,2,1
17678,83,1201.2,558.6,1061,35356,2,1
17679,83,1201.5,558.5,1061,35358,2,1
17680,83,1201.9,558.3,1061,35360,2,1
17681,83,1202.4,558.2,1061,35362,2,1
17682,83,1202.8,558.2,1062,35364,2,1
17683,83,1203.3,558.6,1062,35366,2,1
17684,83,1203.5,558.9,1062,35368,2,1
17685,83,1203.8,559.3,1062,35370,2,1
17686,83,1203.6,559.9,1062,35372,2,1
17687,83,1203.2,560.6,1062,35374,2,1
17688,83,1202.6,561.3,1062,35376,2,1
17689,83,1202.1,562,1062,35378,2,1
17690,83,1201.7,562.2,1062,35380,2,1
17691,83,1201.4,562.4,1062,35382,2,1
17692,83,1201.1,562.6,1062,35384,2,1
17693,83,1201.2,562.6,1062,35386,2,1
17694,83,1201.2,562.3,1062,35388,2,1
17695,83,1201.2,561.9,1062,35390,2,1
17696,83,1201.1,561.4,1062,35392,2,1
17697,83,1200.9,560.9,1062,35394,2,1
17698,83,1200.6,560.5,1062,35396,2,1
17699,83,1200.4,560.2,1063,35398,2,1
17700,83,1200.2,559.7,1063,35400,2,1
17701,83,1200.2,559.5,1063,35402,2,1
17702,83,1200.5,559.1,1063,35404,2,1
17703,83,1201.2,558.9,1063,35406,2,1
17704,83,1202.1,558.6,1063,35408,2,1
17705,83,1203.1,558.3,1063,35410,2,1
17706,83,1204.1,558,1063,35412,2,1
17707,83,1205.1,557.7,1063,35414,2,1
17708,83,1205.8,557.5,1063,35416,2,1
17709,83,1206.4,557.4,1063,35418,2,1
17710,83,1206.3,557.5,1063,35420,2,1
17711,83,1206.2,557.5,1063,35422,2,1
17712,83,1205.7,557.6,1063,35424,2,1
17713,83,1205.1,557.5,1063,35426,2,1
17714,83,1204.4,557.7,1063,35428,2,1
17715,83,1203.9,557.9,1063,35430,2,1
17716,83,1203.5,557.9,1064,35432,2,1
17717,83,1203.3,558.2,1064,35434,2,1
17718,83,1203,558.6,1064,35436,2,1
17719,83,1202.8,559.1,1064,35438,2,1
17720,83,1202.8,559.4,1064,35440,2,1
17721,83,1203,559.8,1064,35442,2,1
17722,83,1203,560.3,1064,35444,2,1
17723,83,1202.9,560.7,1064,35446,2,1
17724,83,1202.2,561,1064,35448,2,1
17725,83,1201.5,561.3,1064,35450,2,1
17726,83,1200.8,561.6,1064,35452,2,1
17727,83,1200.2,561.8,1064,35454,2,1
17728,83,1199.5,562,1064,35456,2,1
17729,83,1198.9,562.1,1064,35458,2,1
17730,83,1198.4,562.2,1064,35460,2,1
17731,83,1198.4,562.1,1064,35462,2,1
17732,83,1198.5,562,1065,35464,2,1
17733,83,1198.5,561.9,1065,35466,2,1
17734,83,1198.5,561.7,1065,35468,2,1
17735,83,1198,561.7,1065,35470,2,1
17736,83,1197.5,561.9,1065,35472,2,1
17737,83,1197.2,562.3,1065,35474,2,1
17738,83,1196.7,562.9,1065,35476,2,1
17739,83,1196.2,563.5,1065,35478,2,1
17740,83,1195.4,563.8,1065,35480,2,1
17741,83,1194.7,564.1,1065,35482,2,1
17742,83,1194.4,564.4,1065,35484,2,1
17743,83,1194.2,564.6,1065,35486,2,1
17744,83,1194,564.7,1065,35488,2,1
17745,83,1193.8,564.8,1065,35490,2,1
17746,83,1193.5,564.9,1065,35492,2,1
17747,83,1193.3,565.1,1065,35494,2,1
17748,83,1193.1,565.3,1065,35496,2,1
17749,83,1192.9,565.3,1066,35498,2,1
17750,83,1192.7,565.2,1066,35500,2,1
17751,83,1192.4,565,1066,35502,2,1
17752,83,1192.1,564.8,1066,35504,2,1
17753,83,1191.9,564.6,1066,35506,2,1
17754,83,1191.7,564.7,1066,35508,2,1
17755,83,1191.6,564.7,1066,35510,2,1
17756,83,1191.4,564.7,1066,35512,2,1
17757,83,1191.1,564.7,1066,35514,2,1
17758,83,1190.9,564.7,1066,35516,2,1
17759,83,1190.5,564.5,1066,35518,2,1
17760,83,1189.9,564.4,1066,35520,2,1
17761,83,1189.5,564.2,1066,35522,2,1
17762,83,1189.1,563.9,1066,35524,2,1
17763,83,1188.9,563.6,1066,35526,2,1
17764,83,1188.8,563.4,1066,35528,2,1
17765,83,1189,563.3,1066,35530,2,1
17766,83,1189.1,563.4,1067,35532,2,1
17767,83,1189.6,563.8,1067,35534,2,1
17768,83,1190,564.1,1067,35536,2,1
17769,83,1190.4,564.4,1067,35538,2,1
17770,83,1190.7,564.7,1067,35540,2,1
17771,83,1190.7,565.1,1067,35542,2,1
17772,83,1190.5,565.5,1067,35544,2,1
17773,83,1190.5,565.8,1067,35546,2,1
17774,83,1190.4,565.8,1067,35548,2,1
17775,83,1190.3,565.9,1067,35550,2,1
17776,83,1190,566,1067,35552,2,1
17777,83,1190,566.2,1067,35554,2,1
17778,83,1190.1,566.4,1067,35556,2,1
17779,83,1190.2,566.4,1067,35558,2,1
17780,83,1190.3,566.3,1067,35560,2,1
17781,83,1190.4,566.2,1067,35562,2,1
17782,83,1190.3,566.1,1068,35564,2,1
17783,83,1190.2,565.8,1068,35566,2,1
17784,83,1189.8,565.7,1068,35568,2,1
17785,83,1189.4,565.7,1068,35570,2,1
17786,83,1188.1,566,1068,35572,2,1
17787,83,1186.8,566.3,1068,35574,2,1
17788,83,1185.7,566.5,1068,35576,2,1
17789,83,1184.9,566.8,1068,35578,2,1
17790,83,1184.8,567,1068,35580,2,1
17791,83,1184.7,567.2,1068,35582,2,1
17792,83,1184.5,567.4,1068,35584,2,1
17793,83,1185.3,567.1,1068,35586,2,1
17794,83,1186.1,566.7,1068,35588,2,1
17795,83,1186.7,566.3,1068,35590,2,1
17796,83,1187.2,565.9,1068,35592,2,1
17797,83,1187.1,565.7,1068,35594,2,1
17798,83,1186.8,565.6,1068,35596,2,1
17799,83,1186.5,565.8,1069,35598,2,1
17800,83,1186.3,566,1069,35600,2,1
17801,83,1186.1,566.5,1069,35602,2,1
17802,83,1185.9,567.1,1069,35604,2,1
17803,83,1185.8,567.7,1069,35606,2,1
17804,83,1185.8,568.2,1069,35608,2,1
17805,83,1185.8,568.7,1069,35610,2,1
17806,83,1185.8,569,1069,35612,2,1
17807,83,1185.8,569.2,1069,35614,2,1
17808,83,1185.7,569.2,1069,35616,2,1
17809,83,1185.7,568.8,1069,35618,2,1
17810,83,1185.6,568.3,1069,35620,2,1
17811,83,1183.3,567.9,1069,35622,2,1
17812,83,1179.3,567.5,1069,35624,2,1
17813,83,1171.2,566.7,1069,35626,2,1
17814,83,1161.2,565,1069,35628,2,1
17815,83,1147.1,563.3,1069,35630,2,1
17816,83,1128.5,560.5,1070,35632,2,1
17817,83,1104.9,557,1070,35634,2,1
17818,83,1081,553,1070,35636,2,1
17819,83,1054.6,547.9,1070,35638,2,1
17820,83,1029.2,542.2,1070,35640,2,1
17821,83,1003,537.8,1070,35642,2,1
17822,83,977.4,533,1070,35644,2,1
17823,83,953.2,529.9,1070,35646,2,1
17824,83,930.9,527.7,1070,35648,2,1
17825,83,908.4,526.1,1070,35650,2,1
17826,83,887.2,525.1,1070,35652,2,1
17827,83,867.1,525.1,1070,35654,2,1
17828,83,849,524.7,1070,35656,2,1
17829,83,833.9,524.2,1070,35658,2,1
17830,83,820.4,523.7,1070,35660,2,1
17831,83,810.1,523.1,1070,35662,2,1
17832,83,802.5,522.3,1071,35664,2,1
17833,83,797.8,521.9,1071,35666,2,1
17834,83,795.1,521,1071,35668,2,1
17835,83,792.9,519.8,1071,35670,2,1
17836,83,791.2,519.2,1071,35672,2,1
17837,83,791,518.2,1071,35674,2,1
17838,83,790.2,517.1,1071,35676,2,1
17839,83,789.1,516.3,1071,35678,2,1
17840,83,787.8,515.5,1071,35680,2,1
17841,83,786.4,515.4,1071,35682,2,1
17842,83,785,515.7,1071,35684,2,1
17843,83,783.8,516.2,1071,35686,2,1
17844,83,782.3,516.9,1071,35688,2,1
17845,83,781.4,517.8,1071,35690,2,1
17846,83,780.9,518.7,1071,35692,2,1
17847,83,780.5,519.4,1071,35694,2,1
17848,83,780.4,519.8,1071,35696,2,1
17849,83,780.1,520.1,1072,35698,2,1
17850,83,779.9,520.4,1072,35700,2,1
17851,83,779.7,520.6,1072,35702,2,1
17852,83,779.6,520.1,1072,35704,2,1
17853,83,779.2,519.5,1072,35706,2,1
17854,83,778.8,519,1072,35708,2,1
17855,83,778.4,518.5,1072,35710,2,1
17856,83,777.5,518.2,1072,35712,2,1
17857,83,776.7,518.5,1072,35714,2,1
17858,83,776,518.8,1072,35716,2,1
17859,83,775.4,519.5,1072,35718,2,1
17860,83,775.1,520.2,1072,35720,2,1
17861,83,774.7,521,1072,35722,2,1
17862,83,774.2,521.6,1072,35724,2,1
17863,83,774,522.2,1072,35726,2,1
17864,83,773.8,522.3,1072,35728,2,1
17865,83,773.5,522.4,1072,35730,2,1
17866,83,773.1,522.4,1073,35732,2,1
17867,83,772.7,522.6,1073,35734,2,1
17868,83,772.4,523,1073,35736,2,1
17869,83,772.3,523.7,1073,35738,2,1
17870,83,772.8,524.4,1073,35740,2,1
17871,83,773.2,524.9,1073,35742,2,1
17872,83,773.7,525.5,1073,35744,2,1
17873,83,774.4,525.9,1073,35746,2,1
17874,83,775,526,1073,35748,2,1
17875,83,775.5,526.1,1073,35750,2,1
17876,83,775.9,525.7,1073,35752,2,1
17877,83,776,525.4,1073,35754,2,1
17878,83,776.3,525.1,1073,35756,2,1
17879,83,776.6,524.8,1073,35758,2,1
17880,83,777.1,524.5,1073,35760,2,1
17881,83,777.4,524.4,1073,35762,2,1
17882,83,777.8,524.4,1074,35764,2,1
17883,83,778,524.6,1074,35766,2,1
17884,83,778.1,524.7,1074,35768,2,1
17885,83,778,524.8,1074,35770,2,1
17886,83,777.8,524.8,1074,35772,2,1
17887,83,777.6,525.1,1074,35774,2,1
17888,83,777.6,525.4,1074,35776,2,1
17889,83,777.5,525.7,1074,35778,2,1
17890,83,777.6,526,1074,35780,2,1
17891,83,777.5,526.3,1074,35782,2,1
17892,83,777.4,526.6,1074,35784,2,1
17893,83,777.3,526.8,1074,35786,2,1
17894,83,777.2,526.9,1074,35788,2,1
17895,83,777,527,1074,35790,2,1
17896,83,776.7,527.2,1074,35792,2,1
17897,83,776.5,527.4,1074,35794,2,1
17898,83,776.3,527.4,1074,35796,2,1
17899,83,776.3,527.4,1075,35798,2,1
17900,83,776.1,527.3,1075,35800,2,1
17901,83,776,527.1,1075,35802,2,1
17902,83,775.9,526.8,1075,35804,2,1
17903,83,775.9,526.6,1075,35806,2,1
17904,83,775.9,526.3,1075,35808,2,1
17905,83,776,526.1,1075,35810,2,1
17906,83,776,525.9,1075,35812,2,1
17907,83,776.2,525.9,1075,35814,2,1
17908,83,776.6,526.1,1075,35816,2,1
17909,83,776.9,526.3,1075,35818,2,1
17910,83,777.2,526.4,1075,35820,2,1
17911,83,777.4,526.5,1075,35822,2,1
17912,83,777.6,526.6,1075,35824,2,1
17913,83,777.7,526.6,1075,35826,2,1
17914,83,777.7,526.5,1075,35828,2,1
17915,83,777.6,526.2,1076,35830,2,1
17916,83,777.6,526,1076,35832,2,1
17917,83,777.7,525.7,1076,35834,2,1
17918,83,777.7,525.6,1076,35836,2,1
17919,83,777.7,525.5,1076,35838,2,1
17920,83,777.7,525.4,1076,35840,2,1
17921,83,777.7,525.3,1076,35842,2,1
17922,83,777.7,525.3,1076,35844,2,1
17923,83,777.6,525.3,1076,35846,2,1
17924,83,777.4,525.3,1076,35848,2,1
17925,83,777.1,525.4,1076,35850,2,1
17926,83,776.7,525.6,1076,35852,2,1
17927,83,776.4,526,1076,35854,2,1
17928,83,776.1,526.4,1076,35856,2,1
17929,83,775.7,526.7,1076,35858,2,1
17930,83,775.4,527.1,1076,35860,2,1
17931,83,775.2,527.5,1076,35862,2,1
17932,83,775.1,527.8,1077,35864,2,1
17933,83,775.7,527.9,1077,35866,2,1
17934,83,776.3,527.7,1077,35868,2,1
17935,83,776.9,527.5,1077,35870,2,1
17936,83,777.4,527.3,1077,35872,2,1
17937,83,777.7,527.1,1077,35874,2,1
17938,83,777.9,527,1077,35876,2,1
17939,83,777.9,527,1077,35878,2,1
17940,83,777.2,527.2,1077,35880,2,1
17941,83,776.5,527.5,1077,35882,2,1
17942,83,775.8,528,1077,35884,2,1
17943,83,775.3,528.5,1077,35886,2,1
17944,83,775.1,528.9,1077,35888,2,1
17945,83,775,529.3,1077,35890,2,1
17946,83,775.1,529.6,1077,35892,2,1
17947,83,775.3,529.9,1077,35894,2,1
17948,83,775.7,530.2,1077,35896,2,1
17949,83,776,530.3,1078,35898,2,1
17950,83,776.4,530.2,1078,35900,2,1
17951,83,776.7,529.8,1078,35902,2,1
17952,83,776.7,529.5,1078,35904,2,1
17953,83,776.5,529.3,1078,35906,2,1
17954,83,776.2,529,1078,35908,2,1
17955,83,775.7,528.7,1078,35910,2,1
17956,83,775.1,528.6,1078,35912,2,1
17957,83,774.5,528.5,1078,35914,2,1
17958,83,773.9,528.6,1078,35916,2,1
17959,83,773.6,528.8,1078,35918,2,1
17960,83,773.5,528.9,1078,35920,2,1
17961,83,773.6,528.8,1078,35922,2,1
17962,83,773.8,528.8,1078,35924,2,1
17963,83,774.1,528.8,1078,35926,2,1
17964,83,774.4,528.7,1078,35928,2,1
17965,83,774.9,528.8,1078,35930,2,1
17966,83,775.2,528.9,1079,35932,2,1
17967,83,775.5,529,1079,35934,2,1
17968,83,775.6,529,1079,35936,2,1
17969,83,775.7,529.5,1079,35938,2,1
17970,83,775.7,530,1079,35940,2,1
17971,83,775.6,530.4,1079,35942,2,1
17972,83,775.3,530.7,1079,35944,2,1
17973,83,775.1,530.9,1079,35946,2,1
17974,83,774.9,530.8,1079,35948,2,1
17975,83,775,530.8,1079,35950,2,1
17976,83,775.1,530.3,1079,35952,2,1
17977,83,775.2,529.8,1079,35954,2,1
17978,83,775.4,529.5,1079,35956,2,1
17979,83,775.6,529.2,1079,35958,2,1
17980,83,775.7,529.1,1079,35960,2,1
17981,83,775.8,528.9,1079,35962,2,1
17982,83,775.6,528.8,1080,35964,2,1
17983,83,775.3,528.6,1080,35966,2,1
17984,83,774.9,528.5,1080,35968,2,1
17985,83,774.6,528.3,1080,35970,2,1
17986,83,774.1,528.1,1080,35972,2,1
17987,83,773.5,527.8,1080,35974,2,1
17988,83,773,527.7,1080,35976,2,1
17989,83,772.5,527.6,1080,35978,2,1
17990,83,772.2,527.6,1080,35980,2,1
17991,83,772.1,527.7,1080,35982,2,1
17992,83,772,527.8,1080,35984,2,1
17993,83,771.9,528.1,1080,35986,2,1
17994,83,771.8,528.5,1080,35988,2,1
17995,83,771.7,528.7,1080,35990,2,1
17996,83,771.6,529.3,1080,35992,2,1
17997,83,771.5,529.7,1080,35994,2,1
17998,83,771.3,530.1,1080,35996,2,1
17999,83,771.2,530.4,1081,35998,2,1
18000,83,771.2,530.4,1081,36000,2,1
18001,83,771.3,530.3,1081,36002,2,1
18002,83,771.4,530.3,1081,36004,2,1
18003,83,771.5,529.9,1081,36006,2,1
18004,83,771.5,529.5,1081,36008,2,1
18005,83,771.4,529.1,1081,36010,2,1
18006,83,771.1,528.9,1081,36012,2,1
18007,83,770.8,528.8,1081,36014,2,1
18008,83,770.6,528.8,1081,36016,2,1
18009,83,770.4,528.8,1081,36018,2,1
18010,83,770.3,528.8,1081,36020,2,1
18011,83,770.3,528.9,1081,36022,2,1
18012,83,770.4,529.5,1081,36024,2,1
18013,83,770.5,530.3,1081,36026,2,1
18014,83,770.7,530.9,1081,36028,2,1
18015,83,770.7,531.4,1081,36030,2,1
18016,83,770.6,531.5,1082,36032,2,1
18017,83,770.3,531.5,1082,36034,2,1
18018,83,769.9,531.6,1082,36036,2,1
18019,83,769.6,531.2,1082,36038,2,1
18020,83,769.2,530.7,1082,36040,2,1
18021,83,768.9,530.2,1082,36042,2,1
18022,83,768.7,529.8,1082,36044,2,1
18023,83,768.5,530.1,1082,36046,2,1
18024,83,768.5,530.3,1082,36048,2,1
18025,83,768.5,530.5,1082,36050,2,1
18026,83,768.5,530.6,1082,36052,2,1
18027,83,768.6,530.8,1082,36054,2,1
18028,83,768.6,531,1082,36056,2,1
18029,83,768.7,531.1,1082,36058,2,1
18030,83,768.7,531.1,1082,36060,2,1
18031,83,768.7,531,1082,36062,2,1
18032,83,768.6,530.7,1083,36064,2,1
18033,83,768.5,530.3,1083,36066,2,1
18034,83,768.4,529.8,1083,36068,2,1
18035,83,768.4,529.4,1083,36070,2,1
18036,83,768.3,529,1083,36072,2,1
18037,83,768.1,528.7,1083,36074,2,1
18038,83,768.1,528.5,1083,36076,2,1
18039,83,768,528.4,1083,36078,2,1
18040,83,767.9,528.2,1083,36080,2,1
18041,83,767.8,528.1,1083,36082,2,1
18042,83,767.6,527.9,1083,36084,2,1
18043,83,767.6,527.8,1083,36086,2,1
18044,83,767.7,527.8,1083,36088,2,1
18045,83,767.9,527.7,1083,36090,2,1
18046,83,768.2,528,1083,36092,2,1
18047,83,768.5,528.4,1083,36094,2,1
18048,83,768.8,528.9,1083,36096,2,1
18049,83,769,529.5,1084,36098,2,1
18050,83,768.9,530.2,1084,36100,2,1
18051,83,768.6,530.7,1084,36102,2,1
18052,83,768.1,531.3,1084,36104,2,1
18053,83,767.6,531.4,1084,36106,2,1
18054,83,767.1,531.6,1084,36108,2,1
18055,83,767.1,531.6,1084,36110,2,1
18056,83,767,531.5,1084,36112,2,1
18057,83,767.1,531.5,1084,36114,2,1
18058,83,767.5,531.4,1084,36116,2,1
18059,83,767.9,531.6,1084,36118,2,1
18060,83,768.2,531.7,1084,36120,2,1
18061,83,768.6,531.8,1084,36122,2,1
18062,83,768.5,531.9,1084,36124,2,1
18063,83,768.4,531.9,1084,36126,2,1
18064,83,767.8,531.9,1084,36128,2,1
18065,83,767.3,531.8,1085,36130,2,1
18066,83,766.8,531.5,1085,36132,2,1
18067,83,766.4,531.2,1085,36134,2,1
18068,83,766.1,531.1,1085,36136,2,1
18069,83,765.7,530.9,1085,36138,2,1
18070,83,765.3,531,1085,36140,2,1
18071,83,765.5,531,1085,36142,2,1
18072,83,765.7,531,1085,36144,2,1
18073,83,766.2,531.1,1085,36146,2,1
18074,83,766.5,531.2,1085,36148,2,1
18075,83,766.8,531.2,1085,36150,2,1
18076,83,767.1,531.2,1085,36152,2,1
18077,83,767.3,531.3,1085,36154,2,1
18078,83,767.3,531.5,1085,36156,2,1
18079,83,767.3,531.7,1085,36158,2,1
18080,83,767,531.9,1085,36160,2,1
18081,83,766.8,532.1,1085,36162,2,1
18082,83,766.6,532.3,1086,36164,2,1
18083,83,766.5,532.5,1086,36166,2,1
18084,83,766.4,532.4,1086,36168,2,1
18085,83,766.6,532.3,1086,36170,2,1
18086,83,766.7,532.2,1086,36172,2,1
18087,83,766.8,532.1,1086,36174,2,1
18088,83,766.9,531.9,1086,36176,2,1
18089,83,766.9,531.8,1086,36178,2,1
18090,83,767,531.7,1086,36180,2,1
18091,83,767.1,531.5,1086,36182,2,1
18092,83,767.2,531.2,1086,36184,2,1
18093,83,767.3,531,1086,36186,2,1
18094,83,767.4,530.9,1086,36188,2,1
18095,83,767.3,530.8,1086,36190,2,1
18096,83,767.3,530.7,1086,36192,2,1
18097,83,767.3,530.6,1086,36194,2,1
18098,83,767.6,530.4,1086,36196,2,1
18099,83,767.9,530.3,1087,36198,2,1
18100,83,768.1,530.1,1087,36200,2,1
18101,83,768.2,529.9,1087,36202,2,1
18102,83,768.6,529.5,1087,36204,2,1
18103,83,768.8,529.2,1087,36206,2,1
18104,83,769,529,1087,36208,2,1
18105,83,768.9,528.8,1087,36210,2,1
18106,83,768.5,528.7,1087,36212,2,1
18107,83,768.1,528.6,1087,36214,2,1
18108,83,767.7,528.7,1087,36216,2,1
18109,83,767.2,529,1087,36218,2,1
18110,83,766.7,529.3,1087,36220,2,1
18111,83,766.2,529.6,1087,36222,2,1
18112,83,765.7,529.8,1087,36224,2,1
18113,83,765.5,530.1,1087,36226,2,1
18114,83,765.2,530.2,1087,36228,2,1
18115,83,765,530.1,1087,36230,2,1
18116,83,764.9,530.1,1088,36232,2,1
18117,83,764.8,530.1,1088,36234,2,1
18118,83,764.8,530.3,1088,36236,2,1
18119,83,764.8,530.8,1088,36238,2,1
18120,83,764.7,531.3,1088,36240,2,1
18121,83,764.7,531.9,1088,36242,2,1
18122,83,764.6,532.4,1088,36244,2,1
18123,83,764.6,532.7,1088,36246,2,1
18124,83,764.6,533,1088,36248,2,1
18125,83,764.7,533,1088,36250,2,1
18126,83,764.7,532.8,1088,36252,2,1
18127,83,764.7,532.5,1088,36254,2,1
18128,83,764.8,532.3,1088,36256,2,1
18129,83,764.9,532.1,1088,36258,2,1
18130,83,764.9,531.8,1088,36260,2,1
18131,83,764.8,531.6,1088,36262,2,1
18132,83,764.8,531.3,1089,36264,2,1
18133,83,764.7,531,1089,36266,2,1
18134,83,764.7,530.8,1089,36268,2,1
18135,83,764.6,530.6,1089,36270,2,1
18136,83,764.5,530.5,1089,36272,2,1
18137,83,764.5,530.6,1089,36274,2,1
18138,83,764.8,530.8,1089,36276,2,1
18139,83,765.1,530.9,1089,36278,2,1
18140,83,765.5,531,1089,36280,2,1
18141,83,765.8,531.1,1089,36282,2,1
18142,83,766.1,531.3,1089,36284,2,1
18143,83,766.5,531.5,1089,36286,2,1
18144,83,766.7,531.8,1089,36288,2,1
18145,83,766.8,532,1089,36290,2,1
18146,83,766.8,532.1,1089,36292,2,1
18147,83,766.7,531.9,1089,36294,2,1
18148,83,766.5,531.8,1090,36296,2,1
18149,83,766.4,531.4,1090,36298,2,1
18150,83,766.3,530.9,1090,36300,2,1
18151,83,766.1,530.4,1090,36302,2,1
18152,83,766,530.6,1090,36304,2,1
18153,83,765.8,530.8,1090,36306,2,1
18154,83,765.7,531.4,1090,36308,2,1
18155,83,765.5,531.9,1090,36310,2,1
18156,83,765.3,532.3,1090,36312,2,1
18157,83,765.1,532.6,1090,36314,2,1
18158,83,765,532.9,1090,36316,2,1
18159,83,764.8,532.6,1090,36318,2,1
18160,83,764.7,532.3,1090,36320,2,1
18161,83,764.6,531.9,1090,36322,2,1
18162,83,764.5,531.8,1090,36324,2,1
18163,83,764.4,531.7,1090,36326,2,1
18164,83,764.3,532,1090,36328,2,1
18165,83,764.1,532.3,1090,36330,2,1
18166,83,764,532.7,1091,36332,2,1
18167,83,763.9,533.1,1091,36334,2,1
18168,83,764,533.5,1091,36336,2,1
18169,83,764.2,533.8,1091,36338,2,1
18170,83,764.4,533.9,1091,36340,2,1
18171,83,764.6,533.8,1091,36342,2,1
18172,83,764.9,533.6,1091,36344,2,1
18173,83,765.2,533.3,1091,36346,2,1
18174,83,765.5,533,1091,36348,2,1
18175,83,765.7,532.9,1091,36350,2,1
18176,83,766.9,532.6,1091,36352,2,1
18177,83,769.9,532.6,1091,36354,2,1
18178,83,774.8,532.5,1091,36356,2,1
18179,83,783.6,532.4,1091,36358,2,1
18180,83,796.3,532,1091,36360,2,1
18181,83,813.7,531.1,1091,36362,2,1
18182,83,835.6,530.4,1092,36364,2,1
18183,83,859.8,529.4,1092,36366,2,1
18184,83,886.4,529,1092,36368,2,1
18185,83,914.3,528.5,1092,36370,2,1
18186,83,940.3,528.3,1092,36372,2,1
18187,83,964.5,528.6,1092,36374,2,1
18188,83,986.3,530.5,1092,36376,2,1
18189,83,1005.9,532.8,1092,36378,2,1
18190,83,1025.4,535.3,1092,36380,2,1
18191,83,1040.8,537.5,1092,36382,2,1
18192,83,1055.7,540.8,1092,36384,2,1
18193,83,1069,544,1092,36386,2,1
18194,83,1080,547.2,1092,36388,2,1
18195,83,1088.6,549.3,1092,36390,2,1
18196,83,1094.4,550.7,1092,36392,2,1
18197,83,1097,551.8,1092,36394,2,1
18198,83,1099.1,552.4,1093,36396,2,1
18199,83,1098.7,552,1093,36398,2,1
18200,83,1097.9,551.3,1093,36400,2,1
18201,83,1097.1,550.4,1093,36402,2,1
18202,83,1096.5,549.7,1093,36404,2,1
18203,83,1096.7,549,1093,36406,2,1
18204,83,1098,548.4,1093,36408,2,1
18205,83,1100.1,547.9,1093,36410,2,1
18206,83,1102.2,547.6,1093,36412,2,1
18207,83,1104.4,547.3,1093,36414,2,1
18208,83,1106.5,547.2,1093,36416,2,1
18209,83,1108.4,547.1,1093,36418,2,1
18210,83,1109.6,547.3,1093,36420,2,1
18211,83,1109.9,547.5,1093,36422,2,1
18212,83,1109.4,548,1093,36424,2,1
18213,83,1108.9,548.3,1093,36426,2,1
18214,83,1108.4,548.8,1093,36428,2,1
18215,83,1108,549.1,1094,36430,2,1
18216,83,1107.6,549.4,1094,36432,2,1
18217,83,1107.6,549.6,1094,36434,2,1
18218,83,1107.5,549.7,1094,36436,2,1
18219,83,1108,549.6,1094,36438,2,1
18220,83,1108.5,549.5,1094,36440,2,1
18221,83,1109,549.1,1094,36442,2,1
18222,83,1109.3,548.8,1094,36444,2,1
18223,83,1109.8,548.4,1094,36446,2,1
18224,83,1110.4,548,1094,36448,2,1
18225,83,1111.2,547.6,1094,36450,2,1
18226,83,1111.5,547.4,1094,36452,2,1
18227,83,1111.9,547.2,1094,36454,2,1
18228,83,1112.2,547.2,1094,36456,2,1
18229,83,1112.5,547.3,1094,36458,2,1
18230,83,1112.7,547.3,1094,36460,2,1
18231,83,1112.9,547.3,1094,36462,2,1
18232,83,1112.8,547.5,1095,36464,2,1
18233,83,1112.6,547.6,1095,36466,2,1
18234,83,1112,547.8,1095,36468,2,1
18235,83,1111.4,547.9,1095,36470,2,1
18236,83,1111,548.1,1095,36472,2,1
18237,83,1110.6,548.1,1095,36474,2,1
18238,83,1110.3,548,1095,36476,2,1
18239,83,1110.1,547.9,1095,36478,2,1
18240,83,1110.1,547.7,1095,36480,2,1
18241,83,1110.5,547.4,1095,36482,2,1
18242,83,1111,547.2,1095,36484,2,1
18243,83,1111.5,547.4,1095,36486,2,1
18244,83,1112,547.6,1095,36488,2,1
18245,83,1112.4,547.8,1095,36490,2,1
18246,83,1112.6,548,1095,36492,2,1
18247,83,1112.8,547.8,1095,36494,2,1
18248,83,1112.8,547.5,1095,36496,2,1
18249,83,1112.8,547.2,1096,36498,2,1
18250,83,1113,546.6,1096,36500,2,1
18251,83,1113.2,546,1096,36502,2,1
18252,83,1113.5,545.5,1096,36504,2,1
18253,83,1113.6,545.1,1096,36506,2,1
18254,83,1113.9,544.9,1096,36508,2,1
18255,83,1114.1,544.7,1096,36510,2,1
18256,83,1114.1,544.6,1096,36512,2,1
18257,83,1114.1,544.4,1096,36514,2,1
18258,83,1113.7,544.2,1096,36516,2,1
18259,83,1113.1,544.3,1096,36518,2,1
18260,83,1112.5,544.3,1096,36520,2,1
18261,83,1111.9,544.5,1096,36522,2,1
18262,83,1111.5,544.7,1096,36524,2,1
18263,83,1110.9,545.2,1096,36526,2,1
18264,83,1110.5,545.6,1096,36528,2,1
18265,83,1110.4,546.1,1097,36530,2,1
18266,83,1110.4,546.5,1097,36532,2,1
18267,83,1110.9,546.7,1097,36534,2,1
18268,83,1111.5,546.7,1097,36536,2,1
18269,83,1112.2,546.8,1097,36538,2,1
18270,83,1112.9,546.5,1097,36540,2,1
18271,83,1113.4,546.1,1097,36542,2,1
18272,83,1113.8,545.7,1097,36544,2,1
18273,83,1114,545.3,1097,36546,2,1
18274,83,1113.8,544.9,1097,36548,2,1
18275,83,1113.6,544.5,1097,36550,2,1
18276,83,1113.3,544.2,1097,36552,2,1
18277,83,1113,544,1097,36554,2,1
18278,83,1112.8,543.9,1097,36556,2,1
18279,83,1112.7,543.7,1097,36558,2,1
18280,83,1112.7,543.5,1097,36560,2,1
18281,83,1112.8,543.6,1097,36562,2,1
18282,83,1112.6,543.7,1098,36564,2,1
18283,83,1112.4,543.9,1098,36566,2,1
18284,83,1112.2,544.3,1098,36568,2,1
18285,83,1112,544.8,1098,36570,2,1
18286,83,1111.8,545.3,1098,36572,2,1
18287,83,1111.7,545.7,1098,36574,2,1
18288,83,1111.5,545.7,1098,36576,2,1
18289,83,1111.5,545.7,1098,36578,2,1
18290,83,1111.6,545.5,1098,36580,2,1
18291,83,1111.7,545.2,1098,36582,2,1
18292,83,1111.8,545,1098,36584,2,1
18293,83,1111.8,544.9,1098,36586,2,1
18294,83,1111.9,544.7,1098,36588,2,1
18295,83,1111.9,544.9,1098,36590,2,1
18296,83,1111.9,545.1,1098,36592,2,1
18297,83,1111.9,545.2,1098,36594,2,1
18298,83,1111.9,545.3,1098,36596,2,1
18299,83,1111.9,545.5,1099,36598,2,1
18300,83,1111.7,546.1,1099,36600,2,1
18301,83,1111.3,546.6,1099,36602,2,1
18302,83,1110.6,547.1,1099,36604,2,1
18303,83,1109.9,547.7,1099,36606,2,1
18304,83,1109.3,548.4,1099,36608,2,1
18305,83,1108.7,549,1099,36610,2,1
18306,83,1108.5,549.5,1099,36612,2,1
18307,83,1108.5,549.1,1099,36614,2,1
18308,83,1108.6,548.6,1099,36616,2,1
18309,83,1108.9,548.1,1099,36618,2,1
18310,83,1109.1,547.6,1099,36620,2,1
18311,83,1109.5,547,1099,36622,2,1
18312,83,1109.9,546.4,1099,36624,2,1
18313,83,1110.1,545.9,1099,36626,2,1
18314,83,1110.5,545.9,1099,36628,2,1
18315,83,1111,545.8,1100,36630,2,1
18316,83,1111.4,545.9,1100,36632,2,1
18317,83,1111.8,546,1100,36634,2,1
18318,83,1111.8,546.2,1100,36636,2,1
18319,83,1111.6,546.4,1100,36638,2,1
18320,83,1111.1,546.6,1100,36640,2,1
18321,83,1110.5,546.8,1100,36642,2,1
18322,83,1109.9,547,1100,36644,2,1
18323,83,1109.5,546.9,1100,36646,2,1
18324,83,1109.5,546.7,1100,36648,2,1
18325,83,1109.9,546.4,1100,36650,2,1
18326,83,1110.3,546.1,1100,36652,2,1
18327,83,1110.7,546.1,1100,36654,2,1
18328,83,1111.2,546.2,1100,36656,2,1
18329,83,1111.7,546.1,1100,36658,2,1
18330,83,1112.1,546.2,1100,36660,2,1
18331,83,1112.3,546.4,1100,36662,2,1
18332,83,1112.4,546.6,1101,36664,2,1
18333,83,1112.4,546.7,1101,36666,2,1
18334,83,1112.3,546.6,1101,36668,2,1
18335,83,1112.1,546.7,1101,36670,2,1
18336,83,1111.9,546.7,1101,36672,2,1
18337,83,1111.7,546.7,1101,36674,2,1
18338,83,1111.8,546.4,1101,36676,2,1
18339,83,1112.7,545.9,1101,36678,2,1
18340,83,1113.7,545.5,1101,36680,2,1
18341,83,1114.7,545.1,1101,36682,2,1
18342,83,1115.5,544.7,1101,36684,2,1
18343,83,1116.3,544.6,1101,36686,2,1
18344,83,1116.7,544.7,1101,36688,2,1
18345,83,1116.9,545,1101,36690,2,1
18346,83,1116.4,545.6,1101,36692,2,1
18347,83,1115.9,546.1,1101,36694,2,1
18348,83,1115.4,546.7,1101,36696,2,1
18349,83,1114.9,547.2,1102,36698,2,1
18350,83,1114.6,547.4,1102,36700,2,1
18351,83,1114.5,547.6,1102,36702,2,1
18352,83,1114.4,547.8,1102,36704,2,1
18353,83,1114.3,548.1,1102,36706,2,1
18354,83,1114.2,548.3,1102,36708,2,1
18355,83,1114.1,548.6,1102,36710,2,1
18356,83,1114.1,548.8,1102,36712,2,1
18357,83,1114.1,549.1,1102,36714,2,1
18358,83,1114.2,549.2,1102,36716,2,1
18359,83,1114.3,549.3,1102,36718,2,1
18360,83,1114.6,549.2,1102,36720,2,1
18361,83,1114.9,549,1102,36722,2,1
18362,83,1115.2,548.7,1102,36724,2,1
18363,83,1115.6,548.5,1102,36726,2,1
18364,83,1115.9,548.3,1102,36728,2,1
18365,83,1116.2,548.4,1103,36730,2,1
18366,83,1116.6,548.6,1103,36732,2,1
18367,83,1116.8,548.9,1103,36734,2,1
18368,83,1117.2,549.1,1103,36736,2,1
18369,83,1118.1,549.4,1103,36738,2,1
18370,83,1119,549.5,1103,36740,2,1
18371,83,1119.9,549.6,1103,36742,2,1
18372,83,1120.7,549.5,1103,36744,2,1
18373,83,1121.4,549.4,1103,36746,2,1
18374,83,1122.1,549.2,1103,36748,2,1
18375,83,1122.5,549,1103,36750,2,1
18376,83,1122.5,548.8,1103,36752,2,1
18377,83,1122.4,548.6,1103,36754,2,1
18378,83,1122.2,548.3,1103,36756,2,1
18379,83,1122.1,548.1,1103,36758,2,1
18380,83,1122.1,547.5,1103,36760,2,1
18381,83,1122.1,546.8,1103,36762,2,1
18382,83,1122.3,546.3,1104,36764,2,1
18383,83,1122.5,545.7,1104,36766,2,1
18384,83,1122.8,545.1,1104,36768,2,1
18385,83,1123.1,544.5,1104,36770,2,1
18386,83,1123.5,543.3,1104,36772,2,1
18387,83,1124.8,542.1,1104,36774,2,1
18388,83,1125.9,538.7,1104,36776,2,1
18389,83,1127.8,534.6,1104,36778,2,1
18390,83,1129.3,530.8,1104,36780,2,1
18391,83,1130.9,526.9,1104,36782,2,1
18392,83,1133.4,522.4,1104,36784,2,1
18393,83,1136,517.8,1104,36786,2,1
18394,83,1139.6,513.4,1104,36788,2,1
18395,83,1143.4,511.9,1104,36790,2,1
18396,83,1146.6,512.1,1104,36792,2,1
18397,83,1150,514.9,1104,36794,2,1
18398,83,1153.5,518.6,1104,36796,2,1
18399,83,1156.5,531.2,1105,36798,2,1
18400,83,1159.4,544.6,1105,36800,2,1
18401,83,1152.6,580,1105,36802,2,1
18402,83,1146.4,630.9,1105,36804,2,1
18403,83,1140.5,690.1,1105,36806,2,1
18404,83,1131.5,748.3,1105,36808,2,1
18405,83,1124,816.7,1105,36810,2,1
18406,83,1117.7,890.2,1105,36812,2,1
18407,83,1146.4,965,1105,36814,2,1
18408,83,1196.7,1020.2,1105,36816,2,1
18409,83,1247.2,-9999,1105,36818,2,1
18410,83,-9999,-9999,1105,36820,2,1
18411,83,-9999,-9999,1105,36822,2,1
18412,83,-9999,-9999,1105,36824,2,1
18413,83,-9999,-9999,1105,36826,2,1
18414,83,-9999,-9999,1105,36828,2,1
18415,83,-9999,-9999,1106,36830,2,1
18416,83,-9999,-9999,1106,36832,2,1
18417,83,-9999,-9999,1106,36834,2,1
18418,83,-9999,-9999,1106,36836,2,1
18419,83,-9999,-9999,1106,36838,2,1
18420,83,-9999,-9999,1106,36840,2,1
18421,83,-9999,-9999,1106,36842,2,1
18422,83,-9999,-9999,1106,36844,2,1
18423,83,-9999,-9999,1106,36846,2,1
18424,83,-9999,-9999,1106,36848,2,1
18425,83,-9999,-9999,1106,36850,2,1
18426,83,-9999,-9999,1106,36852,2,1
18427,83,-9999,-9999,1106,36854,2,1
18428,83,-9999,-9999,1106,36856,2,1
18429,83,-9999,-9999,1106,36858,2,1
18430,83,-9999,-9999,1106,36860,2,1
18431,83,-9999,-9999,1106,36862,2,1
18432,83,-9999,-9999,1107,36864,2,1
18433,83,-9999,-9999,1107,36866,2,1
18434,83,-9999,-9999,1107,36868,2,1
18435,83,1277.8,1003.3,1107,36870,2,1
18436,83,1235.7,963.8,1107,36872,2,1
18437,83,1200.6,908.8,1107,36874,2,1
18438,83,1167,857.5,1107,36876,2,1
18439,83,1150.3,804.3,1107,36878,2,1
18440,83,1152.5,740.4,1107,36880,2,1
18441,83,1158.9,687,1107,36882,2,1
18442,83,1167,661.6,1107,36884,2,1
18443,83,1173.1,631.2,1107,36886,2,1
18444,83,1174.9,615.6,1107,36888,2,1
18445,83,1176.7,599.9,1107,36890,2,1
18446,83,1178.5,584,1107,36892,2,1
18447,83,1177.6,576.8,1107,36894,2,1
18448,83,1176.3,566.1,1107,36896,2,1
18449,83,1175,556.2,1108,36898,2,1
18450,83,1173.1,552.6,1108,36900,2,1
18451,83,1170.9,549.8,1108,36902,2,1
18452,83,1168.5,547.1,1108,36904,2,1
18453,83,1166,545.2,1108,36906,2,1
18454,83,1163.8,543.5,1108,36908,2,1
18455,83,1162.2,544.9,1108,36910,2,1
18456,83,1158.4,546.1,1108,36912,2,1
18457,83,1145.6,537.1,1108,36914,2,1
18458,83,1133,527.3,1108,36916,2,1
18459,83,1121,517.1,1108,36918,2,1
18460,83,1114.4,512.3,1108,36920,2,1
18461,83,1106,504.9,1108,36922,2,1
18462,83,1093.7,493.9,1108,36924,2,1
18463,83,1078.2,476.4,1108,36926,2,1
18464,83,1078.2,476.4,1108,36928,2,1
18465,83,1078.2,476.4,1109,36930,2,1
18466,83,-9999,-9999,1109,36932,2,1
18467,83,-9999,-9999,1109,36934,2,1
18468,83,-9999,-9999,1109,36936,2,1
18469,83,-9999,-9999,1109,36938,2,1
18470,83,-9999,-9999,1109,36940,2,1
18471,83,-9999,-9999,1109,36942,2,1
18472,83,-9999,-9999,1109,36944,2,1
18473,83,-9999,-9999,1109,36946,2,1
18474,83,-9999,-9999,1109,36948,2,1
18475,83,-9999,-9999,1109,36950,2,1
18476,83,-9999,-9999,1109,36952,2,1
18477,83,-9999,-9999,1109,36954,2,1
18478,83,-9999,-9999,1109,36956,2,1
18479,83,-9999,-9999,1109,36958,2,1
18480,83,-9999,-9999,1109,36960,2,1
18481,83,-9999,-9999,1109,36962,2,1
18482,83,-9999,-9999,1110,36964,2,1
18483,83,-9999,-9999,1110,36966,2,1
18484,83,-9999,-9999,1110,36968,2,1
18485,83,-9999,-9999,1110,36970,2,1
18486,83,-9999,-9999,1110,36972,2,1
18487,83,-9999,-9999,1110,36974,2,1
18488,83,-9999,-9999,1110,36976,2,1
18489,83,-9999,-9999,1110,36978,2,1
18490,83,-9999,-9999,1110,36980,2,1
18491,83,-9999,-9999,1110,36982,2,1
18492,83,-9999,-9999,1110,36984,2,1
18493,83,-9999,-9999,1110,36986,2,1
18494,83,-9999,-9999,1110,36988,2,1
18495,83,-9999,-9999,1110,36990,2,1
18496,83,-9999,-9999,1110,36992,2,1
18497,83,-9999,-9999,1110,36994,2,1
18498,83,-9999,-9999,1111,36996,2,1
18499,83,-9999,-9999,1111,36998,2,1
18500,83,-9999,-9999,1111,37000,2,1
18501,83,-9999,-9999,1111,37002,2,1
18502,83,-9999,-9999,1111,37004,2,1
18503,83,-9999,-9999,1111,37006,2,1
18504,83,-9999,-9999,1111,37008,2,1
18505,83,-9999,-9999,1111,37010,2,1
18506,83,-9999,-9999,1111,37012,2,1
18507,83,-9999,-9999,1111,37014,2,1
18508,83,-9999,-9999,1111,37016,2,1
18509,83,-9999,-9999,1111,37018,2,1
18510,83,-9999,-9999,1111,37020,2,1
18511,83,-9999,-9999,1111,37022,2,1
18512,83,-9999,-9999,1111,37024,2,1
18513,83,-9999,-9999,1111,37026,2,1
18514,83,-9999,-9999,1111,37028,2,1
18515,83,-9999,-9999,1112,37030,2,1
18516,83,-9999,-9999,1112,37032,2,1
18517,83,-9999,-9999,1112,37034,2,1
18518,83,-9999,-9999,1112,37036,2,1
18519,83,-9999,-9999,1112,37038,2,1
18520,83,-9999,-9999,1112,37040,2,1
18521,83,-9999,-9999,1112,37042,2,1
18522,83,-9999,-9999,1112,37044,2,1
18523,83,-9999,-9999,1112,37046,2,1
18524,83,-9999,-9999,1112,37048,2,1
18525,83,-9999,-9999,1112,37050,2,1
18526,83,-9999,-9999,1112,37052,2,1
18527,83,-9999,-9999,1112,37054,2,1
18528,83,-9999,-9999,1112,37056,2,1
18529,83,-9999,-9999,1112,37058,2,1
18530,83,-9999,-9999,1112,37060,2,1
18531,83,-9999,-9999,1112,37062,2,1
18532,83,-9999,-9999,1113,37064,2,1
18533,83,-9999,-9999,1113,37066,2,1
18534,83,-9999,-9999,1113,37068,2,1
18535,83,-9999,-9999,1113,37070,2,1
18536,83,-9999,-9999,1113,37072,2,1
18537,83,-9999,-9999,1113,37074,2,1
18538,83,-9999,-9999,1113,37076,2,1
18539,83,-9999,-9999,1113,37078,2,1
18540,83,-9999,-9999,1113,37080,2,1
18541,83,-9999,-9999,1113,37082,2,1
18542,83,-9999,-9999,1113,37084,2,1
18543,83,-9999,-9999,1113,37086,2,1
18544,83,-9999,-9999,1113,37088,2,1
18545,83,-9999,-9999,1113,37090,2,1
18546,83,-9999,-9999,1113,37092,2,1
18547,83,-9999,-9999,1113,37094,2,1
18548,83,-9999,-9999,1114,37096,2,1
18549,83,-9999,-9999,1114,37098,2,1
18550,83,-9999,-9999,1114,37100,2,1
18551,83,-9999,-9999,1114,37102,2,1
18552,83,-9999,-9999,1114,37104,2,1
18553,83,-9999,-9999,1114,37106,2,1
18554,83,-9999,-9999,1114,37108,2,1
18555,83,-9999,-9999,1114,37110,2,1
18556,83,-9999,-9999,1114,37112,2,1
18557,83,-9999,585.7,1114,37114,2,1
18558,83,-9999,585.6,1114,37116,2,1
18559,83,-9999,585.6,1114,37118,2,1
18560,83,-9999,585.6,1114,37120,2,1
18561,83,-9999,583.8,1114,37122,2,1
18562,83,-9999,580.4,1114,37124,2,1
18563,83,-9999,577,1114,37126,2,1
18564,83,-9999,570.5,1114,37128,2,1
18565,83,-9999,561.6,1115,37130,2,1
18566,83,-9999,551.1,1115,37132,2,1
18567,83,1154.6,538.8,1115,37134,2,1
18568,83,1153.4,537.9,1115,37136,2,1
18569,83,1152.4,537.5,1115,37138,2,1
18570,83,1151.4,537.3,1115,37140,2,1
18571,83,1150.9,536.5,1115,37142,2,1
18572,83,1150.4,536.5,1115,37144,2,1
18573,83,1150.3,536.2,1115,37146,2,1
18574,83,1150.2,536,1115,37148,2,1
18575,83,1150.3,535.5,1115,37150,2,1
18576,83,1150.4,535.1,1115,37152,2,1
18577,83,1150.4,534.8,1115,37154,2,1
18578,83,1150.3,535.2,1115,37156,2,1
18579,83,1150,535.8,1115,37158,2,1
18580,83,1149.7,536.4,1115,37160,2,1
18581,83,1149.4,536.9,1115,37162,2,1
18582,83,1149.1,537.4,1116,37164,2,1
18583,83,1148.8,538.1,1116,37166,2,1
18584,83,1148.9,538.6,1116,37168,2,1
18585,83,1149.2,538.9,1116,37170,2,1
18586,83,1149.6,539.2,1116,37172,2,1
18587,83,1149.9,539.8,1116,37174,2,1
18588,83,1150.2,540.3,1116,37176,2,1
18589,83,1150.6,541.1,1116,37178,2,1
18590,83,1150.8,541.8,1116,37180,2,1
18591,83,1150.7,542.4,1116,37182,2,1
18592,83,1150.7,543,1116,37184,2,1
18593,83,1150.5,543.5,1116,37186,2,1
18594,83,1150.3,544,1116,37188,2,1
18595,83,1150.3,544.5,1116,37190,2,1
18596,83,1150.1,544.6,1116,37192,2,1
18597,83,1149.9,544.6,1116,37194,2,1
18598,83,1149.8,544.6,1117,37196,2,1
18599,83,1149.6,544.6,1117,37198,2,1
18600,83,1149.3,544.6,1117,37200,2,1
18601,83,1149.1,544.6,1117,37202,2,1
18602,83,1148.8,544.4,1117,37204,2,1
18603,83,1148.9,544.3,1117,37206,2,1
18604,83,1149.1,544.4,1117,37208,2,1
18605,83,1149.2,544.4,1117,37210,2,1
18606,83,1149.4,544.4,1117,37212,2,1
18607,83,1149.7,544.2,1117,37214,2,1
18608,83,1150,543.9,1117,37216,2,1
18609,83,1150.4,543.8,1117,37218,2,1
18610,83,1150.7,543.9,1117,37220,2,1
18611,83,1150.8,543.9,1117,37222,2,1
18612,83,1150.8,544.2,1117,37224,2,1
18613,83,1150.4,544.6,1117,37226,2,1
18614,83,1149.9,545.2,1117,37228,2,1
18615,83,1149.5,545.9,1118,37230,2,1
18616,83,1148.8,546.5,1118,37232,2,1
18617,83,1148.1,547,1118,37234,2,1
18618,83,1147.5,547.5,1118,37236,2,1
18619,83,1147,548,1118,37238,2,1
18620,83,1146.9,548.3,1118,37240,2,1
18621,83,1147,548.5,1118,37242,2,1
18622,83,1147,548.5,1118,37244,2,1
18623,83,1147.3,548.3,1118,37246,2,1
18624,83,1147.7,548,1118,37248,2,1
18625,83,1148.2,547.5,1118,37250,2,1
18626,83,1148.7,547,1118,37252,2,1
18627,83,1149.3,546.5,1118,37254,2,1
18628,83,1149.5,546.1,1118,37256,2,1
18629,83,1149.5,546.1,1118,37258,2,1
18630,83,1149.3,546.3,1118,37260,2,1
18631,83,1149.1,546.6,1118,37262,2,1
18632,83,1148.9,547.1,1119,37264,2,1
18633,83,1148.6,547.6,1119,37266,2,1
18634,83,1148.3,548,1119,37268,2,1
18635,83,1148.2,548.4,1119,37270,2,1
18636,83,1148.3,548.5,1119,37272,2,1
18637,83,1148.4,548.5,1119,37274,2,1
18638,83,1148.6,548.5,1119,37276,2,1
18639,83,1148.8,548.3,1119,37278,2,1
18640,83,1148.9,548.5,1119,37280,2,1
18641,83,1149.1,548.6,1119,37282,2,1
18642,83,1149.3,548.9,1119,37284,2,1
18643,83,1149.4,549.2,1119,37286,2,1
18644,83,1149.5,549.6,1119,37288,2,1
18645,83,1149.5,549.8,1119,37290,2,1
18646,83,1149.5,549.7,1119,37292,2,1
18647,83,1149.4,549.3,1119,37294,2,1
18648,83,1149.2,548.7,1120,37296,2,1
18649,83,1149.1,547.8,1120,37298,2,1
18650,83,1148.9,546.9,1120,37300,2,1
18651,83,1148.8,546.2,1120,37302,2,1
18652,83,1148.8,546.1,1120,37304,2,1
18653,83,1148.8,546.2,1120,37306,2,1
18654,83,1148.7,546.4,1120,37308,2,1
18655,83,1148.6,546.8,1120,37310,2,1
18656,83,1148.1,547.5,1120,37312,2,1
18657,83,1147.7,547.3,1120,37314,2,1
18658,83,1147.3,547,1120,37316,2,1
18659,83,1146.9,546.1,1120,37318,2,1
18660,83,1146.8,545.2,1120,37320,2,1
18661,83,1147.1,544.2,1120,37322,2,1
18662,83,1147.5,543.2,1120,37324,2,1
18663,83,1148.1,542.3,1120,37326,2,1
18664,83,1148.7,542,1120,37328,2,1
18665,83,1149.5,541.6,1121,37330,2,1
18666,83,1150.1,541.2,1121,37332,2,1
18667,83,1150.5,540.8,1121,37334,2,1
18668,83,1150.4,540.7,1121,37336,2,1
18669,83,1150.5,540.5,1121,37338,2,1
18670,83,1150.5,540.2,1121,37340,2,1
18671,83,1150.6,540.1,1121,37342,2,1
18672,83,1150.7,540.1,1121,37344,2,1
18673,83,1150.9,540,1121,37346,2,1
18674,83,1150.9,539.2,1121,37348,2,1
18675,83,1151.1,538.4,1121,37350,2,1
18676,83,1151,537.8,1121,37352,2,1
18677,83,1151.1,537.4,1121,37354,2,1
18678,83,1150.7,537.2,1121,37356,2,1
18679,83,1150.2,537,1121,37358,2,1
18680,83,1150,536.7,1121,37360,2,1
18681,83,1149.6,537.3,1121,37362,2,1
18682,83,1149.1,537.8,1122,37364,2,1
18683,83,1148.4,538.3,1122,37366,2,1
18684,83,1147.4,538.6,1122,37368,2,1
18685,83,1146.4,538.9,1122,37370,2,1
18686,83,1145.5,539.2,1122,37372,2,1
18687,83,1144.9,539.3,1122,37374,2,1
18688,83,1144.2,539.5,1122,37376,2,1
18689,83,1143.9,539.6,1122,37378,2,1
18690,83,1143.8,539,1122,37380,2,1
18691,83,1144,538.3,1122,37382,2,1
18692,83,1144.4,537.7,1122,37384,2,1
18693,83,1144.6,537.1,1122,37386,2,1
18694,83,1144.8,536.5,1122,37388,2,1
18695,83,1144.6,535.8,1122,37390,2,1
18696,83,1144.4,535.1,1122,37392,2,1
18697,83,1144,535,1122,37394,2,1
18698,83,1143.4,534.8,1122,37396,2,1
18699,83,1143,534.4,1123,37398,2,1
18700,83,1142.6,534,1123,37400,2,1
18701,83,1142.1,533.8,1123,37402,2,1
18702,83,1141.7,533.8,1123,37404,2,1
18703,83,1141.3,533.8,1123,37406,2,1
18704,83,1140.8,533.9,1123,37408,2,1
18705,83,1140.2,534.1,1123,37410,2,1
18706,83,1139.7,534.2,1123,37412,2,1
18707,83,1139.2,534.2,1123,37414,2,1
18708,83,1138.8,534.2,1123,37416,2,1
18709,83,1138.5,534,1123,37418,2,1
18710,83,1138.7,533.9,1123,37420,2,1
18711,83,1138.8,533.7,1123,37422,2,1
18712,83,1139,533.6,1123,37424,2,1
18713,83,1139.3,533.5,1123,37426,2,1
18714,83,1139.5,533.5,1123,37428,2,1
18715,83,1139.7,533.6,1124,37430,2,1
18716,83,1139.6,533.8,1124,37432,2,1
18717,83,1139.3,534,1124,37434,2,1
18718,83,1139,534.2,1124,37436,2,1
18719,83,1138.7,534.6,1124,37438,2,1
18720,83,1138.4,534.9,1124,37440,2,1
18721,83,1138.2,535.1,1124,37442,2,1
18722,83,1138.1,535.3,1124,37444,2,1
18723,83,1138.1,535.4,1124,37446,2,1
18724,83,1138,535.5,1124,37448,2,1
18725,83,1138,535.1,1124,37450,2,1
18726,83,1138,534.8,1124,37452,2,1
18727,83,1137.9,534.3,1124,37454,2,1
18728,83,1137.8,533.6,1124,37456,2,1
18729,83,1137.9,533.1,1124,37458,2,1
18730,83,1138,532.6,1124,37460,2,1
18731,83,1138.1,532,1124,37462,2,1
18732,83,1138.2,531.9,1125,37464,2,1
18733,83,1138.3,531.8,1125,37466,2,1
18734,83,1138.5,531.8,1125,37468,2,1
18735,83,1138.6,532.1,1125,37470,2,1
18736,83,1138.7,532.3,1125,37472,2,1
18737,83,1138.8,532.7,1125,37474,2,1
18738,83,1138.8,533.1,1125,37476,2,1
18739,83,1139.2,533.4,1125,37478,2,1
18740,83,1140,533.6,1125,37480,2,1
18741,83,1140.7,533.8,1125,37482,2,1
18742,83,1141.5,534.2,1125,37484,2,1
18743,83,1142.2,534.4,1125,37486,2,1
18744,83,1142.8,534.6,1125,37488,2,1
18745,83,1143.4,534.8,1125,37490,2,1
18746,83,1143.7,535,1125,37492,2,1
18747,83,1143.5,535.2,1125,37494,2,1
18748,83,1143.3,535.3,1126,37496,2,1
18749,83,1143.2,535.4,1126,37498,2,1
18750,83,1142.9,535.7,1126,37500,2,1
18751,83,1142.7,536,1126,37502,2,1
18752,83,1142.5,536.1,1126,37504,2,1
18753,83,1142.3,536.3,1126,37506,2,1
18754,83,1141.9,536.6,1126,37508,2,1
18755,83,1141.4,536.6,1126,37510,2,1
18756,83,1141,536.5,1126,37512,2,1
18757,83,1140.8,536.3,1126,37514,2,1
18758,83,1140.6,536.3,1126,37516,2,1
18759,83,1140.5,536.4,1126,37518,2,1
18760,83,1140.3,536.5,1126,37520,2,1
18761,83,1140.4,536.7,1126,37522,2,1
18762,83,1140.6,537.2,1126,37524,2,1
18763,83,1140.7,537.7,1126,37526,2,1
18764,83,1140.7,538.2,1126,37528,2,1
18765,83,1140.7,538.4,1127,37530,2,1
18766,83,1140.7,538,1127,37532,2,1
18767,83,1140.6,537.7,1127,37534,2,1
18768,83,1140.6,537.4,1127,37536,2,1
18769,83,1140.5,537.4,1127,37538,2,1
18770,83,1140.4,537.4,1127,37540,2,1
18771,83,1140.4,537.3,1127,37542,2,1
18772,83,1140.4,537.2,1127,37544,2,1
18773,83,1140.5,537.6,1127,37546,2,1
18774,83,1140.8,537.8,1127,37548,2,1
18775,83,1141.3,538.1,1127,37550,2,1
18776,83,1141.8,538.1,1127,37552,2,1
18777,83,1142.4,538.1,1127,37554,2,1
18778,83,1143.4,538.1,1127,37556,2,1
18779,83,1144.4,538,1127,37558,2,1
18780,83,1145.4,538,1127,37560,2,1
18781,83,1146.1,538.1,1127,37562,2,1
18782,83,1146.6,538.4,1128,37564,2,1
18783,83,1146.8,538.5,1128,37566,2,1
18784,83,1146.9,538.8,1128,37568,2,1
18785,83,1146.4,539,1128,37570,2,1
18786,83,1145.9,539.2,1128,37572,2,1
18787,83,1145.5,539.3,1128,37574,2,1
18788,83,1145.2,539.6,1128,37576,2,1
18789,83,1144.9,540,1128,37578,2,1
18790,83,1144.9,540.3,1128,37580,2,1
18791,83,1144.8,540.5,1128,37582,2,1
18792,83,1145,540.5,1128,37584,2,1
18793,83,1145.1,540.5,1128,37586,2,1
18794,83,1145.2,540.4,1128,37588,2,1
18795,83,1145.5,540.2,1128,37590,2,1
18796,83,1145.7,539.7,1128,37592,2,1
18797,83,1145.9,539.3,1128,37594,2,1
18798,83,1146,539.1,1128,37596,2,1
18799,83,1146,539.3,1129,37598,2,1
18800,83,1146,539.5,1129,37600,2,1
18801,83,1146.1,539.7,1129,37602,2,1
18802,83,1146.4,539.9,1129,37604,2,1
18803,83,1146.8,540.1,1129,37606,2,1
18804,83,1147,540.2,1129,37608,2,1
18805,83,1147.4,540.3,1129,37610,2,1
18806,83,1147.7,540.4,1129,37612,2,1
18807,83,1148,539.9,1129,37614,2,1
18808,83,1148.2,539.5,1129,37616,2,1
18809,83,1148,539,1129,37618,2,1
18810,83,1147.6,538.7,1129,37620,2,1
18811,83,1147.2,538.6,1129,37622,2,1
18812,83,1146.8,539.2,1129,37624,2,1
18813,83,1146.5,540.1,1129,37626,2,1
18814,83,1146.2,541.4,1129,37628,2,1
18815,83,1146,542.6,1130,37630,2,1
18816,83,1145.9,543.7,1130,37632,2,1
18817,83,1145.8,544.5,1130,37634,2,1
18818,83,1145.7,545.2,1130,37636,2,1
18819,83,1145.6,545.2,1130,37638,2,1
18820,83,1145.3,545.1,1130,37640,2,1
18821,83,1144.8,545,1130,37642,2,1
18822,83,1144.2,545,1130,37644,2,1
18823,83,1143.7,545.1,1130,37646,2,1
18824,83,1143.3,545,1130,37648,2,1
18825,83,1143.1,544.8,1130,37650,2,1
18826,83,1143.1,544.7,1130,37652,2,1
18827,83,1143,544.3,1130,37654,2,1
18828,83,1143.1,543.5,1130,37656,2,1
18829,83,1143.2,542.8,1130,37658,2,1
18830,83,1143.3,542.6,1130,37660,2,1
18831,83,1143.4,542.3,1130,37662,2,1
18832,83,1143.3,542.2,1131,37664,2,1
18833,83,1143.1,542.2,1131,37666,2,1
18834,83,1142.9,542.4,1131,37668,2,1
18835,83,1142.8,543.2,1131,37670,2,1
18836,83,1142.8,543.7,1131,37672,2,1
18837,83,1142.9,544,1131,37674,2,1
18838,83,1143,544.3,1131,37676,2,1
18839,83,1143,544.7,1131,37678,2,1
18840,83,1142.9,544.9,1131,37680,2,1
18841,83,1142.8,545,1131,37682,2,1
18842,83,1142.6,544.4,1131,37684,2,1
18843,83,1142.5,543.6,1131,37686,2,1
18844,83,1142.3,542.6,1131,37688,2,1
18845,83,1142.2,541.5,1131,37690,2,1
18846,83,1142.4,540.3,1131,37692,2,1
18847,83,1142.9,539.1,1131,37694,2,1
18848,83,1143.3,538,1131,37696,2,1
18849,83,1143.7,537.4,1132,37698,2,1
18850,83,1144.1,537.2,1132,37700,2,1
18851,83,1144.5,537.1,1132,37702,2,1
18852,83,1145,537.1,1132,37704,2,1
18853,83,1145.3,537.3,1132,37706,2,1
18854,83,1145.3,537.7,1132,37708,2,1
18855,83,1145.5,537.8,1132,37710,2,1
18856,83,1145.5,537.9,1132,37712,2,1
18857,83,1145.2,538.1,1132,37714,2,1
18858,83,1144.7,538.2,1132,37716,2,1
18859,83,1144.3,538.2,1132,37718,2,1
18860,83,1144.1,538.2,1132,37720,2,1
18861,83,1143.9,538.3,1132,37722,2,1
18862,83,1143.8,538.4,1132,37724,2,1
18863,83,1143.7,538.7,1132,37726,2,1
18864,83,1143.9,539,1132,37728,2,1
18865,83,1144,539.3,1133,37730,2,1
18866,83,1143.9,539.8,1133,37732,2,1
18867,83,1143.5,540.1,1133,37734,2,1
18868,83,1143,540.4,1133,37736,2,1
18869,83,1142.4,540.7,1133,37738,2,1
18870,83,1141.8,540.8,1133,37740,2,1
18871,83,1141.5,540.7,1133,37742,2,1
18872,83,1141.4,540.4,1133,37744,2,1
18873,83,1141.3,540.1,1133,37746,2,1
18874,83,1141.4,539.7,1133,37748,2,1
18875,83,1141.5,539.4,1133,37750,2,1
18876,83,1141.4,539.3,1133,37752,2,1
18877,83,1141.3,539.4,1133,37754,2,1
18878,83,1141.2,539.5,1133,37756,2,1
18879,83,1141.1,539.7,1133,37758,2,1
18880,83,1140.6,540,1133,37760,2,1
18881,83,1139.9,540.3,1133,37762,2,1
18882,83,1139.2,540.6,1134,37764,2,1
18883,83,1138.5,540.9,1134,37766,2,1
18884,83,1137.9,541.2,1134,37768,2,1
18885,83,1137.6,540.9,1134,37770,2,1
18886,83,1137.6,540.1,1134,37772,2,1
18887,83,1138,539.2,1134,37774,2,1
18888,83,1138.3,538.4,1134,37776,2,1
18889,83,1138.7,537.7,1134,37778,2,1
18890,83,1139.1,537.5,1134,37780,2,1
18891,83,1139.3,537.3,1134,37782,2,1
18892,83,1138.9,537.5,1134,37784,2,1
18893,83,1138.3,538,1134,37786,2,1
18894,83,1137.7,538.5,1134,37788,2,1
18895,83,1137.2,538.8,1134,37790,2,1
18896,83,1136.8,539.2,1134,37792,2,1
18897,83,1136.6,538.9,1134,37794,2,1
18898,83,1136.5,538.6,1134,37796,2,1
18899,83,1136.6,538.6,1135,37798,2,1
18900,83,1136.7,538.8,1135,37800,2,1
18901,83,1136.2,539.4,1135,37802,2,1
18902,83,1135.5,540.1,1135,37804,2,1
18903,83,1134.9,540.7,1135,37806,2,1
18904,83,1134.2,541.2,1135,37808,2,1
18905,83,1134.2,541.8,1135,37810,2,1
18906,83,1134.1,542,1135,37812,2,1
18907,83,1133.9,542.2,1135,37814,2,1
18908,83,1134.5,541.9,1135,37816,2,1
18909,83,1134.6,541.7,1135,37818,2,1
18910,83,1134.7,541.4,1135,37820,2,1
18911,83,1134.8,541.2,1135,37822,2,1
18912,83,1134,541.1,1135,37824,2,1
18913,83,1133,541.2,1135,37826,2,1
18914,83,1132,541.3,1135,37828,2,1
18915,83,1131.2,541.4,1136,37830,2,1
18916,83,1131,541.4,1136,37832,2,1
18917,83,1130.8,541.3,1136,37834,2,1
18918,83,1130.6,541.3,1136,37836,2,1
18919,83,1130.6,541.1,1136,37838,2,1
18920,83,1130.9,541,1136,37840,2,1
18921,83,1131.4,540.7,1136,37842,2,1
18922,83,1131.7,540.6,1136,37844,2,1
18923,83,1132.1,540.3,1136,37846,2,1
18924,83,1132.4,540.1,1136,37848,2,1
18925,83,1132.6,539.9,1136,37850,2,1
18926,83,1132.9,539.5,1136,37852,2,1
18927,83,1132.9,539.2,1136,37854,2,1
18928,83,1132.9,538.7,1136,37856,2,1
18929,83,1132.9,538.3,1136,37858,2,1
18930,83,1132.6,538,1136,37860,2,1
18931,83,1132.3,538.1,1136,37862,2,1
18932,83,1131.7,538.6,1137,37864,2,1
18933,83,1131.1,539.3,1137,37866,2,1
18934,83,1130.8,540.1,1137,37868,2,1
18935,83,1130.6,541,1137,37870,2,1
18936,83,1130.3,541.9,1137,37872,2,1
18937,83,1130.1,543,1137,37874,2,1
18938,83,1129.8,543.9,1137,37876,2,1
18939,83,1129.7,544.4,1137,37878,2,1
18940,83,1129.7,544.8,1137,37880,2,1
18941,83,1129.7,544.9,1137,37882,2,1
18942,83,1129.7,544.8,1137,37884,2,1
18943,83,1129.7,544.7,1137,37886,2,1
18944,83,1129.8,544.5,1137,37888,2,1
18945,83,1130.1,544.2,1137,37890,2,1
18946,83,1130.3,543.8,1137,37892,2,1
18947,83,1130.3,543.5,1137,37894,2,1
18948,83,1130.1,543.6,1137,37896,2,1
18949,83,1130,543.9,1138,37898,2,1
18950,83,1129.9,544.2,1138,37900,2,1
18951,83,1129.6,544.7,1138,37902,2,1
18952,83,1129.5,545,1138,37904,2,1
18953,83,1129.4,545.5,1138,37906,2,1
18954,83,1129.6,545.8,1138,37908,2,1
18955,83,1130.3,545.9,1138,37910,2,1
18956,83,1131,545.4,1138,37912,2,1
18957,83,1131.6,544.4,1138,37914,2,1
18958,83,1132.1,543.6,1138,37916,2,1
18959,83,1132.6,542.9,1138,37918,2,1
18960,83,1133.1,542.7,1138,37920,2,1
18961,83,1133.4,542.6,1138,37922,2,1
18962,83,1133.3,542.6,1138,37924,2,1
18963,83,1133.2,542.9,1138,37926,2,1
18964,83,1133.2,543.7,1138,37928,2,1
18965,83,1132.9,544.4,1139,37930,2,1
18966,83,1132.7,545,1139,37932,2,1
18967,83,1132.4,544.9,1139,37934,2,1
18968,83,1132.1,545,1139,37936,2,1
18969,83,1131.6,545.1,1139,37938,2,1
18970,83,1130.8,545.4,1139,37940,2,1
18971,83,1130.1,545.6,1139,37942,2,1
18972,83,1129.7,545.8,1139,37944,2,1
18973,83,1129.8,545.9,1139,37946,2,1
18974,83,1130.3,546.3,1139,37948,2,1
18975,83,1130.9,546.5,1139,37950,2,1
18976,83,1131.7,546.7,1139,37952,2,1
18977,83,1132.6,546.7,1139,37954,2,1
18978,83,1133.5,546.8,1139,37956,2,1
18979,83,1134.2,547,1139,37958,2,1
18980,83,1134.1,547.2,1139,37960,2,1
18981,83,1133.5,547.5,1139,37962,2,1
18982,83,1132.9,547.9,1140,37964,2,1
18983,83,1132.2,548.3,1140,37966,2,1
18984,83,1131.6,548.7,1140,37968,2,1
18985,83,1130.9,548.9,1140,37970,2,1
18986,83,1130,548.8,1140,37972,2,1
18987,83,1129.7,548.7,1140,37974,2,1
18988,83,1129.2,548.7,1140,37976,2,1
18989,83,1128.8,548.5,1140,37978,2,1
18990,83,1128.5,548.3,1140,37980,2,1
18991,83,1128.4,548.1,1140,37982,2,1
18992,83,1128.4,548,1140,37984,2,1
18993,83,1128.5,548.2,1140,37986,2,1
18994,83,1128.6,548.3,1140,37988,2,1
18995,83,1128.8,548.5,1140,37990,2,1
18996,83,1129,548.6,1140,37992,2,1
18997,83,1129.3,548.6,1140,37994,2,1
18998,83,1129.4,548.7,1140,37996,2,1
18999,83,1129.6,548.7,1141,37998,2,1
19000,83,1129.7,548.8,1141,38000,2,1
19001,83,1129.9,548.9,1141,38002,2,1
19002,83,1130.2,548.9,1141,38004,2,1
19003,83,1130.3,548.9,1141,38006,2,1
19004,83,1130.4,549,1141,38008,2,1
19005,83,1130.4,549.1,1141,38010,2,1
19006,83,1130.3,548.9,1141,38012,2,1
19007,83,1130,548.7,1141,38014,2,1
19008,83,1129.6,548.5,1141,38016,2,1
19009,83,1128.9,548.6,1141,38018,2,1
19010,83,1128.5,548.7,1141,38020,2,1
19011,83,1128.1,548.8,1141,38022,2,1
19012,83,1127.7,548.8,1141,38024,2,1
19013,83,1127.4,548.9,1141,38026,2,1
19014,83,1127.2,549,1141,38028,2,1
19015,83,1126.6,549,1142,38030,2,1
19016,83,1126.1,548.7,1142,38032,2,1
19017,83,1125.6,548.3,1142,38034,2,1
19018,83,1125.2,548,1142,38036,2,1
19019,83,1124.8,548.1,1142,38038,2,1
19020,83,1124.4,548.4,1142,38040,2,1
19021,83,1124.1,548.6,1142,38042,2,1
19022,83,1124.3,549,1142,38044,2,1
19023,83,1124.5,549.6,1142,38046,2,1
19024,83,1124.5,550.2,1142,38048,2,1
19025,83,1124.5,550.6,1142,38050,2,1
19026,83,1124.4,550.7,1142,38052,2,1
19027,83,1124.3,550.9,1142,38054,2,1
19028,83,1124.2,550.9,1142,38056,2,1
19029,83,1124.3,550.8,1142,38058,2,1
19030,83,1124.4,550.7,1142,38060,2,1
19031,83,1124.7,550.6,1142,38062,2,1
19032,83,1125,550.6,1143,38064,2,1
19033,83,1125.3,550.6,1143,38066,2,1
19034,83,1125.6,550.6,1143,38068,2,1
19035,83,1125.9,550.9,1143,38070,2,1
19036,83,1126.2,551.1,1143,38072,2,1
19037,83,1126.8,551.2,1143,38074,2,1
19038,83,1127.3,551.3,1143,38076,2,1
19039,83,1127.6,551.3,1143,38078,2,1
19040,83,1127.4,551.3,1143,38080,2,1
19041,83,1127.2,551.1,1143,38082,2,1
19042,83,1126.8,550.9,1143,38084,2,1
19043,83,1126.4,550.8,1143,38086,2,1
19044,83,1126.2,550.7,1143,38088,2,1
19045,83,1126,550.6,1143,38090,2,1
19046,83,1125.9,550.6,1143,38092,2,1
19047,83,1126.5,550.5,1143,38094,2,1
19048,83,1126.8,550.8,1143,38096,2,1
19049,83,1126.7,551.2,1144,38098,2,1
19050,83,1126.4,551.8,1144,38100,2,1
19051,83,1125.6,552.4,1144,38102,2,1
19052,83,1124.8,553,1144,38104,2,1
19053,83,1124,553.6,1144,38106,2,1
19054,83,1123.1,554,1144,38108,2,1
19055,83,1122.4,554.2,1144,38110,2,1
19056,83,1122,554.1,1144,38112,2,1
19057,83,1121.8,553.9,1144,38114,2,1
19058,83,1121.7,553.7,1144,38116,2,1
19059,83,1121.5,553.5,1144,38118,2,1
19060,83,1121.3,553.4,1144,38120,2,1
19061,83,1121.5,553.2,1144,38122,2,1
19062,83,1121.9,553,1144,38124,2,1
19063,83,1122.4,553,1144,38126,2,1
19064,83,1122.8,552.7,1144,38128,2,1
19065,83,1123.4,552.4,1145,38130,2,1
19066,83,1124,552.1,1145,38132,2,1
19067,83,1124.6,551.7,1145,38134,2,1
19068,83,1125.1,551.5,1145,38136,2,1
19069,83,1125.4,551.4,1145,38138,2,1
19070,83,1125.7,551.2,1145,38140,2,1
19071,83,1125.9,551.3,1145,38142,2,1
19072,83,1125.8,551.6,1145,38144,2,1
19073,83,1125.6,551.8,1145,38146,2,1
19074,83,1125.3,552.2,1145,38148,2,1
19075,83,1125,552.6,1145,38150,2,1
19076,83,1124.8,552.9,1145,38152,2,1
19077,83,1124.5,553.1,1145,38154,2,1
19078,83,1124.4,553.4,1145,38156,2,1
19079,83,1124.3,553.7,1145,38158,2,1
19080,83,1124.2,553.9,1145,38160,2,1
19081,83,1123.9,554,1145,38162,2,1
19082,83,1123.7,553.9,1146,38164,2,1
19083,83,1123.4,553.8,1146,38166,2,1
19084,83,1123.2,553.5,1146,38168,2,1
19085,83,1123,553.2,1146,38170,2,1
19086,83,1122.8,553,1146,38172,2,1
19087,83,1122.6,553,1146,38174,2,1
19088,83,1122.6,552.9,1146,38176,2,1
19089,83,1122.7,552.9,1146,38178,2,1
19090,83,1122.6,553,1146,38180,2,1
19091,83,1122.5,553.2,1146,38182,2,1
19092,83,1121.8,553.5,1146,38184,2,1
19093,83,1121.2,553.7,1146,38186,2,1
19094,83,1120.5,553.8,1146,38188,2,1
19095,83,1119.8,553.7,1146,38190,2,1
19096,83,1119.2,553.5,1146,38192,2,1
19097,83,1118.7,553.2,1146,38194,2,1
19098,83,1118.6,552.9,1146,38196,2,1
19099,83,1119,552.6,1147,38198,2,1
19100,83,1120.2,552,1147,38200,2,1
19101,83,1121.4,551.4,1147,38202,2,1
19102,83,1122.6,550.7,1147,38204,2,1
19103,83,1123.5,550.4,1147,38206,2,1
19104,83,1124.2,550.2,1147,38208,2,1
19105,83,1124,550.2,1147,38210,2,1
19106,83,1123.8,550.4,1147,38212,2,1
19107,83,1122.7,550.8,1147,38214,2,1
19108,83,1121.6,551.4,1147,38216,2,1
19109,83,1120.7,551.9,1147,38218,2,1
19110,83,1119.9,552.4,1147,38220,2,1
19111,83,1119.2,552.9,1147,38222,2,1
19112,83,1119.1,553.2,1147,38224,2,1
19113,83,1119.2,553.5,1147,38226,2,1
19114,83,1119.6,553.7,1147,38228,2,1
19115,83,1119.9,553.9,1148,38230,2,1
19116,83,1120.3,554.2,1148,38232,2,1
19117,83,1120.6,554.7,1148,38234,2,1
19118,83,1120.7,555.2,1148,38236,2,1
19119,83,1120.8,555.7,1148,38238,2,1
19120,83,1120.8,556.1,1148,38240,2,1
19121,83,1120.8,556.5,1148,38242,2,1
19122,83,1121,556.7,1148,38244,2,1
19123,83,1121,556.8,1148,38246,2,1
19124,83,1121.1,556.6,1148,38248,2,1
19125,83,1120.9,556.4,1148,38250,2,1
19126,83,1120.6,556.4,1148,38252,2,1
19127,83,1120.2,556.6,1148,38254,2,1
19128,83,1119.6,556.9,1148,38256,2,1
19129,83,1118.8,557.1,1148,38258,2,1
19130,83,1118.3,557.4,1148,38260,2,1
19131,83,1117.9,557.6,1148,38262,2,1
19132,83,1117.9,557.9,1149,38264,2,1
19133,83,1117.8,558.2,1149,38266,2,1
19134,83,1117.8,559.1,1149,38268,2,1
19135,83,1117.9,560.1,1149,38270,2,1
19136,83,1117.9,561,1149,38272,2,1
19137,83,1118,561.8,1149,38274,2,1
19138,83,1118.1,562.5,1149,38276,2,1
19139,83,1118.2,563.1,1149,38278,2,1
19140,83,1118.4,563.8,1149,38280,2,1
19141,83,1118.6,563.6,1149,38282,2,1
19142,83,1118.9,563.4,1149,38284,2,1
19143,83,1119.8,563.2,1149,38286,2,1
19144,83,1120.6,563,1149,38288,2,1
19145,83,1121.4,562.8,1149,38290,2,1
19146,83,1122.1,562.6,1149,38292,2,1
19147,83,1122.8,562.2,1149,38294,2,1
19148,83,1123.5,561.8,1149,38296,2,1
19149,83,1124,561.2,1150,38298,2,1
19150,83,1123.7,560.6,1150,38300,2,1
19151,83,1123.4,560.1,1150,38302,2,1
19152,83,1123.2,559.5,1150,38304,2,1
19153,83,1123,559,1150,38306,2,1
19154,83,1122.6,558.7,1150,38308,2,1
19155,83,1122.1,558.6,1150,38310,2,1
19156,83,1121.7,558.5,1150,38312,2,1
19157,83,1121.5,558.6,1150,38314,2,1
19158,83,1121.2,558.7,1150,38316,2,1
19159,83,1120.9,558.6,1150,38318,2,1
19160,83,1120.6,558.5,1150,38320,2,1
19161,83,1120.4,558.4,1150,38322,2,1
19162,83,1120.3,558.1,1150,38324,2,1
19163,83,1120.2,557.9,1150,38326,2,1
19164,83,1120.1,557.7,1150,38328,2,1
19165,83,1120,557.6,1150,38330,2,1
19166,83,1119.7,558.2,1150,38332,2,1
19167,83,1119.4,558.7,1150,38334,2,1
19168,83,1118.8,559.4,1150,38336,2,1
19169,83,1118.3,560.1,1150,38338,2,1
19170,83,1117.8,560.7,1150,38340,2,1
19171,83,1117.3,561.3,1150,38342,2,1
19172,83,1116.9,561.7,1150,38344,2,1
19173,83,1117.1,562.1,1150,38346,2,1
19174,83,1117.2,562.5,1150,38348,2,1
19175,83,1117.9,562.8,1150,38350,2,1
19176,83,1118.6,563.2,1150,38352,2,1
19177,83,1119.3,563.5,1150,38354,2,1
19178,83,1119.8,563.9,1150,38356,2,1
19179,83,1120.4,564.4,1150,38358,2,1
19180,83,1120.5,564.6,1150,38360,2,1
19181,83,1120.7,564.8,1150,38362,2,1
19182,83,1120.6,565,1150,38364,2,1
19183,83,1120.7,565.1,1150,38366,2,1
19184,83,1120.8,565.1,1150,38368,2,1
19185,83,1120.8,565.2,1150,38370,2,1
19186,83,1120.8,565.2,1150,38372,2,1
19187,83,1120.8,565.2,1150,38374,2,1
19188,83,1120.7,565.2,1150,38376,2,1
19189,83,1120.6,565.2,1150,38378,2,1
19190,83,1120.5,565.2,1150,38380,2,1
19191,83,1120.5,565.1,1150,38382,2,1
19192,83,1120.7,565,1150,38384,2,1
19193,83,1120.8,564.9,1150,38386,2,1
19194,83,1120.9,564.8,1150,38388,2,1
19195,83,1120.9,564.7,1150,38390,2,1
19196,83,1120.9,564.7,1150,38392,2,1
19197,83,1120.8,564.6,1150,38394,2,1
19198,83,1120.7,564.6,1150,38396,2,1
19199,83,1120.7,564.6,1152,38398,2,1
19200,83,1120.8,564.6,1152,38400,2,1
19201,83,1121,564.7,1152,38402,2,1
19202,83,1121.3,564.7,1152,38404,2,1
19203,83,1121.5,564.8,1152,38406,2,1
19204,83,1121.5,564.9,1152,38408,2,1
19205,83,1121.4,565,1152,38410,2,1
19206,83,1121.1,565.1,1152,38412,2,1
19207,83,1120.7,565,1153,38414,2,1
19208,83,1120.1,564.9,1153,38416,2,1
19209,83,1119.6,564.8,1153,38418,2,1
19210,83,1119.2,564.7,1153,38420,2,1
19211,83,1119,565.1,1153,38422,2,1
19212,83,1118.9,565.5,1153,38424,2,1
19213,83,1119,565.9,1153,38426,2,1
19214,83,1119.1,566.3,1153,38428,2,1
19215,83,1119.4,566.7,1154,38430,2,1
19216,83,1119.6,567,1154,38432,2,1
19217,83,1119.8,567.3,1154,38434,2,1
19218,83,1119.2,567.3,1154,38436,2,1
19219,83,1118.7,567.1,1154,38438,2,1
19220,83,1118,567.1,1154,38440,2,1
19221,83,1117.3,567.2,1154,38442,2,1
19222,83,1116.9,567.4,1154,38444,2,1
19223,83,1116.5,567.6,1154,38446,2,1
19224,83,1116,567.5,1154,38448,2,1
19225,83,1116.3,567.4,1154,38450,2,1
19226,83,1116.4,567.3,1154,38452,2,1
19227,83,1116.8,567,1154,38454,2,1
19228,83,1117.1,567.5,1154,38456,2,1
19229,83,1117.2,568,1154,38458,2,1
19230,83,1117.3,568.5,1154,38460,2,1
19231,83,1117.4,569.1,1154,38462,2,1
19232,83,1117.6,569.4,1155,38464,2,1
19233,83,1117.8,569.4,1155,38466,2,1
19234,83,1118.1,569.4,1155,38468,2,1
19235,83,1118.3,568.7,1155,38470,2,1
19236,83,1118.8,568,1155,38472,2,1
19237,83,1119.1,567.5,1155,38474,2,1
19238,83,1119.5,566.9,1155,38476,2,1
19239,83,1119.8,566.5,1155,38478,2,1
19240,83,1120.3,566.3,1155,38480,2,1
19241,83,1120.8,565.9,1155,38482,2,1
19242,83,1121.3,565.4,1155,38484,2,1
19243,83,1121.5,564.8,1155,38486,2,1
19244,83,1121.6,564.3,1155,38488,2,1
19245,83,1121.7,563.8,1155,38490,2,1
19246,83,1121.8,563.4,1155,38492,2,1
19247,83,1121.8,563.3,1155,38494,2,1
19248,83,1121.7,563.5,1155,38496,2,1
19249,83,1121.7,563.7,1156,38498,2,1
19250,83,1121.5,564.2,1156,38500,2,1
19251,83,1121.5,564.6,1156,38502,2,1
19252,83,1121.6,565.1,1156,38504,2,1
19253,83,1121.8,565.4,1156,38506,2,1
19254,83,1122,565.5,1156,38508,2,1
19255,83,1122.3,565.6,1156,38510,2,1
19256,83,1122.5,565.7,1156,38512,2,1
19257,83,1122.7,565.6,1156,38514,2,1
19258,83,1122.9,565.7,1156,38516,2,1
19259,83,1123,565.6,1156,38518,2,1
19260,83,1123.3,565.5,1156,38520,2,1
19261,83,1123.4,565.4,1156,38522,2,1
19262,83,1123.5,565.3,1156,38524,2,1
19263,83,1123.4,565.3,1156,38526,2,1
19264,83,1123.4,565.4,1156,38528,2,1
19265,83,1123.5,565.4,1157,38530,2,1
19266,83,1123.5,565.5,1157,38532,2,1
19267,83,1123.4,565.8,1157,38534,2,1
19268,83,1123.3,566.1,1157,38536,2,1
19269,83,1123.4,566.3,1157,38538,2,1
19270,83,1123.6,566.4,1157,38540,2,1
19271,83,1123.5,566.7,1157,38542,2,1
19272,83,1123.3,566.9,1157,38544,2,1
19273,83,1123.2,567.2,1157,38546,2,1
19274,83,1123.1,567.5,1157,38548,2,1
19275,83,1122.7,567.7,1157,38550,2,1
19276,83,1122.3,567.8,1157,38552,2,1
19277,83,1121.8,567.8,1157,38554,2,1
19278,83,1121.3,567.8,1157,38556,2,1
19279,83,1120.6,567.8,1157,38558,2,1
19280,83,1120,567.8,1157,38560,2,1
19281,83,1119.6,568,1157,38562,2,1
19282,83,1119.3,568.2,1158,38564,2,1
19283,83,1119,568.6,1158,38566,2,1
19284,83,1118.8,568.8,1158,38568,2,1
19285,83,1118.9,568.8,1158,38570,2,1
19286,83,1118.9,568.8,1158,38572,2,1
19287,83,1118.7,568.8,1158,38574,2,1
19288,83,1118.4,568.4,1158,38576,2,1
19289,83,1118.2,568.1,1158,38578,2,1
19290,83,1118,567.6,1158,38580,2,1
19291,83,1117.7,567.1,1158,38582,2,1
19292,83,1117.4,566.9,1158,38584,2,1
19293,83,1117,566.7,1158,38586,2,1
19294,83,1116.8,566.5,1158,38588,2,1
19295,83,1116.7,566.4,1158,38590,2,1
19296,83,1116.7,566.7,1158,38592,2,1
19297,83,1116.6,567.1,1158,38594,2,1
19298,83,1116.5,567.6,1158,38596,2,1
19299,83,1116.3,568.2,1159,38598,2,1
19300,83,1116,568.5,1159,38600,2,1
19301,83,1115.8,568.3,1159,38602,2,1
19302,83,1115.6,568,1159,38604,2,1
19303,83,1115.5,567,1159,38606,2,1
19304,83,1115.6,567,1159,38608,2,1
19305,83,1116,566.5,1159,38610,2,1
19306,83,1116.4,565.8,1159,38612,2,1
19307,83,1116.6,565.5,1159,38614,2,1
19308,83,1116.6,565.5,1159,38616,2,1
19309,83,1116.6,565.7,1159,38618,2,1
19310,83,1116.5,565.9,1159,38620,2,1
19311,83,1116.4,565.2,1159,38622,2,1
19312,83,1116.3,564.9,1159,38624,2,1
19313,83,1116,564.9,1159,38626,2,1
19314,83,1115.8,565,1159,38628,2,1
19315,83,1115.6,565.3,1160,38630,2,1
19316,83,1115.3,565.6,1160,38632,2,1
19317,83,1115,565.9,1160,38634,2,1
19318,83,1114.8,566.2,1160,38636,2,1
19319,83,1114.4,566.3,1160,38638,2,1
19320,83,1114,566.5,1160,38640,2,1
19321,83,1113.9,566.6,1160,38642,2,1
19322,83,1114,566.6,1160,38644,2,1
19323,83,1114.2,566.4,1160,38646,2,1
19324,83,1114.6,566.3,1160,38648,2,1
19325,83,1115,566.1,1160,38650,2,1
19326,83,1115.6,565.9,1160,38652,2,1
19327,83,1116.1,565.5,1160,38654,2,1
19328,83,1116.5,565,1160,38656,2,1
19329,83,1116.4,564.7,1160,38658,2,1
19330,83,1116.2,564.4,1160,38660,2,1
19331,83,1115.6,564.4,1160,38662,2,1
19332,83,1115.2,564.4,1161,38664,2,1
19333,83,1114.7,564.2,1161,38666,2,1
19334,83,1114.2,564.1,1161,38668,2,1
19335,83,1113.8,563.8,1161,38670,2,1
19336,83,1113.6,563.4,1161,38672,2,1
19337,83,1113.4,563,1161,38674,2,1
19338,83,1113.4,562.4,1161,38676,2,1
19339,83,1113.2,561.8,1161,38678,2,1
19340,83,1113.1,561.5,1161,38680,2,1
19341,83,1112.9,561.2,1161,38682,2,1
19342,83,1112.8,561.3,1161,38684,2,1
19343,83,1112.7,561.5,1161,38686,2,1
19344,83,1112.6,561.7,1161,38688,2,1
19345,83,1112.5,562.7,1161,38690,2,1
19346,83,1112.4,563.7,1161,38692,2,1
19347,83,1112.4,564.5,1161,38694,2,1
19348,83,1112.3,565.4,1161,38696,2,1
19349,83,1112.5,566.2,1162,38698,2,1
19350,83,1112.6,566.8,1162,38700,2,1
19351,83,1112.7,567.4,1162,38702,2,1
19352,83,1112.4,567.2,1162,38704,2,1
19353,83,1112.1,566.9,1162,38706,2,1
19354,83,1111.8,566.7,1162,38708,2,1
19355,83,1111.4,566.3,1162,38710,2,1
19356,83,1110.9,566,1162,38712,2,1
19357,83,1110.5,565.6,1162,38714,2,1
19358,83,1110,565.3,1162,38716,2,1
19359,83,1109.9,565.1,1162,38718,2,1
19360,83,1109.6,564.7,1162,38720,2,1
19361,83,1109.5,564.3,1162,38722,2,1
19362,83,1109.4,563.9,1162,38724,2,1
19363,83,1109.3,563.5,1162,38726,2,1
19364,83,1109.2,563.3,1162,38728,2,1
19365,83,1109.3,563.2,1163,38730,2,1
19366,83,1109.7,562.9,1163,38732,2,1
19367,83,1110.2,562.8,1163,38734,2,1
19368,83,1110.6,562.8,1163,38736,2,1
19369,83,1111,562.9,1163,38738,2,1
19370,83,1111.4,563.1,1163,38740,2,1
19371,83,1111.6,563.2,1163,38742,2,1
19372,83,1111.7,563.2,1163,38744,2,1
19373,83,1111.4,563.4,1163,38746,2,1
19374,83,1111.1,563.8,1163,38748,2,1
19375,83,1110.7,564.1,1163,38750,2,1
19376,83,1110.6,564.3,1163,38752,2,1
19377,83,1110.6,564.6,1163,38754,2,1
19378,83,1111,565.1,1163,38756,2,1
19379,83,1111.5,565.9,1163,38758,2,1
19380,83,1112,566.8,1163,38760,2,1
19381,83,1112.5,567.6,1163,38762,2,1
19382,83,1113,568.4,1164,38764,2,1
19383,83,1113.4,569,1164,38766,2,1
19384,83,1113.8,569.5,1164,38768,2,1
19385,83,1113.9,569.6,1164,38770,2,1
19386,83,1113.8,569.4,1164,38772,2,1
19387,83,1113.5,569.2,1164,38774,2,1
19388,83,1113.3,568.9,1164,38776,2,1
19389,83,1112.9,568.6,1164,38778,2,1
19390,83,1112.4,568.2,1164,38780,2,1
19391,83,1111.9,568,1164,38782,2,1
19392,83,1111.4,567.8,1164,38784,2,1
19393,83,1111,567.8,1164,38786,2,1
19394,83,1110,568,1164,38788,2,1
19395,83,1109.1,568.3,1164,38790,2,1
19396,83,1108.5,568.5,1164,38792,2,1
19397,83,1108.1,568.6,1164,38794,2,1
19398,83,1108.1,568.4,1164,38796,2,1
19399,83,1107.9,566.9,1165,38798,2,1
19400,83,1107.5,563,1165,38800,2,1
19401,83,1108.9,557.1,1165,38802,2,1
19402,83,1109.9,547.1,1165,38804,2,1
19403,83,1110.7,532.9,1165,38806,2,1
19404,83,1111.1,515.3,1165,38808,2,1
19405,83,1111,494,1165,38810,2,1
19406,83,1110.7,469.2,1165,38812,2,1
19407,83,1110.6,445.4,1165,38814,2,1
19408,83,1109.4,422.2,1165,38816,2,1
19409,83,1108.4,400,1165,38818,2,1
19410,83,1107.7,381.3,1165,38820,2,1
19411,83,1107,365.1,1165,38822,2,1
19412,83,1106.4,351.9,1165,38824,2,1
19413,83,1106.1,342.5,1165,38826,2,1
19414,83,1105.7,332.8,1165,38828,2,1
19415,83,1105.3,323.7,1166,38830,2,1
19416,83,1103.8,317.1,1166,38832,2,1
19417,83,1101.6,311,1166,38834,2,1
19418,83,1099.5,305.9,1166,38836,2,1
19419,83,1097.4,301.9,1166,38838,2,1
19420,83,1095.1,298.5,1166,38840,2,1
19421,83,1092.9,296.8,1166,38842,2,1
19422,83,1090.9,295.5,1166,38844,2,1
19423,83,1090.1,294.6,1166,38846,2,1
19424,83,1090,293.9,1166,38848,2,1
19425,83,1089.7,293.3,1166,38850,2,1
19426,83,1089.5,292.8,1166,38852,2,1
19427,83,1089.6,292.3,1166,38854,2,1
19428,83,1089.6,291.9,1166,38856,2,1
19429,83,1089.5,291.6,1166,38858,2,1
19430,83,1089,291.7,1166,38860,2,1
19431,83,1088.6,291.7,1166,38862,2,1
19432,83,1088.2,291.6,1167,38864,2,1
19433,83,1087.8,291.6,1167,38866,2,1
19434,83,1087.4,291.3,1167,38868,2,1
19435,83,1087,291.1,1167,38870,2,1
19436,83,1086.6,290.8,1167,38872,2,1
19437,83,1086.6,290.4,1167,38874,2,1
19438,83,1086.5,290,1167,38876,2,1
19439,83,1086.7,289.5,1167,38878,2,1
19440,83,1086.8,289.1,1167,38880,2,1
19441,83,1087,288.9,1167,38882,2,1
19442,83,1087,288.8,1167,38884,2,1
19443,83,1087,288.7,1167,38886,2,1
19444,83,1086.9,288.6,1167,38888,2,1
19445,83,1086.8,288.4,1167,38890,2,1
19446,83,1086.5,288.3,1167,38892,2,1
19447,83,1086.3,288.1,1167,38894,2,1
19448,83,1086.2,288,1167,38896,2,1
19449,83,1086.6,288,1168,38898,2,1
19450,83,1087,288,1168,38900,2,1
19451,83,1087.5,288.4,1168,38902,2,1
19452,83,1088,288.7,1168,38904,2,1
19453,83,1088.5,289,1168,38906,2,1
19454,83,1088.8,289.2,1168,38908,2,1
19455,83,1089.1,289.4,1168,38910,2,1
19456,83,1089.2,289.5,1168,38912,2,1
19457,83,1089.5,289.5,1168,38914,2,1
19458,83,1089.9,289.1,1168,38916,2,1
19459,83,1090.2,288.7,1168,38918,2,1
19460,83,1090.7,288.5,1168,38920,2,1
19461,83,1091.1,288.3,1168,38922,2,1
19462,83,1091.5,288.2,1168,38924,2,1
19463,83,1091.5,287.7,1168,38926,2,1
19464,83,1091.4,287.4,1168,38928,2,1
19465,83,1091.1,287.2,1169,38930,2,1
19466,83,1090.9,286.9,1169,38932,2,1
19467,83,1090.6,286.5,1169,38934,2,1
19468,83,1090.4,286.2,1169,38936,2,1
19469,83,1090.2,285.8,1169,38938,2,1
19470,83,1090.1,285.9,1169,38940,2,1
19471,83,1090.1,285.8,1169,38942,2,1
19472,83,1090.3,285.9,1169,38944,2,1
19473,83,1090.5,285.9,1169,38946,2,1
19474,83,1090.7,286,1169,38948,2,1
19475,83,1091,286,1169,38950,2,1
19476,83,1091.3,286.1,1169,38952,2,1
19477,83,1091.6,286.3,1169,38954,2,1
19478,83,1091.8,286.4,1169,38956,2,1
19479,83,1092,286.5,1169,38958,2,1
19480,83,1092.1,286.6,1169,38960,2,1
19481,83,1092.2,286.7,1169,38962,2,1
19482,83,1092.2,286.3,1170,38964,2,1
19483,83,1092.1,285.9,1170,38966,2,1
19484,83,1092,285.6,1170,38968,2,1
19485,83,1091.8,285.3,1170,38970,2,1
19486,83,1091.6,285,1170,38972,2,1
19487,83,1091.4,284.8,1170,38974,2,1
19488,83,1090.7,284.7,1170,38976,2,1
19489,83,1090.2,284.8,1170,38978,2,1
19490,83,1089.6,285,1170,38980,2,1
19491,83,1089.1,285.1,1170,38982,2,1
19492,83,1088.6,285.3,1170,38984,2,1
19493,83,1088.2,285.5,1170,38986,2,1
19494,83,1087.7,285.7,1170,38988,2,1
19495,83,1087.8,285.7,1170,38990,2,1
19496,83,1087.9,285.7,1170,38992,2,1
19497,83,1088,285.8,1170,38994,2,1
19498,83,1088.3,285.9,1170,38996,2,1
19499,83,1088.8,286,1171,38998,2,1
19500,83,1089.3,286,1171,39000,2,1
19501,83,1089.9,286.1,1171,39002,2,1
19502,83,1090.4,286.3,1171,39004,2,1
19503,83,1091,286.2,1171,39006,2,1
19504,83,1091.4,286.1,1171,39008,2,1
19505,83,1091.8,285.9,1171,39010,2,1
19506,83,1091.8,285.8,1171,39012,2,1
19507,83,1091.8,285.9,1171,39014,2,1
19508,83,1091.7,286,1171,39016,2,1
19509,83,1091.6,286.1,1171,39018,2,1
19510,83,1091.4,286.3,1171,39020,2,1
19511,83,1091.3,286.6,1171,39022,2,1
19512,83,1091.2,286.8,1171,39024,2,1
19513,83,1091,287.3,1171,39026,2,1
19514,83,1090.7,287.6,1171,39028,2,1
19515,83,1090.5,288,1172,39030,2,1
19516,83,1090.3,288.5,1172,39032,2,1
19517,83,1090,288.9,1172,39034,2,1
19518,83,1089.8,289.3,1172,39036,2,1
19519,83,1089.5,289.7,1172,39038,2,1
19520,83,1089.1,289.8,1172,39040,2,1
19521,83,1088.7,290.1,1172,39042,2,1
19522,83,1088.3,290.3,1172,39044,2,1
19523,83,1088,290.8,1172,39046,2,1
19524,83,1087.7,291.3,1172,39048,2,1
19525,83,1087.3,291.9,1172,39050,2,1
19526,83,1086.4,292.4,1172,39052,2,1
19527,83,1085.6,292.8,1172,39054,2,1
19528,83,1084.9,293.1,1172,39056,2,1
19529,83,1084.1,293.6,1172,39058,2,1
19530,83,1083.4,293.7,1172,39060,2,1
19531,83,1082.7,293.7,1172,39062,2,1
19532,83,1082.2,293.7,1173,39064,2,1
19533,83,1082.4,293.8,1173,39066,2,1
19534,83,1082.9,294,1173,39068,2,1
19535,83,1083.4,294.2,1173,39070,2,1
19536,83,1084,294.3,1173,39072,2,1
19537,83,1084.5,294.4,1173,39074,2,1
19538,83,1085,294.4,1173,39076,2,1
19539,83,1085.3,294.4,1173,39078,2,1
19540,83,1085.3,294.5,1173,39080,2,1
19541,83,1085,294.6,1173,39082,2,1
19542,83,1084.8,294.2,1173,39084,2,1
19543,83,1084.4,293.9,1173,39086,2,1
19544,83,1084.2,293.5,1173,39088,2,1
19545,83,1084.3,293.2,1173,39090,2,1
19546,83,1085,292.7,1173,39092,2,1
19547,83,1085.9,292.4,1173,39094,2,1
19548,83,1086.8,292.1,1173,39096,2,1
19549,83,1087.4,292.2,1174,39098,2,1
19550,83,1088,292.4,1174,39100,2,1
19551,83,1088.4,292.6,1174,39102,2,1
19552,83,1088.6,292.8,1174,39104,2,1
19553,83,1088.2,293.1,1174,39106,2,1
19554,83,1088,293,1174,39108,2,1
19555,83,1087.7,293.2,1174,39110,2,1
19556,83,1087.7,293.4,1174,39112,2,1
19557,83,1087.6,293.6,1174,39114,2,1
19558,83,1087.2,293.8,1174,39116,2,1
19559,83,1086.8,294.1,1174,39118,2,1
19560,83,1086.3,294.7,1174,39120,2,1
19561,83,1085.2,295.2,1174,39122,2,1
19562,83,1084.2,295.5,1174,39124,2,1
19563,83,1083,295.8,1174,39126,2,1
19564,83,1081.8,296.1,1174,39128,2,1
19565,83,1080.8,296.5,1175,39130,2,1
19566,83,1080,296.9,1175,39132,2,1
19567,83,1079.3,297,1175,39134,2,1
19568,83,1079.2,297,1175,39136,2,1
19569,83,1079,297.1,1175,39138,2,1
19570,83,1079,297.1,1175,39140,2,1
19571,83,1079.1,297.2,1175,39142,2,1
19572,83,1079.4,297.3,1175,39144,2,1
19573,83,1080.3,297.2,1175,39146,2,1
19574,83,1081.3,296.7,1175,39148,2,1
19575,83,1083.2,295.9,1175,39150,2,1
19576,83,1085.5,295,1175,39152,2,1
19577,83,1088.7,293.6,1175,39154,2,1
19578,83,1092.6,291.6,1175,39156,2,1
19579,83,1097.9,287.1,1175,39158,2,1
19580,83,1103.4,282.7,1175,39160,2,1
19581,83,1108.7,278.4,1175,39162,2,1
19582,83,1113.2,274.3,1176,39164,2,1
19583,83,1117.2,270.4,1176,39166,2,1
19584,83,1120.6,266.7,1176,39168,2,1
19585,83,1123.1,263.7,1176,39170,2,1
19586,83,1123.9,263.4,1176,39172,2,1
19587,83,1123.8,263.4,1176,39174,2,1
19588,83,1123.7,263.9,1176,39176,2,1
19589,83,1123.4,264.6,1176,39178,2,1
19590,83,1123.1,265.4,1176,39180,2,1
19591,83,1122.7,266.6,1176,39182,2,1
19592,83,1122.5,267.6,1176,39184,2,1
19593,83,1122.4,268.6,1176,39186,2,1
19594,83,1122.4,269.3,1176,39188,2,1
19595,83,1122.4,269.2,1176,39190,2,1
19596,83,1122.6,268.8,1176,39192,2,1
19597,83,1122.9,268.3,1176,39194,2,1
19598,83,1123.2,267.7,1176,39196,2,1
19599,83,1123.3,267.1,1177,39198,2,1
19600,83,1123.4,266.6,1177,39200,2,1
19601,83,1123.6,266.2,1177,39202,2,1
19602,83,1123.8,266.1,1177,39204,2,1
19603,83,1123.9,266.3,1177,39206,2,1
19604,83,1124.1,266.4,1177,39208,2,1
19605,83,1124.3,266.5,1177,39210,2,1
19606,83,1124.5,266.7,1177,39212,2,1
19607,83,1124.7,266.5,1177,39214,2,1
19608,83,1125.2,266.2,1177,39216,2,1
19609,83,1125.7,265.9,1177,39218,2,1
19610,83,1126,265.8,1177,39220,2,1
19611,83,1126.1,265.8,1177,39222,2,1
19612,83,1126.1,265.9,1177,39224,2,1
19613,83,1126.2,265.8,1177,39226,2,1
19614,83,1126.7,265.7,1177,39228,2,1
19615,83,1126.9,265.8,1178,39230,2,1
19616,83,1127,265.9,1178,39232,2,1
19617,83,1126.9,265.9,1178,39234,2,1
19618,83,1127.2,266.1,1178,39236,2,1
19619,83,1127.4,266.2,1178,39238,2,1
19620,83,1127.6,266.3,1178,39240,2,1
19621,83,1127.5,266.6,1178,39242,2,1
19622,83,1127.4,266.8,1178,39244,2,1
19623,83,1127.1,267.3,1178,39246,2,1
19624,83,1127,267.6,1178,39248,2,1
19625,83,1126.9,267.7,1178,39250,2,1
19626,83,1126.7,267.7,1178,39252,2,1
19627,83,1126.3,267.9,1178,39254,2,1
19628,83,1126,268.2,1178,39256,2,1
19629,83,1125.7,268.5,1178,39258,2,1
19630,83,1125.7,268.3,1178,39260,2,1
19631,83,1125.8,268,1178,39262,2,1
19632,83,1125.8,267.6,1179,39264,2,1
19633,83,1126,267.2,1179,39266,2,1
19634,83,1126.1,266.7,1179,39268,2,1
19635,83,1126.4,266.1,1179,39270,2,1
19636,83,1126.7,265.4,1179,39272,2,1
19637,83,1127.2,264.5,1179,39274,2,1
19638,83,1127.3,264.2,1179,39276,2,1
19639,83,1127.4,264.2,1179,39278,2,1
19640,83,1127.5,264.1,1179,39280,2,1
19641,83,1127.6,263.9,1179,39282,2,1
19642,83,1128,263.6,1179,39284,2,1
19643,83,1128.4,263.4,1179,39286,2,1
19644,83,1128.8,263.2,1179,39288,2,1
19645,83,1129.4,262.9,1179,39290,2,1
19646,83,1130.1,262.4,1179,39292,2,1
19647,83,1130.8,262,1179,39294,2,1
19648,83,1131.5,261.6,1179,39296,2,1
19649,83,1131.8,261.3,1180,39298,2,1
19650,83,1132,260.9,1180,39300,2,1
19651,83,1132,260.7,1180,39302,2,1
19652,83,1131.8,260.5,1180,39304,2,1
19653,83,1131.7,260.4,1180,39306,2,1
19654,83,1131.6,260.4,1180,39308,2,1
19655,83,1131.7,260.6,1180,39310,2,1
19656,83,1131.8,260.8,1180,39312,2,1
19657,83,1132.7,261,1180,39314,2,1
19658,83,1133.8,261.1,1180,39316,2,1
19659,83,1134.8,261.4,1180,39318,2,1
19660,83,1135.8,261.6,1180,39320,2,1
19661,83,1136.6,261.8,1180,39322,2,1
19662,83,1137.2,261.8,1180,39324,2,1
19663,83,1137.8,261.8,1180,39326,2,1
19664,83,1137.7,261.9,1180,39328,2,1
19665,83,1137.5,261.9,1181,39330,2,1
19666,83,1137.7,261.6,1181,39332,2,1
19667,83,1137.9,259,1181,39334,2,1
19668,83,1138.8,256.3,1181,39336,2,1
19669,83,1139.6,251.8,1181,39338,2,1
19670,83,1140.4,246.2,1181,39340,2,1
19671,83,1141.2,239.6,1181,39342,2,1
19672,83,1142,232.7,1181,39344,2,1
19673,83,1142.5,225.7,1181,39346,2,1
19674,83,1143.3,220.8,1181,39348,2,1
19675,83,1143.2,216.2,1181,39350,2,1
19676,83,1143.3,213.3,1181,39352,2,1
19677,83,1143.5,211.7,1181,39354,2,1
19678,83,1143.8,210.9,1181,39356,2,1
19679,83,1144.1,210.7,1181,39358,2,1
19680,83,1144.3,210.7,1181,39360,2,1
19681,83,1144.6,211.7,1181,39362,2,1
19682,83,1144.8,212.8,1182,39364,2,1
19683,83,1144.9,214.1,1182,39366,2,1
19684,83,1145.1,215.4,1182,39368,2,1
19685,83,1145.3,216.7,1182,39370,2,1
19686,83,1145.6,217.7,1182,39372,2,1
19687,83,1146,217.9,1182,39374,2,1
19688,83,1146.2,217.2,1182,39376,2,1
19689,83,1146.5,216.3,1182,39378,2,1
19690,83,1146.8,215.3,1182,39380,2,1
19691,83,1146.9,214.2,1182,39382,2,1
19692,83,1147,213.1,1182,39384,2,1
19693,83,1147.2,212,1182,39386,2,1
19694,83,1147.4,211.3,1182,39388,2,1
19695,83,1147.5,210.9,1182,39390,2,1
19696,83,1147.5,210.6,1182,39392,2,1
19697,83,1147.5,210.3,1182,39394,2,1
19698,83,1147.7,210,1182,39396,2,1
19699,83,1147.8,209.8,1183,39398,2,1
19700,83,1148,209.5,1183,39400,2,1
19701,83,1148.3,209.3,1183,39402,2,1
19702,83,1148.7,209.2,1183,39404,2,1
19703,83,1149.2,209.2,1183,39406,2,1
19704,83,1149.5,209.3,1183,39408,2,1
19705,83,1149.8,209.4,1183,39410,2,1
19706,83,1150,209.5,1183,39412,2,1
19707,83,1150.1,209.3,1183,39414,2,1
19708,83,1150.1,209.2,1183,39416,2,1
19709,83,1149.9,208.9,1183,39418,2,1
19710,83,1149.8,208.6,1183,39420,2,1
19711,83,1149.8,208,1183,39422,2,1
19712,83,1150,207.2,1183,39424,2,1
19713,83,1150.6,206.2,1183,39426,2,1
19714,83,1151.2,205.6,1183,39428,2,1
19715,83,1151.7,205.1,1184,39430,2,1
19716,83,1152.3,204.8,1184,39432,2,1
19717,83,1153,204.6,1184,39434,2,1
19718,83,1153.7,204.4,1184,39436,2,1
19719,83,1154.1,204.7,1184,39438,2,1
19720,83,1154,205.3,1184,39440,2,1
19721,83,1153.9,205.7,1184,39442,2,1
19722,83,1153.8,206.2,1184,39444,2,1
19723,83,1153.6,206.5,1184,39446,2,1
19724,83,1153.4,206.7,1184,39448,2,1
19725,83,1153.1,206.9,1184,39450,2,1
19726,83,1153,207.1,1184,39452,2,1
19727,83,1152.9,207.2,1184,39454,2,1
19728,83,1152.8,207.5,1184,39456,2,1
19729,83,1152.4,207.7,1184,39458,2,1
19730,83,1152.1,207.9,1184,39460,2,1
19731,83,1151.9,208.1,1184,39462,2,1
19732,83,1151.7,208,1185,39464,2,1
19733,83,1151.7,207.3,1185,39466,2,1
19734,83,1152,206.3,1185,39468,2,1
19735,83,1152.4,205,1185,39470,2,1
19736,83,1153.1,203.8,1185,39472,2,1
19737,83,1153.7,202.6,1185,39474,2,1
19738,83,1154.2,201.6,1185,39476,2,1
19739,83,1154.5,201.1,1185,39478,2,1
19740,83,1154.4,201.4,1185,39480,2,1
19741,83,1154.3,201.8,1185,39482,2,1
19742,83,1154.1,202.2,1185,39484,2,1
19743,83,1154,202.7,1185,39486,2,1
19744,83,1154,203.3,1185,39488,2,1
19745,83,1153.9,203.9,1185,39490,2,1
19746,83,1153.9,204.4,1185,39492,2,1
19747,83,1154.1,204.5,1185,39494,2,1
19748,83,1154.4,204.6,1185,39496,2,1
19749,83,1154.7,204.7,1186,39498,2,1
19750,83,1154.6,204.8,1186,39500,2,1
19751,83,1154.6,205,1186,39502,2,1
19752,83,1154.6,205.1,1186,39504,2,1
19753,83,1154.5,205.2,1186,39506,2,1
19754,83,1154.5,205.6,1186,39508,2,1
19755,83,1154.5,206,1186,39510,2,1
19756,83,1154.6,206.4,1186,39512,2,1
19757,83,1154.8,206.8,1186,39514,2,1
19758,83,1154.9,207.2,1186,39516,2,1
19759,83,1154.9,207.6,1186,39518,2,1
19760,83,1154.7,207.9,1186,39520,2,1
19761,83,1152.7,207.7,1186,39522,2,1
19762,83,1148.3,207.7,1186,39524,2,1
19763,83,1141.8,206.7,1186,39526,2,1
19764,83,1132.2,205.8,1186,39528,2,1
19765,83,1121.8,204.7,1187,39530,2,1
19766,83,1107.7,203.7,1187,39532,2,1
19767,83,1089.4,202.1,1187,39534,2,1
19768,83,1071.5,200.1,1187,39536,2,1
19769,83,1053,197.3,1187,39538,2,1
19770,83,1034.3,195.5,1187,39540,2,1
19771,83,1016.2,192.9,1187,39542,2,1
19772,83,996,190.7,1187,39544,2,1
19773,83,978.2,188.5,1187,39546,2,1
19774,83,964.3,186.7,1187,39548,2,1
19775,83,950,185.5,1187,39550,2,1
19776,83,938.3,184.6,1187,39552,2,1
19777,83,928.6,183.6,1187,39554,2,1
19778,83,921.3,183.5,1187,39556,2,1
19779,83,918,183,1187,39558,2,1
19780,83,916.2,182.6,1187,39560,2,1
19781,83,914.8,182.5,1187,39562,2,1
19782,83,915,182.7,1188,39564,2,1
19783,83,916,182.8,1188,39566,2,1
19784,83,917,182.8,1188,39568,2,1
19785,83,917.4,182.8,1188,39570,2,1
19786,83,917,182.8,1188,39572,2,1
19787,83,916.2,182.8,1188,39574,2,1
19788,83,915.4,182.6,1188,39576,2,1
19789,83,914.6,182.5,1188,39578,2,1
19790,83,913.9,182.4,1188,39580,2,1
19791,83,913.5,182.4,1188,39582,2,1
19792,83,913.7,182.3,1188,39584,2,1
19793,83,914,182.1,1188,39586,2,1
19794,83,914.6,181.9,1188,39588,2,1
19795,83,915.3,181.7,1188,39590,2,1
19796,83,915.8,181.8,1188,39592,2,1
19797,83,916.3,182,1188,39594,2,1
19798,83,916.4,182.3,1188,39596,2,1
19799,83,916.5,182.6,1189,39598,2,1
19800,83,916.6,182.9,1189,39600,2,1
19801,83,916.5,183.3,1189,39602,2,1
19802,83,916.2,183.7,1189,39604,2,1
19803,83,915.8,183.9,1189,39606,2,1
19804,83,915.5,184.2,1189,39608,2,1
19805,83,915.1,184.4,1189,39610,2,1
19806,83,914.6,184.6,1189,39612,2,1
19807,83,914.3,184.4,1189,39614,2,1
19808,83,914,184.1,1189,39616,2,1
19809,83,914,183.8,1189,39618,2,1
19810,83,914,184.2,1189,39620,2,1
19811,83,914,184.5,1189,39622,2,1
19812,83,914.1,184.7,1189,39624,2,1
19813,83,914.4,184.9,1189,39626,2,1
19814,83,914.8,185.3,1189,39628,2,1
19815,83,915.2,185.8,1190,39630,2,1
19816,83,915.6,186.1,1190,39632,2,1
19817,83,916,185.8,1190,39634,2,1
19818,83,916.5,185.6,1190,39636,2,1
19819,83,916.9,185.4,1190,39638,2,1
19820,83,916.9,185.1,1190,39640,2,1
19821,83,916.9,184.9,1190,39642,2,1
19822,83,916.9,184.7,1190,39644,2,1
19823,83,916.9,184.7,1190,39646,2,1
19824,83,916.9,184.5,1190,39648,2,1
19825,83,916.9,184.1,1190,39650,2,1
19826,83,917.2,183.7,1190,39652,2,1
19827,83,917.5,183.4,1190,39654,2,1
19828,83,917.9,183.1,1190,39656,2,1
19829,83,918.3,182.7,1190,39658,2,1
19830,83,918.6,182.5,1190,39660,2,1
19831,83,918.8,182.4,1190,39662,2,1
19832,83,918.9,182.6,1191,39664,2,1
19833,83,918.6,182.8,1191,39666,2,1
19834,83,918.3,183.2,1191,39668,2,1
19835,83,918,183.7,1191,39670,2,1
19836,83,917.4,184.3,1191,39672,2,1
19837,83,916.9,184.9,1191,39674,2,1
19838,83,916.2,185.7,1191,39676,2,1
19839,83,915.7,186.4,1191,39678,2,1
19840,83,914.8,186.9,1191,39680,2,1
19841,83,913.9,187.2,1191,39682,2,1
19842,83,913,187.5,1191,39684,2,1
19843,83,912.7,187.6,1191,39686,2,1
19844,83,912.7,187.5,1191,39688,2,1
19845,83,912.9,187.2,1191,39690,2,1
19846,83,913.1,186.8,1191,39692,2,1
19847,83,914,186.4,1191,39694,2,1
19848,83,914.9,186.1,1191,39696,2,1
19849,83,915.7,185.8,1192,39698,2,1
19850,83,916.3,185.6,1192,39700,2,1
19851,83,916.6,185.7,1192,39702,2,1
19852,83,917,186.1,1192,39704,2,1
19853,83,917.3,186.7,1192,39706,2,1
19854,83,917.5,187.4,1192,39708,2,1
19855,83,917.7,187.8,1192,39710,2,1
19856,83,917.8,188.1,1192,39712,2,1
19857,83,917.9,188.6,1192,39714,2,1
19858,83,918,188.7,1192,39716,2,1
19859,83,918.1,188.2,1192,39718,2,1
19860,83,918.3,187.9,1192,39720,2,1
19861,83,918.5,187.5,1192,39722,2,1
19862,83,918.8,187.2,1192,39724,2,1
19863,83,918.7,187.2,1192,39726,2,1
19864,83,918.5,187.2,1192,39728,2,1
19865,83,918.2,187.3,1193,39730,2,1
19866,83,917.9,188,1193,39732,2,1
19867,83,917.4,188.6,1193,39734,2,1
19868,83,916.8,189.4,1193,39736,2,1
19869,83,916.1,190.1,1193,39738,2,1
19870,83,915.7,190.6,1193,39740,2,1
19871,83,915.5,190.6,1193,39742,2,1
19872,83,915.3,190.5,1193,39744,2,1
19873,83,915.2,190.1,1193,39746,2,1
19874,83,915.1,189.6,1193,39748,2,1
19875,83,915,189.2,1193,39750,2,1
19876,83,915,188.9,1193,39752,2,1
19877,83,914.5,188.8,1193,39754,2,1
19878,83,914.2,188.9,1193,39756,2,1
19879,83,913.7,189.6,1193,39758,2,1
19880,83,913.2,190.4,1193,39760,2,1
19881,83,912.5,191.3,1193,39762,2,1
19882,83,911.7,192.1,1194,39764,2,1
19883,83,911,192.9,1194,39766,2,1
19884,83,911,193.5,1194,39768,2,1
19885,83,911.1,193.8,1194,39770,2,1
19886,83,911.2,193.7,1194,39772,2,1
19887,83,911.3,193.5,1194,39774,2,1
19888,83,911.2,193.3,1194,39776,2,1
19889,83,911.2,193,1194,39778,2,1
19890,83,911.1,192.9,1194,39780,2,1
19891,83,910.7,192.9,1194,39782,2,1
19892,83,910.3,192.8,1194,39784,2,1
19893,83,910.1,192.7,1194,39786,2,1
19894,83,910,192.6,1194,39788,2,1
19895,83,910.2,192.5,1194,39790,2,1
19896,83,910.4,193.5,1194,39792,2,1
19897,83,910.6,194.5,1194,39794,2,1
19898,83,910.4,195.5,1194,39796,2,1
19899,83,910.2,196.5,1195,39798,2,1
19900,83,910,197.5,1195,39800,2,1
19901,83,909.7,198.5,1195,39802,2,1
19902,83,909.4,199.3,1195,39804,2,1
19903,83,909.3,199,1195,39806,2,1
19904,83,909.2,198.7,1195,39808,2,1
19905,83,909.5,198.2,1195,39810,2,1
19906,83,909.9,197.6,1195,39812,2,1
19907,83,910.2,196.9,1195,39814,2,1
19908,83,910.4,196.4,1195,39816,2,1
19909,83,910.4,195.9,1195,39818,2,1
19910,83,910.2,195.8,1195,39820,2,1
19911,83,909.9,195.8,1195,39822,2,1
19912,83,909.7,195.7,1195,39824,2,1
19913,83,909.3,195.5,1195,39826,2,1
19914,83,908.9,195.4,1195,39828,2,1
19915,83,908.6,195.3,1196,39830,2,1
19916,83,908.5,195.1,1196,39832,2,1
19917,83,908.3,194.9,1196,39834,2,1
19918,83,908.1,194.6,1196,39836,2,1
19919,83,908,194.3,1196,39838,2,1
19920,83,907.8,194,1196,39840,2,1
19921,83,907.7,194.1,1196,39842,2,1
19922,83,907.8,194.1,1196,39844,2,1
19923,83,908.2,194,1196,39846,2,1
19924,83,908.7,194.1,1196,39848,2,1
19925,83,909,194.4,1196,39850,2,1
19926,83,909.3,194.6,1196,39852,2,1
19927,83,909.8,195,1196,39854,2,1
19928,83,910.2,195.3,1196,39856,2,1
19929,83,910.5,195.8,1196,39858,2,1
19930,83,910.3,196.3,1196,39860,2,1
19931,83,910.2,196.9,1196,39862,2,1
19932,83,910.3,197.4,1197,39864,2,1
19933,83,910.3,198,1197,39866,2,1
19934,83,910.2,198.5,1197,39868,2,1
19935,83,910.1,198.6,1197,39870,2,1
19936,83,909.9,198.8,1197,39872,2,1
19937,83,909.8,198.9,1197,39874,2,1
19938,83,909.6,199.1,1197,39876,2,1
19939,83,909.3,199.4,1197,39878,2,1
19940,83,909.1,199.8,1197,39880,2,1
19941,83,909,200,1197,39882,2,1
19942,83,908.9,200.1,1197,39884,2,1
19943,83,908.9,200.2,1197,39886,2,1
19944,83,908.9,200.3,1197,39888,2,1
19945,83,908.8,200.4,1197,39890,2,1
19946,83,908.8,200.6,1197,39892,2,1
19947,83,908.8,200.5,1197,39894,2,1
19948,83,908.8,200.3,1197,39896,2,1
19949,83,908.9,200,1198,39898,2,1
19950,83,909,199.7,1198,39900,2,1
19951,83,909.1,199.4,1198,39902,2,1
19952,83,909.2,199,1198,39904,2,1
19953,83,909.3,198.8,1198,39906,2,1
19954,83,909.3,199.1,1198,39908,2,1
19955,83,909.4,199.4,1198,39910,2,1
19956,83,909.4,199.7,1198,39912,2,1
19957,83,909.5,199.9,1198,39914,2,1
19958,83,909.5,200.1,1198,39916,2,1
19959,83,909.5,200.3,1198,39918,2,1
19960,83,909.4,200.4,1198,39920,2,1
19961,83,909.2,200.4,1198,39922,2,1
19962,83,908.9,200.3,1198,39924,2,1
19963,83,908.7,200.2,1198,39926,2,1
19964,83,908.1,200.1,1198,39928,2,1
19965,83,907.5,200,1199,39930,2,1
19966,83,907,200.1,1199,39932,2,1
19967,83,906.7,200,1199,39934,2,1
19968,83,906.4,200.1,1199,39936,2,1
19969,83,906.2,200.2,1199,39938,2,1
19970,83,905.9,200.5,1199,39940,2,1
19971,83,905.9,200.9,1199,39942,2,1
19972,83,906,201.3,1199,39944,2,1
19973,83,906.1,201.9,1199,39946,2,1
19974,83,906.2,202.6,1199,39948,2,1
19975,83,906.5,203.1,1199,39950,2,1
19976,83,906.7,203.6,1199,39952,2,1
19977,83,906.4,204.1,1199,39954,2,1
19978,83,904.8,203.3,1199,39956,2,1
19979,83,901.4,202.2,1199,39958,2,1
19980,83,896,198.9,1199,39960,2,1
19981,83,886.9,195.3,1199,39962,2,1
19982,83,875.4,190.2,1200,39964,2,1
19983,83,861.3,183.5,1200,39966,2,1
19984,83,846.3,175.8,1200,39968,2,1
19985,83,829.4,169.1,1200,39970,2,1
19986,83,813.5,162.2,1200,39972,2,1
19987,83,797.1,157.3,1200,39974,2,1
19988,83,783.2,152.9,1200,39976,2,1
19989,83,770.8,150.7,1200,39978,2,1
19990,83,760,150.4,1200,39980,2,1
19991,83,750.7,151.1,1200,39982,2,1
19992,83,744.5,152.2,1200,39984,2,1
19993,83,739,153.9,1200,39986,2,1
19994,83,736,155.3,1200,39988,2,1
19995,83,733.9,156.8,1200,39990,2,1
19996,83,732.8,157.9,1200,39992,2,1
19997,83,732.5,158.6,1200,39994,2,1
19998,83,732.2,159.2,1200,39996,2,1
19999,83,732.1,159.1,1201,39998,2,1
20000,83,732.1,158.9,1201,40000,2,1
20001,83,731.8,158.8,1201,40002,2,1
20002,83,731.3,158.7,1201,40004,2,1
20003,83,730.8,158.2,1201,40006,2,1
20004,83,730.3,157.8,1201,40008,2,1
20005,83,729.8,157.3,1201,40010,2,1
20006,83,729.3,157.3,1201,40012,2,1
20007,83,728.7,157.1,1201,40014,2,1
20008,83,728.3,156.9,1201,40016,2,1
20009,83,728.2,156.6,1201,40018,2,1
20010,83,728,156.3,1201,40020,2,1
20011,83,727.8,156.1,1201,40022,2,1
20012,83,727.6,155.9,1201,40024,2,1
20013,83,727.5,155.8,1201,40026,2,1
20014,83,727.3,155.6,1201,40028,2,1
20015,83,727.1,155.6,1202,40030,2,1
20016,83,727,155.4,1202,40032,2,1
20017,83,726.9,155.3,1202,40034,2,1
20018,83,726.6,155.2,1202,40036,2,1
20019,83,726.2,155.1,1202,40038,2,1
20020,83,725.9,155.1,1202,40040,2,1
20021,83,725.5,155.2,1202,40042,2,1
20022,83,725.1,155.5,1202,40044,2,1
20023,83,724.7,155.7,1202,40046,2,1
20024,83,724.3,155.9,1202,40048,2,1
20025,83,724.1,155.9,1202,40050,2,1
20026,83,723.9,155.9,1202,40052,2,1
20027,83,723.7,155.9,1202,40054,2,1
20028,83,723.4,155.9,1202,40056,2,1
20029,83,723.1,155.9,1202,40058,2,1
20030,83,722.8,155.9,1202,40060,2,1
20031,83,722.6,156,1202,40062,2,1
20032,83,722.4,156.1,1203,40064,2,1
20033,83,722.3,156.2,1203,40066,2,1
20034,83,722.3,156.4,1203,40068,2,1
20035,83,722.4,156.4,1203,40070,2,1
20036,83,722.7,156.5,1203,40072,2,1
20037,83,723.1,156.4,1203,40074,2,1
20038,83,723.5,156.3,1203,40076,2,1
20039,83,723.8,156.2,1203,40078,2,1
20040,83,724.1,156.4,1203,40080,2,1
20041,83,724.4,156.8,1203,40082,2,1
20042,83,724.6,157.2,1203,40084,2,1
20043,83,724.8,157.6,1203,40086,2,1
20044,83,725.1,158,1203,40088,2,1
20045,83,725.4,158.4,1203,40090,2,1
20046,83,725.7,158.8,1203,40092,2,1
20047,83,726,159.2,1203,40094,2,1
20048,83,726.3,159.3,1203,40096,2,1
20049,83,726.5,159.4,1204,40098,2,1
20050,83,726.7,159.3,1204,40100,2,1
20051,83,726.6,159.2,1204,40102,2,1
20052,83,726.6,159.3,1204,40104,2,1
20053,83,726.6,159.3,1204,40106,2,1
20054,83,726.7,159.3,1204,40108,2,1
20055,83,726.6,159.4,1204,40110,2,1
20056,83,726.5,159.5,1204,40112,2,1
20057,83,726.4,159.8,1204,40114,2,1
20058,83,726.3,160.1,1204,40116,2,1
20059,83,726,160.4,1204,40118,2,1
20060,83,725.9,160.5,1204,40120,2,1
20061,83,725.9,160.7,1204,40122,2,1
20062,83,726.1,160.8,1204,40124,2,1
20063,83,726.2,160.7,1204,40126,2,1
20064,83,726.2,160.6,1204,40128,2,1
20065,83,726.2,160.5,1205,40130,2,1
20066,83,726.2,160.4,1205,40132,2,1
20067,83,726,160.4,1205,40134,2,1
20068,83,725.8,160.4,1205,40136,2,1
20069,83,725.8,160.2,1205,40138,2,1
20070,83,725.9,160,1205,40140,2,1
20071,83,726.2,159.6,1205,40142,2,1
20072,83,726.4,159.2,1205,40144,2,1
20073,83,726.8,158.9,1205,40146,2,1
20074,83,726.9,158.9,1205,40148,2,1
20075,83,727.1,158.8,1205,40150,2,1
20076,83,726.9,159,1205,40152,2,1
20077,83,726.7,159.2,1205,40154,2,1
20078,83,726.5,159.5,1205,40156,2,1
20079,83,726.3,159.8,1205,40158,2,1
20080,83,726.1,160.1,1205,40160,2,1
20081,83,726,160.1,1205,40162,2,1
20082,83,725.8,159.9,1206,40164,2,1
20083,83,725.8,159.7,1206,40166,2,1
20084,83,725.8,159.5,1206,40168,2,1
20085,83,725.7,159.6,1206,40170,2,1
20086,83,726,159.6,1206,40172,2,1
20087,83,726.2,159.7,1206,40174,2,1
20088,83,726.5,159.9,1206,40176,2,1
20089,83,726.8,160.2,1206,40178,2,1
20090,83,727,160.5,1206,40180,2,1
20091,83,727.3,160.6,1206,40182,2,1
20092,83,727.7,160.6,1206,40184,2,1
20093,83,727.8,160.5,1206,40186,2,1
20094,83,727.9,160.4,1206,40188,2,1
20095,83,727.9,160.4,1206,40190,2,1
20096,83,727.8,160.4,1206,40192,2,1
20097,83,727.6,160.4,1206,40194,2,1
20098,83,727.4,160.5,1206,40196,2,1
20099,83,727.4,160.7,1207,40198,2,1
20100,83,727.2,161,1207,40200,2,1
20101,83,727.1,161.5,1207,40202,2,1
20102,83,727.1,161.9,1207,40204,2,1
20103,83,727.2,162.2,1207,40206,2,1
20104,83,727.3,162.5,1207,40208,2,1
20105,83,727.2,162.6,1207,40210,2,1
20106,83,727,162.6,1207,40212,2,1
20107,83,726.8,162.6,1207,40214,2,1
20108,83,726.5,162.5,1207,40216,2,1
20109,83,726.3,162.4,1207,40218,2,1
20110,83,726.1,162.4,1207,40220,2,1
20111,83,726,162.4,1207,40222,2,1
20112,83,726.2,162.5,1207,40224,2,1
20113,83,726.3,162.6,1207,40226,2,1
20114,83,726.4,162.6,1207,40228,2,1
20115,83,726.4,162.4,1208,40230,2,1
20116,83,726.4,162.1,1208,40232,2,1
20117,83,726.4,162.1,1208,40234,2,1
20118,83,726.4,162.1,1208,40236,2,1
20119,83,726.3,162.1,1208,40238,2,1
20120,83,726.3,162.2,1208,40240,2,1
20121,83,726.4,162.2,1208,40242,2,1
20122,83,726.5,162.4,1208,40244,2,1
20123,83,726.7,162.6,1208,40246,2,1
20124,83,726.9,162.8,1208,40248,2,1
20125,83,726.9,163,1208,40250,2,1
20126,83,727,163.2,1208,40252,2,1
20127,83,727,163.6,1208,40254,2,1
20128,83,727.1,163.8,1208,40256,2,1
20129,83,727.2,164.1,1208,40258,2,1
20130,83,727.5,164.2,1208,40260,2,1
20131,83,727.8,164.3,1208,40262,2,1
20132,83,728.1,164.1,1209,40264,2,1
20133,83,728.5,164,1209,40266,2,1
20134,83,728.8,163.5,1209,40268,2,1
20135,83,729.2,163.4,1209,40270,2,1
20136,83,729.4,163.4,1209,40272,2,1
20137,83,729.3,163.5,1209,40274,2,1
20138,83,729,163.7,1209,40276,2,1
20139,83,728.7,164.1,1209,40278,2,1
20140,83,728.4,164.4,1209,40280,2,1
20141,83,728,164.8,1209,40282,2,1
20142,83,727.6,165.1,1209,40284,2,1
20143,83,727.2,165.3,1209,40286,2,1
20144,83,727,165.5,1209,40288,2,1
20145,83,726.9,166,1209,40290,2,1
20146,83,727,166.6,1209,40292,2,1
20147,83,727,167.2,1209,40294,2,1
20148,83,726.9,167.9,1209,40296,2,1
20149,83,726.8,168.5,1210,40298,2,1
20150,83,726.7,169.1,1210,40300,2,1
20151,83,726.6,169.6,1210,40302,2,1
20152,83,726.6,169.9,1210,40304,2,1
20153,83,726.5,170.4,1210,40306,2,1
20154,83,726.4,170.9,1210,40308,2,1
20155,83,726.6,171.4,1210,40310,2,1
20156,83,726.7,171.7,1210,40312,2,1
20157,83,727,171.6,1210,40314,2,1
20158,83,727.2,171.5,1210,40316,2,1
20159,83,727.4,171.5,1210,40318,2,1
20160,83,727.5,171.6,1210,40320,2,1
20161,83,727.5,171.8,1210,40322,2,1
20162,83,727.4,172.1,1210,40324,2,1
20163,83,727.3,172.4,1210,40326,2,1
20164,83,727.1,172.7,1210,40328,2,1
20165,83,726.9,173.1,1211,40330,2,1
20166,83,726.6,173.5,1211,40332,2,1
20167,83,726.2,173.7,1211,40334,2,1
20168,83,725.9,173.8,1211,40336,2,1
20169,83,725.6,173.9,1211,40338,2,1
20170,83,725.2,173.9,1211,40340,2,1
20171,83,724.9,173.9,1211,40342,2,1
20172,83,724.7,173.8,1211,40344,2,1
20173,83,724.6,173.3,1211,40346,2,1
20174,83,724.6,172.8,1211,40348,2,1
20175,83,724.6,172.4,1211,40350,2,1
20176,83,724.6,172.2,1211,40352,2,1
20177,83,724.7,172.1,1211,40354,2,1
20178,83,724.7,172,1211,40356,2,1
20179,83,724.7,172,1211,40358,2,1
20180,83,724.8,172.4,1211,40360,2,1
20181,83,724.8,172.7,1211,40362,2,1
20182,83,724.8,173,1212,40364,2,1
20183,83,724.8,173.3,1212,40366,2,1
20184,83,724.8,173.8,1212,40368,2,1
20185,83,724.7,174.5,1212,40370,2,1
20186,83,724.7,174.8,1212,40372,2,1
20187,83,724.5,175,1212,40374,2,1
20188,83,724.3,175.2,1212,40376,2,1
20189,83,724.1,175.3,1212,40378,2,1
20190,83,723.9,175.4,1212,40380,2,1
20191,83,723.7,175.3,1212,40382,2,1
20192,83,723.5,175.3,1212,40384,2,1
20193,83,723.4,175.4,1212,40386,2,1
20194,83,723.3,175.5,1212,40388,2,1
20195,83,723.2,175.7,1212,40390,2,1
20196,83,723.1,176.2,1212,40392,2,1
20197,83,722.9,176.7,1212,40394,2,1
20198,83,722.6,177.2,1212,40396,2,1
20199,83,722.3,177.4,1213,40398,2,1
20200,83,721.9,177.6,1213,40400,2,1
20201,83,721.5,177.6,1213,40402,2,1
20202,83,721.2,177.5,1213,40404,2,1
20203,83,720.9,177.1,1213,40406,2,1
20204,83,720.6,176.9,1213,40408,2,1
20205,83,720.7,176.8,1213,40410,2,1
20206,83,720.8,176.9,1213,40412,2,1
20207,83,721.2,177.2,1213,40414,2,1
20208,83,721.8,177.6,1213,40416,2,1
20209,83,722.5,177.9,1213,40418,2,1
20210,83,723.2,178.2,1213,40420,2,1
20211,83,723.8,178.5,1213,40422,2,1
20212,83,724.3,178.9,1213,40424,2,1
20213,83,724.7,179,1213,40426,2,1
20214,83,724.5,179.4,1213,40428,2,1
20215,83,724.2,179.8,1214,40430,2,1
20216,83,723.8,180.4,1214,40432,2,1
20217,83,723.4,180.9,1214,40434,2,1
20218,83,722.9,181.3,1214,40436,2,1
20219,83,722.5,181.8,1214,40438,2,1
20220,83,722,182.4,1214,40440,2,1
20221,83,721.4,182.7,1214,40442,2,1
20222,83,720.9,183.1,1214,40444,2,1
20223,83,720.4,183.4,1214,40446,2,1
20224,83,720.3,183.7,1214,40448,2,1
20225,83,720.4,184.3,1214,40450,2,1
20226,83,720.5,184.8,1214,40452,2,1
20227,83,720.7,185.3,1214,40454,2,1
20228,83,721.2,185.6,1214,40456,2,1
20229,83,721.6,185.6,1214,40458,2,1
20230,83,722.1,184.9,1214,40460,2,1
20231,83,722.2,184.3,1214,40462,2,1
20232,83,722.1,183.6,1215,40464,2,1
20233,83,722.1,182.9,1215,40466,2,1
20234,83,722.2,182.2,1215,40468,2,1
20235,83,722.4,181.5,1215,40470,2,1
20236,83,722.6,181,1215,40472,2,1
20237,83,722.8,180.9,1215,40474,2,1
20238,83,723,180.8,1215,40476,2,1
20239,83,723.1,180.7,1215,40478,2,1
20240,83,723.3,180.5,1215,40480,2,1
20241,83,723.3,180.3,1215,40482,2,1
20242,83,723.3,180.2,1215,40484,2,1
20243,83,723.3,180.2,1215,40486,2,1
20244,83,723.2,180.2,1215,40488,2,1
20245,83,723.2,180.8,1215,40490,2,1
20246,83,723.2,181.7,1215,40492,2,1
20247,83,723,182.8,1215,40494,2,1
20248,83,722.7,183.8,1215,40496,2,1
20249,83,721.6,184.9,1216,40498,2,1
20250,83,719.2,186.2,1216,40500,2,1
20251,83,714.4,187.5,1216,40502,2,1
20252,83,707.5,188.3,1216,40504,2,1
20253,83,697.1,190.5,1216,40506,2,1
20254,83,683,193.2,1216,40508,2,1
20255,83,664.9,196,1216,40510,2,1
20256,83,643.5,198.9,1216,40512,2,1
20257,83,620.1,201.8,1216,40514,2,1
20258,83,596.3,204.6,1216,40516,2,1
20259,83,571.2,207.4,1216,40518,2,1
20260,83,546.4,209,1216,40520,2,1
20261,83,523.4,210.6,1216,40522,2,1
20262,83,500.8,212.2,1216,40524,2,1
20263,83,479.3,213.7,1216,40526,2,1
20264,83,458.4,215.2,1216,40528,2,1
20265,83,437.2,216.8,1217,40530,2,1
20266,83,416.7,219,1217,40532,2,1
20267,83,395.7,221.5,1217,40534,2,1
20268,83,375.5,224.1,1217,40536,2,1
20269,83,356.6,227.1,1217,40538,2,1
20270,83,339.3,229.9,1217,40540,2,1
20271,83,324.6,232.4,1217,40542,2,1
20272,83,312.9,234.3,1217,40544,2,1
20273,83,304,235.3,1217,40546,2,1
20274,83,299.4,235.6,1217,40548,2,1
20275,83,297.2,235.2,1217,40550,2,1
20276,83,297.9,233.6,1217,40552,2,1
20277,83,300.2,232.1,1217,40554,2,1
20278,83,302.5,230.7,1217,40556,2,1
20279,83,304.2,229.7,1217,40558,2,1
20280,83,304.9,229,1217,40560,2,1
20281,83,304.6,228.4,1217,40562,2,1
20282,83,301.8,228.2,1218,40564,2,1
20283,83,298.4,228.9,1218,40566,2,1
20284,83,295,229.5,1218,40568,2,1
20285,83,291.4,231,1218,40570,2,1
20286,83,289.2,232.3,1218,40572,2,1
20287,83,288.4,233.5,1218,40574,2,1
20288,83,288.2,234.8,1218,40576,2,1
20289,83,289.4,235.8,1218,40578,2,1
20290,83,290.6,236.7,1218,40580,2,1
20291,83,291.9,237.4,1218,40582,2,1
20292,83,293.3,237.1,1218,40584,2,1
20293,83,294,236.7,1218,40586,2,1
20294,83,294.2,236.3,1218,40588,2,1
20295,83,294.1,235.9,1218,40590,2,1
20296,83,294,235.2,1218,40592,2,1
20297,83,293.8,234.5,1218,40594,2,1
20298,83,293.6,234.1,1218,40596,2,1
20299,83,293.3,233.7,1219,40598,2,1
20300,83,293.2,233.5,1219,40600,2,1
20301,83,293.1,233.5,1219,40602,2,1
20302,83,293.1,233.6,1219,40604,2,1
20303,83,293.2,233.8,1219,40606,2,1
20304,83,293.7,233.9,1219,40608,2,1
20305,83,294.1,233.9,1219,40610,2,1
20306,83,294.5,233.8,1219,40612,2,1
20307,83,294.9,233.7,1219,40614,2,1
20308,83,295.2,233.5,1219,40616,2,1
20309,83,295.6,233.6,1219,40618,2,1
20310,83,296,233.8,1219,40620,2,1
20311,83,296,234,1219,40622,2,1
20312,83,295.9,234.2,1219,40624,2,1
20313,83,295.8,234.2,1219,40626,2,1
20314,83,295.7,234.1,1219,40628,2,1
20315,83,296.1,234,1220,40630,2,1
20316,83,296.5,233.9,1220,40632,2,1
20317,83,297,234,1220,40634,2,1
20318,83,297.5,234.1,1220,40636,2,1
20319,83,298,234.2,1220,40638,2,1
20320,83,297.7,234.5,1220,40640,2,1
20321,83,297.1,234.8,1220,40642,2,1
20322,83,295.9,234.9,1220,40644,2,1
20323,83,294.9,235,1220,40646,2,1
20324,83,293.8,234.8,1220,40648,2,1
20325,83,293,234.6,1220,40650,2,1
20326,83,293.2,234.2,1220,40652,2,1
20327,83,294.2,233.4,1220,40654,2,1
20328,83,295.4,232.7,1220,40656,2,1
20329,83,296.6,232.2,1220,40658,2,1
20330,83,297.6,231.8,1220,40660,2,1
20331,83,298.4,231.3,1220,40662,2,1
20332,83,298.9,230.8,1221,40664,2,1
20333,83,298.5,230.6,1221,40666,2,1
20334,83,298.2,230.9,1221,40668,2,1
20335,83,297.8,231.2,1221,40670,2,1
20336,83,297.5,231.6,1221,40672,2,1
20337,83,297.2,232,1221,40674,2,1
20338,83,297.1,232.2,1221,40676,2,1
20339,83,296.9,232.7,1221,40678,2,1
20340,83,296.8,233.1,1221,40680,2,1
20341,83,296.7,233.4,1221,40682,2,1
20342,83,296.5,233.8,1221,40684,2,1
20343,83,296.2,234.1,1221,40686,2,1
20344,83,296,234.3,1221,40688,2,1
20345,83,296,233.7,1221,40690,2,1
20346,83,296.2,232.8,1221,40692,2,1
20347,83,296.4,231.9,1221,40694,2,1
20348,83,296.5,230.9,1221,40696,2,1
20349,83,296.6,230,1222,40698,2,1
20350,83,296.7,229.3,1222,40700,2,1
20351,83,296.7,229.1,1222,40702,2,1
20352,83,296.7,229.7,1222,40704,2,1
20353,83,296.5,230.5,1222,40706,2,1
20354,83,296.4,231.2,1222,40708,2,1
20355,83,296.3,232,1222,40710,2,1
20356,83,296.1,231.8,1222,40712,2,1
20357,83,295.9,231.7,1222,40714,2,1
20358,83,295.8,231.2,1222,40716,2,1
20359,83,295.6,230.7,1222,40718,2,1
20360,83,295.3,230.9,1222,40720,2,1
20361,83,295.1,231.1,1222,40722,2,1
20362,83,294.9,231.2,1222,40724,2,1
20363,83,294.8,231.9,1222,40726,2,1
20364,83,294.6,232.5,1222,40728,2,1
20365,83,294.6,232.8,1223,40730,2,1
20366,83,294.7,232.9,1223,40732,2,1
20367,83,294.8,232.4,1223,40734,2,1
20368,83,294.9,232,1223,40736,2,1
20369,83,295.1,231.4,1223,40738,2,1
20370,83,295.4,231.1,1223,40740,2,1
20371,83,295.5,231.4,1223,40742,2,1
20372,83,295.6,232,1223,40744,2,1
20373,83,295.6,232.6,1223,40746,2,1
20374,83,295.7,232.7,1223,40748,2,1
20375,83,295.7,232.9,1223,40750,2,1
20376,83,295.7,233.1,1223,40752,2,1
20377,83,295.7,233.3,1223,40754,2,1
20378,83,295.8,232.8,1223,40756,2,1
20379,83,295.9,232.3,1223,40758,2,1
20380,83,296,231.8,1223,40760,2,1
20381,83,296.1,231.7,1223,40762,2,1
20382,83,296.3,231.6,1224,40764,2,1
20383,83,296.7,231.5,1224,40766,2,1
20384,83,299.7,231.2,1224,40768,2,1
20385,83,303.8,230.3,1224,40770,2,1
20386,83,310.6,227.9,1224,40772,2,1
20387,83,320.2,225,1224,40774,2,1
20388,83,332.2,222,1224,40776,2,1
20389,83,346.5,217.9,1224,40778,2,1
20390,83,361.9,213.6,1224,40780,2,1
20391,83,374.8,209.5,1224,40782,2,1
20392,83,386.7,206.4,1224,40784,2,1
20393,83,396.1,204.9,1224,40786,2,1
20394,83,402.8,203.9,1224,40788,2,1
20395,83,407,203.1,1224,40790,2,1
20396,83,408.8,203.9,1224,40792,2,1
20397,83,409.5,204.9,1224,40794,2,1
20398,83,411.5,205.9,1224,40796,2,1
20399,83,413.4,206.8,1225,40798,2,1
20400,83,414.8,207.6,1225,40800,2,1
20401,83,415.8,208.2,1225,40802,2,1
20402,83,416.6,208.6,1225,40804,2,1
20403,83,417.5,208.7,1225,40806,2,1
20404,83,418.3,208.8,1225,40808,2,1
20405,83,418.5,209.3,1225,40810,2,1
20406,83,418.7,209.9,1225,40812,2,1
20407,83,419,210.4,1225,40814,2,1
20408,83,419.9,210.8,1225,40816,2,1
20409,83,421,211.4,1225,40818,2,1
20410,83,421.8,212.1,1225,40820,2,1
20411,83,422.5,212.5,1225,40822,2,1
20412,83,422.3,212.2,1225,40824,2,1
20413,83,422.2,211.6,1225,40826,2,1
20414,83,422,211.1,1225,40828,2,1
20415,83,422,210.6,1226,40830,2,1
20416,83,422.1,210.2,1226,40832,2,1
20417,83,422.3,209.9,1226,40834,2,1
20418,83,422.4,209.6,1226,40836,2,1
20419,83,422.6,209.5,1226,40838,2,1
20420,83,422.8,210.4,1226,40840,2,1
20421,83,423,211.2,1226,40842,2,1
20422,83,423,212.1,1226,40844,2,1
20423,83,423,212.5,1226,40846,2,1
20424,83,423.1,212.5,1226,40848,2,1
20425,83,423.3,212.4,1226,40850,2,1
20426,83,423.3,212.3,1226,40852,2,1
20427,83,423.3,211.3,1226,40854,2,1
20428,83,423.3,210.3,1226,40856,2,1
20429,83,422.7,209.5,1226,40858,2,1
20430,83,422.1,209.2,1226,40860,2,1
20431,83,421.5,209.4,1226,40862,2,1
20432,83,421.2,210.3,1227,40864,2,1
20433,83,421.3,211.3,1227,40866,2,1
20434,83,421.4,212.2,1227,40868,2,1
20435,83,421.6,213.1,1227,40870,2,1
20436,83,422.2,213.9,1227,40872,2,1
20437,83,422.9,214.7,1227,40874,2,1
20438,83,423.7,215.6,1227,40876,2,1
20439,83,424,215.3,1227,40878,2,1
20440,83,424.1,214.7,1227,40880,2,1
20441,83,424.1,214.1,1227,40882,2,1
20442,83,424,213.4,1227,40884,2,1
20443,83,424,212.7,1227,40886,2,1
20444,83,424,212.2,1227,40888,2,1
20445,83,423.9,211.6,1227,40890,2,1
20446,83,424,211.3,1227,40892,2,1
20447,83,424.1,211.5,1227,40894,2,1
20448,83,424.3,212.8,1227,40896,2,1
20449,83,424.6,214.1,1228,40898,2,1
20450,83,424.9,215.4,1228,40900,2,1
20451,83,425.2,215.7,1228,40902,2,1
20452,83,425.6,215.6,1228,40904,2,1
20453,83,425.8,215.4,1228,40906,2,1
20454,83,426,215.3,1228,40908,2,1
20455,83,426.3,214.1,1228,40910,2,1
20456,83,426.6,212.8,1228,40912,2,1
20457,83,426.7,211.5,1228,40914,2,1
20458,83,426.8,211.1,1228,40916,2,1
20459,83,426.8,211.5,1228,40918,2,1
20460,83,426.8,212.2,1228,40920,2,1
20461,83,426.7,213.2,1228,40922,2,1
20462,83,426.8,214.3,1228,40924,2,1
20463,83,426.7,215.3,1228,40926,2,1
20464,83,426.7,216.2,1228,40928,2,1
20465,83,426.6,217.1,1229,40930,2,1
20466,83,426.6,217.4,1229,40932,2,1
20467,83,426.8,217.2,1229,40934,2,1
20468,83,427,216.5,1229,40936,2,1
20469,83,427,215.6,1229,40938,2,1
20470,83,426.9,214.5,1229,40940,2,1
20471,83,426.6,213.4,1229,40942,2,1
20472,83,426.2,212.4,1229,40944,2,1
20473,83,425.8,211.6,1229,40946,2,1
20474,83,425.3,211.1,1229,40948,2,1
20475,83,424.7,210.9,1229,40950,2,1
20476,83,424.2,210.8,1229,40952,2,1
20477,83,423.9,210.7,1229,40954,2,1
20478,83,423.8,210.6,1229,40956,2,1
20479,83,423.4,210.6,1229,40958,2,1
20480,83,423.1,210.4,1229,40960,2,1
20481,83,422.9,210.4,1229,40962,2,1
20482,83,422.7,210.4,1230,40964,2,1
20483,83,422.7,210.6,1230,40966,2,1
20484,83,422.6,210.9,1230,40968,2,1
20485,83,423.3,211.2,1230,40970,2,1
20486,83,424.1,211.5,1230,40972,2,1
20487,83,424.9,211.7,1230,40974,2,1
20488,83,425.7,212.3,1230,40976,2,1
20489,83,426.4,212.8,1230,40978,2,1
20490,83,426.9,213.2,1230,40980,2,1
20491,83,427.3,213.7,1230,40982,2,1
20492,83,427.2,214.1,1230,40984,2,1
20493,83,426.7,214.6,1230,40986,2,1
20494,83,426.2,214.9,1230,40988,2,1
20495,83,425.7,214.9,1230,40990,2,1
20496,83,425.2,214.8,1230,40992,2,1
20497,83,424.7,214.7,1230,40994,2,1
20498,83,424.3,214.4,1230,40996,2,1
20499,83,423.8,214.1,1231,40998,2,1
20500,83,423.6,214.1,1231,41000,2,1
20501,83,423.4,214.1,1231,41002,2,1
20502,83,423.4,214.3,1231,41004,2,1
20503,83,423.4,214.4,1231,41006,2,1
20504,83,423.6,214.4,1231,41008,2,1
20505,83,423.9,214.3,1231,41010,2,1
20506,83,424.3,213.9,1231,41012,2,1
20507,83,424.7,213.5,1231,41014,2,1
20508,83,425,213,1231,41016,2,1
20509,83,424.9,212.4,1231,41018,2,1
20510,83,424.8,211.8,1231,41020,2,1
20511,83,424.5,211.2,1231,41022,2,1
20512,83,424.2,210.5,1231,41024,2,1
20513,83,423.8,210.1,1231,41026,2,1
20514,83,423.5,209.9,1231,41028,2,1
20515,83,423.3,209.8,1232,41030,2,1
20516,83,424,209.7,1232,41032,2,1
20517,83,424.7,209.6,1232,41034,2,1
20518,83,425.4,209.5,1232,41036,2,1
20519,83,425.9,209.4,1232,41038,2,1
20520,83,426.3,209.4,1232,41040,2,1
20521,83,426.7,209.4,1232,41042,2,1
20522,83,427.1,209.3,1232,41044,2,1
20523,83,426.7,209.2,1232,41046,2,1
20524,83,426.4,209.1,1232,41048,2,1
20525,83,426.1,209.1,1232,41050,2,1
20526,83,426.1,209.1,1232,41052,2,1
20527,83,426,209.5,1232,41054,2,1
20528,83,426.1,210,1232,41056,2,1
20529,83,426.1,210.4,1232,41058,2,1
20530,83,426.1,211,1232,41060,2,1
20531,83,426.1,211.4,1232,41062,2,1
20532,83,426,211.9,1233,41064,2,1
20533,83,425.7,212.3,1233,41066,2,1
20534,83,425.3,212.3,1233,41068,2,1
20535,83,424.9,212.4,1233,41070,2,1
20536,83,424.4,212.6,1233,41072,2,1
20537,83,424.2,212.5,1233,41074,2,1
20538,83,424,212.4,1233,41076,2,1
20539,83,424,212.2,1233,41078,2,1
20540,83,424.3,212,1233,41080,2,1
20541,83,424.5,211.9,1233,41082,2,1
20542,83,424.7,211.7,1233,41084,2,1
20543,83,424.6,211.3,1233,41086,2,1
20544,83,424.3,211.3,1233,41088,2,1
20545,83,424,211.3,1233,41090,2,1
20546,83,423.5,211.2,1233,41092,2,1
20547,83,423.1,211.2,1233,41094,2,1
20548,83,422.7,211.1,1233,41096,2,1
20549,83,422.4,211.6,1234,41098,2,1
20550,83,422.4,212,1234,41100,2,1
20551,83,422.4,212.2,1234,41102,2,1
20552,83,422.4,212.3,1234,41104,2,1
20553,83,422.4,212.8,1234,41106,2,1
20554,83,422.5,213.3,1234,41108,2,1
20555,83,422.5,213.8,1234,41110,2,1
20556,83,422.6,213.8,1234,41112,2,1
20557,83,422.7,213.8,1234,41114,2,1
20558,83,423.2,213.7,1234,41116,2,1
20559,83,424.4,213.6,1234,41118,2,1
20560,83,425.6,213.4,1234,41120,2,1
20561,83,426.6,213.3,1234,41122,2,1
20562,83,427.5,213.3,1234,41124,2,1
20563,83,427.9,213.4,1234,41126,2,1
20564,83,428,213.6,1234,41128,2,1
20565,83,427.7,213.6,1235,41130,2,1
20566,83,426.8,213.5,1235,41132,2,1
20567,83,425.8,213.3,1235,41134,2,1
20568,83,425.1,213.2,1235,41136,2,1
20569,83,424.6,213,1235,41138,2,1
20570,83,424.6,212.6,1235,41140,2,1
20571,83,424.7,211.9,1235,41142,2,1
20572,83,425,211.7,1235,41144,2,1
20573,83,425.2,212,1235,41146,2,1
20574,83,425.3,212.3,1235,41148,2,1
20575,83,425.4,212.7,1235,41150,2,1
20576,83,425.2,213.1,1235,41152,2,1
20577,83,424.9,214,1235,41154,2,1
20578,83,424.8,214.8,1235,41156,2,1
20579,83,424.7,215.5,1235,41158,2,1
20580,83,424.8,215.4,1235,41160,2,1
20581,83,425,215.5,1235,41162,2,1
20582,83,425.4,215.6,1236,41164,2,1
20583,83,425.8,215.5,1236,41166,2,1
20584,83,426.2,215,1236,41168,2,1
20585,83,426.5,214.6,1236,41170,2,1
20586,83,426.6,214.2,1236,41172,2,1
20587,83,425.9,214.3,1236,41174,2,1
20588,83,425.3,213.9,1236,41176,2,1
20589,83,424.4,213.5,1236,41178,2,1
20590,83,423.5,213.2,1236,41180,2,1
20591,83,422.7,212.7,1236,41182,2,1
20592,83,422.5,212.3,1236,41184,2,1
20593,83,422.4,212,1236,41186,2,1
20594,83,423,211.7,1236,41188,2,1
20595,83,423.6,211.8,1236,41190,2,1
20596,83,424.1,211.9,1236,41192,2,1
20597,83,424.7,212.1,1236,41194,2,1
20598,83,425.2,212.2,1236,41196,2,1
20599,83,425.1,212.3,1237,41198,2,1
20600,83,424.8,212.4,1237,41200,2,1
20601,83,424.4,212.6,1237,41202,2,1
20602,83,424,212.6,1237,41204,2,1
20603,83,423.6,212.6,1237,41206,2,1
20604,83,423.3,212.7,1237,41208,2,1
20605,83,423,212.9,1237,41210,2,1
20606,83,423,213.1,1237,41212,2,1
20607,83,423.4,213.3,1237,41214,2,1
20608,83,423.8,213.3,1237,41216,2,1
20609,83,424.3,213.4,1237,41218,2,1
20610,83,424.9,213.5,1237,41220,2,1
20611,83,425.3,213.3,1237,41222,2,1
20612,83,425.5,212.9,1237,41224,2,1
20613,83,425.4,212.4,1237,41226,2,1
20614,83,425.2,212,1237,41228,2,1
20615,83,424.9,211.6,1238,41230,2,1
20616,83,424.5,211.2,1238,41232,2,1
20617,83,424.2,211,1238,41234,2,1
20618,83,424.1,210.9,1238,41236,2,1
20619,83,424.2,210.8,1238,41238,2,1
20620,83,424.3,210.7,1238,41240,2,1
20621,83,424.5,211.3,1238,41242,2,1
20622,83,424.8,211.8,1238,41244,2,1
20623,83,425,212.4,1238,41246,2,1
20624,83,425.1,212.8,1238,41248,2,1
20625,83,425.1,213.7,1238,41250,2,1
20626,83,425.2,214.7,1238,41252,2,1
20627,83,425.3,215.7,1238,41254,2,1
20628,83,425.3,215.9,1238,41256,2,1
20629,83,425.3,216.3,1238,41258,2,1
20630,83,425.1,216.7,1238,41260,2,1
20631,83,425.1,217.1,1238,41262,2,1
20632,83,425.1,217,1239,41264,2,1
20633,83,425.1,216.8,1239,41266,2,1
20634,83,425.3,216.4,1239,41268,2,1
20635,83,425.5,215.7,1239,41270,2,1
20636,83,425.8,215,1239,41272,2,1
20637,83,426.2,214.3,1239,41274,2,1
20638,83,426.3,213.6,1239,41276,2,1
20639,83,426.5,213,1239,41278,2,1
20640,83,426.3,212.7,1239,41280,2,1
20641,83,425.6,212.9,1239,41282,2,1
20642,83,424.9,213.3,1239,41284,2,1
20643,83,424.2,213.6,1239,41286,2,1
20644,83,423.5,213.9,1239,41288,2,1
20645,83,423.1,214.2,1239,41290,2,1
20646,83,422.8,214.4,1239,41292,2,1
20647,83,422.5,214.5,1239,41294,2,1
20648,83,422.6,215.1,1239,41296,2,1
20649,83,422.6,215.7,1240,41298,2,1
20650,83,422.6,216.4,1240,41300,2,1
20651,83,422.5,217.1,1240,41302,2,1
20652,83,422.4,218.1,1240,41304,2,1
20653,83,422.2,218.9,1240,41306,2,1
20654,83,421.8,219.6,1240,41308,2,1
20655,83,421.5,220,1240,41310,2,1
20656,83,420.9,221.3,1240,41312,2,1
20657,83,420.3,223,1240,41314,2,1
20658,83,419.1,224.8,1240,41316,2,1
20659,83,417.6,227,1240,41318,2,1
20660,83,415.2,230.9,1240,41320,2,1
20661,83,412.5,234.7,1240,41322,2,1
20662,83,409.8,239.3,1240,41324,2,1
20663,83,407.3,243.1,1240,41326,2,1
20664,83,404.9,246.6,1240,41328,2,1
20665,83,403.9,249.8,1241,41330,2,1
20666,83,403.3,252.4,1241,41332,2,1
20667,83,404,253.3,1241,41334,2,1
20668,83,405.2,253.9,1241,41336,2,1
20669,83,406.5,253.6,1241,41338,2,1
20670,83,408,252.7,1241,41340,2,1
20671,83,409.5,251.6,1241,41342,2,1
20672,83,410.3,250.8,1241,41344,2,1
20673,83,411,250.2,1241,41346,2,1
20674,83,411.2,249.9,1241,41348,2,1
20675,83,411.4,250,1241,41350,2,1
20676,83,411.5,250.1,1241,41352,2,1
20677,83,411.3,250.5,1241,41354,2,1
20678,83,410.3,251,1241,41356,2,1
20679,83,409.3,251.4,1241,41358,2,1
20680,83,408.4,251.7,1241,41360,2,1
20681,83,407.6,251.7,1241,41362,2,1
20682,83,407.5,251.6,1242,41364,2,1
20683,83,407.5,251.5,1242,41366,2,1
20684,83,407.5,251.5,1242,41368,2,1
20685,83,408.3,251.5,1242,41370,2,1
20686,83,409.2,251.3,1242,41372,2,1
20687,83,409.8,251.1,1242,41374,2,1
20688,83,410,251.1,1242,41376,2,1
20689,83,409.7,251.4,1242,41378,2,1
20690,83,409.3,251.6,1242,41380,2,1
20691,83,408.9,251.7,1242,41382,2,1
20692,83,408.3,252,1242,41384,2,1
20693,83,407.8,252.4,1242,41386,2,1
20694,83,407.4,252.8,1242,41388,2,1
20695,83,407.5,253.1,1242,41390,2,1
20696,83,407.5,253.2,1242,41392,2,1
20697,83,407.7,253.2,1242,41394,2,1
20698,83,408.3,253.2,1242,41396,2,1
20699,83,408.9,253.3,1243,41398,2,1
20700,83,409.5,253.6,1243,41400,2,1
20701,83,410.1,253.7,1243,41402,2,1
20702,83,410.3,253.8,1243,41404,2,1
20703,83,410.3,253.6,1243,41406,2,1
20704,83,410.1,253.7,1243,41408,2,1
20705,83,409.4,254,1243,41410,2,1
20706,83,408.6,254,1243,41412,2,1
20707,83,407.9,253.8,1243,41414,2,1
20708,83,407.1,253.5,1243,41416,2,1
20709,83,406.5,253.3,1243,41418,2,1
20710,83,406.5,253.1,1243,41420,2,1
20711,83,406.7,252.8,1243,41422,2,1
20712,83,407.8,252.5,1243,41424,2,1
20713,83,408.9,252.3,1243,41426,2,1
20714,83,410,252,1243,41428,2,1
20715,83,411,251.5,1244,41430,2,1
20716,83,412.1,251.1,1244,41432,2,1
20717,83,412.5,251.4,1244,41434,2,1
20718,83,413,252,1244,41436,2,1
20719,83,412.9,252.9,1244,41438,2,1
20720,83,412.8,253.9,1244,41440,2,1
20721,83,412.7,254.9,1244,41442,2,1
20722,83,412.5,255.7,1244,41444,2,1
20723,83,412.2,256.4,1244,41446,2,1
20724,83,412,256.3,1244,41448,2,1
20725,83,411.9,255.9,1244,41450,2,1
20726,83,411.4,255.2,1244,41452,2,1
20727,83,410.9,254.5,1244,41454,2,1
20728,83,410.3,253.8,1244,41456,2,1
20729,83,409.8,253.1,1244,41458,2,1
20730,83,409.3,252.9,1244,41460,2,1
20731,83,408.8,252.9,1244,41462,2,1
20732,83,408.3,253.3,1245,41464,2,1
20733,83,408.2,253.9,1245,41466,2,1
20734,83,408.5,254.5,1245,41468,2,1
20735,83,409,255.1,1245,41470,2,1
20736,83,409.5,255.6,1245,41472,2,1
20737,83,410,255.5,1245,41474,2,1
20738,83,410.7,254.8,1245,41476,2,1
20739,83,411.5,254,1245,41478,2,1
20740,83,412.3,253.2,1245,41480,2,1
20741,83,412.7,252.3,1245,41482,2,1
20742,83,413,251.6,1245,41484,2,1
20743,83,413.3,250.8,1245,41486,2,1
20744,83,413.5,250,1245,41488,2,1
20745,83,413.5,249.7,1245,41490,2,1
20746,83,413.4,250.1,1245,41492,2,1
20747,83,412.9,250.4,1245,41494,2,1
20748,83,412.4,250.7,1245,41496,2,1
20749,83,411.9,251,1246,41498,2,1
20750,83,411.3,251.3,1246,41500,2,1
20751,83,410.9,251.9,1246,41502,2,1
20752,83,410.6,252.4,1246,41504,2,1
20753,83,410.4,252.6,1246,41506,2,1
20754,83,410.6,252.6,1246,41508,2,1
20755,83,411,252.5,1246,41510,2,1
20756,83,411.3,252.3,1246,41512,2,1
20757,83,411.7,252.1,1246,41514,2,1
20758,83,412.4,251.8,1246,41516,2,1
20759,83,413.8,251.7,1246,41518,2,1
20760,83,417.3,252.1,1246,41520,2,1
20761,83,423.4,254.4,1246,41522,2,1
20762,83,431.2,258.1,1246,41524,2,1
20763,83,442.2,263.8,1246,41526,2,1
20764,83,457.2,272.7,1246,41528,2,1
20765,83,475.8,284.5,1247,41530,2,1
20766,83,498.5,298.9,1247,41532,2,1
20767,83,521.9,315.5,1247,41534,2,1
20768,83,546.2,333.5,1247,41536,2,1
20769,83,571.1,353.1,1247,41538,2,1
20770,83,596,374.1,1247,41540,2,1
20771,83,619.4,393.6,1247,41542,2,1
20772,83,640.5,413.3,1247,41544,2,1
20773,83,659.4,431.9,1247,41546,2,1
20774,83,679.1,447.6,1247,41548,2,1
20775,83,698.6,460.1,1247,41550,2,1
20776,83,718.7,469.6,1247,41552,2,1
20777,83,737.5,476.1,1247,41554,2,1
20778,83,755.4,481.9,1247,41556,2,1
20779,83,773,485.3,1247,41558,2,1
20780,83,788.9,487.2,1247,41560,2,1
20781,83,801,489.7,1247,41562,2,1
20782,83,809.9,492.3,1248,41564,2,1
20783,83,815.9,494.9,1248,41566,2,1
20784,83,819.7,497.3,1248,41568,2,1
20785,83,822,498.7,1248,41570,2,1
20786,83,822.8,499.7,1248,41572,2,1
20787,83,823,500.7,1248,41574,2,1
20788,83,823.5,501.9,1248,41576,2,1
20789,83,824.6,503.1,1248,41578,2,1
20790,83,826.2,504.2,1248,41580,2,1
20791,83,828,505.1,1248,41582,2,1
20792,83,829.8,505.4,1248,41584,2,1
20793,83,831.5,505.5,1248,41586,2,1
20794,83,832.7,505.7,1248,41588,2,1
20795,83,833.4,505.5,1248,41590,2,1
20796,83,833.6,505.7,1248,41592,2,1
20797,83,833,506,1248,41594,2,1
20798,83,832.4,506.4,1248,41596,2,1
20799,83,831.9,507,1249,41598,2,1
20800,83,831.3,508.1,1249,41600,2,1
20801,83,831,509.1,1249,41602,2,1
20802,83,830.3,510.1,1249,41604,2,1
20803,83,829.8,510.6,1249,41606,2,1
20804,83,829.3,511.1,1249,41608,2,1
20805,83,828.5,511.6,1249,41610,2,1
20806,83,827.8,512,1249,41612,2,1
20807,83,827.1,511.9,1249,41614,2,1
20808,83,826.4,511.8,1249,41616,2,1
20809,83,826.2,511.7,1249,41618,2,1
20810,83,825.9,511.7,1249,41620,2,1
20811,83,825.6,511.7,1249,41622,2,1
20812,83,825.6,512.1,1249,41624,2,1
20813,83,825.6,512.5,1249,41626,2,1
20814,83,825.8,512.8,1249,41628,2,1
20815,83,826.2,513.4,1250,41630,2,1
20816,83,826.7,513.8,1250,41632,2,1
20817,83,827.3,514.2,1250,41634,2,1
20818,83,828,514.3,1250,41636,2,1
20819,83,828.7,513.9,1250,41638,2,1
20820,83,829.4,513.6,1250,41640,2,1
20821,83,830.1,513.4,1250,41642,2,1
20822,83,830.6,513,1250,41644,2,1
20823,83,831,512.6,1250,41646,2,1
20824,83,831.4,512.3,1250,41648,2,1
20825,83,831.9,512.3,1250,41650,2,1
20826,83,832.5,512.7,1250,41652,2,1
20827,83,833.1,513.1,1250,41654,2,1
20828,83,833.5,513.6,1250,41656,2,1
20829,83,833.8,514.4,1250,41658,2,1
20830,83,834.1,515.4,1250,41660,2,1
20831,83,834.3,516.3,1250,41662,2,1
20832,83,834.2,517.1,1251,41664,2,1
20833,83,834.1,517.3,1251,41666,2,1
20834,83,834,517.1,1251,41668,2,1
20835,83,834.1,516.8,1251,41670,2,1
20836,83,834.2,516.3,1251,41672,2,1
20837,83,834.3,515.8,1251,41674,2,1
20838,83,834.5,515.3,1251,41676,2,1
20839,83,834.7,514.9,1251,41678,2,1
20840,83,834.8,514.6,1251,41680,2,1
20841,83,834.8,514.6,1251,41682,2,1
20842,83,834.6,514.8,1251,41684,2,1
20843,83,834.3,515.1,1251,41686,2,1
20844,83,834.4,515.4,1251,41688,2,1
20845,83,834.5,515.6,1251,41690,2,1
20846,83,834.7,515.8,1251,41692,2,1
20847,83,835,515.8,1251,41694,2,1
20848,83,834.8,515.9,1251,41696,2,1
20849,83,834.8,515.8,1252,41698,2,1
20850,83,834.7,515.6,1252,41700,2,1
20851,83,834.3,515.5,1252,41702,2,1
20852,83,834,515.4,1252,41704,2,1
20853,83,833.6,515.5,1252,41706,2,1
20854,83,833.2,515.9,1252,41708,2,1
20855,83,833.3,516.3,1252,41710,2,1
20856,83,833.8,516.7,1252,41712,2,1
20857,83,834.3,517.4,1252,41714,2,1
20858,83,834.8,517.8,1252,41716,2,1
20859,83,835.2,518.1,1252,41718,2,1
20860,83,835.4,518.1,1252,41720,2,1
20861,83,835.6,518,1252,41722,2,1
20862,83,835.7,517.9,1252,41724,2,1
20863,83,835.4,517.8,1252,41726,2,1
20864,83,835.1,517.5,1252,41728,2,1
20865,83,834.9,517.3,1253,41730,2,1
20866,83,834.7,517.1,1253,41732,2,1
20867,83,834.7,517,1253,41734,2,1
20868,83,834.6,516.9,1253,41736,2,1
20869,83,834.5,516.9,1253,41738,2,1
20870,83,834.3,516.7,1253,41740,2,1
20871,83,834.1,516.4,1253,41742,2,1
20872,83,833.9,516.2,1253,41744,2,1
20873,83,833.8,516,1253,41746,2,1
20874,83,833.7,516,1253,41748,2,1
20875,83,833.8,516.1,1253,41750,2,1
20876,83,834,516.2,1253,41752,2,1
20877,83,834.2,516.4,1253,41754,2,1
20878,83,834.4,516.6,1253,41756,2,1
20879,83,834.5,516.7,1253,41758,2,1
20880,83,834.8,516.7,1253,41760,2,1
20881,83,835.1,516.5,1253,41762,2,1
20882,83,835.4,516.4,1254,41764,2,1
20883,83,835.5,516.3,1254,41766,2,1
20884,83,835.4,516.2,1254,41768,2,1
20885,83,835.4,516.2,1254,41770,2,1
20886,83,835.4,516.4,1254,41772,2,1
20887,83,835.6,516.4,1254,41774,2,1
20888,83,835.9,516.3,1254,41776,2,1
20889,83,836.4,516.1,1254,41778,2,1
20890,83,837,515.9,1254,41780,2,1
20891,83,837.7,515.7,1254,41782,2,1
20892,83,838.5,516,1254,41784,2,1
20893,83,839.4,516.3,1254,41786,2,1
20894,83,840.1,516.8,1254,41788,2,1
20895,83,840.4,517.2,1254,41790,2,1
20896,83,840.6,517.6,1254,41792,2,1
20897,83,840.6,518,1254,41794,2,1
20898,83,840.7,518.3,1254,41796,2,1
20899,83,840.4,518.1,1255,41798,2,1
20900,83,840,517.9,1255,41800,2,1
20901,83,839.7,517.6,1255,41802,2,1
20902,83,839.4,518,1255,41804,2,1
20903,83,839.2,518.4,1255,41806,2,1
20904,83,839.1,518.9,1255,41808,2,1
20905,83,838.9,519.4,1255,41810,2,1
20906,83,838.9,519.9,1255,41812,2,1
20907,83,838.7,520.1,1255,41814,2,1
20908,83,838.5,520.2,1255,41816,2,1
20909,83,837.9,519.4,1255,41818,2,1
20910,83,837.4,518.5,1255,41820,2,1
20911,83,836.8,517.5,1255,41822,2,1
20912,83,836.3,516.6,1255,41824,2,1
20913,83,835.9,515.7,1255,41826,2,1
20914,83,835.9,515.6,1255,41828,2,1
20915,83,836.2,515.7,1256,41830,2,1
20916,83,837,516.1,1256,41832,2,1
20917,83,837.9,516.6,1256,41834,2,1
20918,83,838.9,517.1,1256,41836,2,1
20919,83,839.8,517.2,1256,41838,2,1
20920,83,840.7,517.4,1256,41840,2,1
20921,83,841.2,517,1256,41842,2,1
20922,83,841.6,517.1,1256,41844,2,1
20923,83,841.8,517.1,1256,41846,2,1
20924,83,841.6,517.3,1256,41848,2,1
20925,83,841.3,517.6,1256,41850,2,1
20926,83,840.9,518.2,1256,41852,2,1
20927,83,840.4,518.7,1256,41854,2,1
20928,83,839.9,519.2,1256,41856,2,1
20929,83,839.4,519.2,1256,41858,2,1
20930,83,839,519.1,1256,41860,2,1
20931,83,838.7,518.9,1256,41862,2,1
20932,83,838.5,518.6,1257,41864,2,1
20933,83,838.3,518.5,1257,41866,2,1
20934,83,838.1,518.5,1257,41868,2,1
20935,83,837.9,518.9,1257,41870,2,1
20936,83,837.7,519.2,1257,41872,2,1
20937,83,836.9,519.7,1257,41874,2,1
20938,83,836.2,520.3,1257,41876,2,1
20939,83,835.5,520.8,1257,41878,2,1
20940,83,834.8,521,1257,41880,2,1
20941,83,834.1,521.1,1257,41882,2,1
20942,83,833.5,520.8,1257,41884,2,1
20943,83,832.9,520.1,1257,41886,2,1
20944,83,833,519.4,1257,41888,2,1
20945,83,833.1,518.6,1257,41890,2,1
20946,83,833.6,517.9,1257,41892,2,1
20947,83,834.1,517.4,1257,41894,2,1
20948,83,834.6,517.1,1257,41896,2,1
20949,83,835.2,516.7,1258,41898,2,1
20950,83,835.7,516.6,1258,41900,2,1
20951,83,836.1,516.5,1258,41902,2,1
20952,83,836.5,516.7,1258,41904,2,1
20953,83,836.5,516.9,1258,41906,2,1
20954,83,836.6,517,1258,41908,2,1
20955,83,836.6,517.1,1258,41910,2,1
20956,83,836.6,517.1,1258,41912,2,1
20957,83,836.7,517.2,1258,41914,2,1
20958,83,836.7,517.4,1258,41916,2,1
20959,83,836.7,517.2,1258,41918,2,1
20960,83,836.7,517.1,1258,41920,2,1
20961,83,836.8,516.9,1258,41922,2,1
20962,83,836.8,516.6,1258,41924,2,1
20963,83,836.8,516.5,1258,41926,2,1
20964,83,836.8,516.3,1258,41928,2,1
20965,83,836.8,516.1,1259,41930,2,1
20966,83,836.8,516,1259,41932,2,1
20967,83,836.8,515.9,1259,41934,2,1
20968,83,836.7,515.8,1259,41936,2,1
20969,83,836.7,515.6,1259,41938,2,1
20970,83,836.7,515.4,1259,41940,2,1
20971,83,836.7,515.1,1259,41942,2,1
20972,83,836.7,514.9,1259,41944,2,1
20973,83,836.7,514.8,1259,41946,2,1
20974,83,836.7,514.8,1259,41948,2,1
20975,83,836.8,514.8,1259,41950,2,1
20976,83,836.9,515.2,1259,41952,2,1
20977,83,837,515.7,1259,41954,2,1
20978,83,837.2,516.1,1259,41956,2,1
20979,83,837.4,516.5,1259,41958,2,1
20980,83,837.6,516.8,1259,41960,2,1
20981,83,837.7,517.1,1259,41962,2,1
20982,83,837.8,517.3,1260,41964,2,1
20983,83,837.7,517.1,1260,41966,2,1
20984,83,837.7,517.3,1260,41968,2,1
20985,83,837.4,517.7,1260,41970,2,1
20986,83,837,518.1,1260,41972,2,1
20987,83,836.7,518.5,1260,41974,2,1
20988,83,836.4,518.7,1260,41976,2,1
20989,83,836.5,518.8,1260,41978,2,1
20990,83,836.7,518.7,1260,41980,2,1
20991,83,836.8,518.6,1260,41982,2,1
20992,83,837,518.3,1260,41984,2,1
20993,83,837.1,518,1260,41986,2,1
20994,83,837.3,517.8,1260,41988,2,1
20995,83,837.5,517.5,1260,41990,2,1
20996,83,837.1,517.4,1260,41992,2,1
20997,83,836.7,517.2,1260,41994,2,1
20998,83,836.4,516.9,1260,41996,2,1
20999,83,836.2,516.4,1261,41998,2,1
21000,83,836.1,515.9,1261,42000,2,1
21001,83,836,515.8,1261,42002,2,1
21002,83,835.9,515.9,1261,42004,2,1
21003,83,836,516.1,1261,42006,2,1
21004,83,836.2,516.5,1261,42008,2,1
21005,83,836.5,516.9,1261,42010,2,1
21006,83,836.8,517.1,1261,42012,2,1
21007,83,837,517.3,1261,42014,2,1
21008,83,837.2,517.3,1261,42016,2,1
21009,83,837.3,517.1,1261,42018,2,1
21010,83,837.5,516.8,1261,42020,2,1
21011,83,837.7,516.3,1261,42022,2,1
21012,83,837.9,515.8,1261,42024,2,1
21013,83,838.1,515.4,1261,42026,2,1
21014,83,838.3,515.1,1261,42028,2,1
21015,83,838.5,514.7,1262,42030,2,1
21016,83,838.7,514.8,1262,42032,2,1
21017,83,838.8,514.9,1262,42034,2,1
21018,83,838.7,515,1262,42036,2,1
21019,83,838.2,515.2,1262,42038,2,1
21020,83,837.6,515.2,1262,42040,2,1
21021,83,837.1,515,1262,42042,2,1
21022,83,836.6,514.7,1262,42044,2,1
21023,83,836.3,514.4,1262,42046,2,1
21024,83,836.1,513.9,1262,42048,2,1
21025,83,836,513.5,1262,42050,2,1
21026,83,836.4,513.2,1262,42052,2,1
21027,83,836.7,513.2,1262,42054,2,1
21028,83,837.2,513.3,1262,42056,2,1
21029,83,837.5,513.4,1262,42058,2,1
21030,83,837.7,513.5,1262,42060,2,1
21031,83,837.4,513.6,1262,42062,2,1
21032,83,837.1,513.6,1263,42064,2,1
21033,83,836.8,513.6,1263,42066,2,1
21034,83,836.4,513.6,1263,42068,2,1
21035,83,836,513.5,1263,42070,2,1
21036,83,835.9,513.4,1263,42072,2,1
21037,83,836.2,513.4,1263,42074,2,1
21038,83,836.9,513.4,1263,42076,2,1
21039,83,837.6,513.4,1263,42078,2,1
21040,83,837.9,513.6,1263,42080,2,1
21041,83,838.2,513.7,1263,42082,2,1
21042,83,838.5,513.8,1263,42084,2,1
21043,83,838.5,514.2,1263,42086,2,1
21044,83,837.7,514.6,1263,42088,2,1
21045,83,837,514.9,1263,42090,2,1
21046,83,836.3,515.4,1263,42092,2,1
21047,83,836.2,515.7,1263,42094,2,1
21048,83,836.2,516.2,1263,42096,2,1
21049,83,836.2,516.3,1264,42098,2,1
21050,83,836.3,516.2,1264,42100,2,1
21051,83,837,516,1264,42102,2,1
21052,83,837.6,515.7,1264,42104,2,1
21053,83,838.2,515.3,1264,42106,2,1
21054,83,838.4,514.8,1264,42108,2,1
21055,83,838.6,514,1264,42110,2,1
21056,83,838.7,513.3,1264,42112,2,1
21057,83,838.7,512.9,1264,42114,2,1
21058,83,838.5,512.7,1264,42116,2,1
21059,83,838.3,513.3,1264,42118,2,1
21060,83,838.1,514,1264,42120,2,1
21061,83,837.9,514.8,1264,42122,2,1
21062,83,837.7,515.9,1264,42124,2,1
21063,83,837.6,517,1264,42126,2,1
21064,83,837.4,518,1264,42128,2,1
21065,83,837.3,518.7,1265,42130,2,1
21066,83,837.2,518.4,1265,42132,2,1
21067,83,837.1,518.1,1265,42134,2,1
21068,83,837.1,517.8,1265,42136,2,1
21069,83,837.3,517.6,1265,42138,2,1
21070,83,837.6,517.5,1265,42140,2,1
21071,83,837.8,517.4,1265,42142,2,1
21072,83,838.1,517.3,1265,42144,2,1
21073,83,838.5,517.5,1265,42146,2,1
21074,83,838.8,517.5,1265,42148,2,1
21075,83,838.9,517.4,1265,42150,2,1
21076,83,838.8,517.2,1265,42152,2,1
21077,83,838.3,517.1,1265,42154,2,1
21078,83,837.8,517.3,1265,42156,2,1
21079,83,837.4,517.6,1265,42158,2,1
21080,83,837,517.9,1265,42160,2,1
21081,83,837,518.5,1265,42162,2,1
21082,83,837,519,1266,42164,2,1
21083,83,837.1,519.6,1266,42166,2,1
21084,83,837.3,520.4,1266,42168,2,1
21085,83,837.4,520.9,1266,42170,2,1
21086,83,837.1,521.5,1266,42172,2,1
21087,83,836.7,522,1266,42174,2,1
21088,83,835.9,522,1266,42176,2,1
21089,83,835.3,522,1266,42178,2,1
21090,83,835,521.9,1266,42180,2,1
21091,83,834.9,521.4,1266,42182,2,1
21092,83,834.9,520.9,1266,42184,2,1
21093,83,835.1,520.4,1266,42186,2,1
21094,83,835.4,519.8,1266,42188,2,1
21095,83,835.6,519.6,1266,42190,2,1
21096,83,835.6,519.6,1266,42192,2,1
21097,83,835.4,519.5,1266,42194,2,1
21098,83,834.9,519.7,1266,42196,2,1
21099,83,833.7,520,1267,42198,2,1
21100,83,830.4,520.6,1267,42200,2,1
21101,83,824.1,522.1,1267,42202,2,1
21102,83,815,523.8,1267,42204,2,1
21103,83,803.4,525.7,1267,42206,2,1
21104,83,786.7,528.1,1267,42208,2,1
21105,83,765.5,530.6,1267,42210,2,1
21106,83,740.7,533.3,1267,42212,2,1
21107,83,715,535.5,1267,42214,2,1
21108,83,689.1,537.4,1267,42216,2,1
21109,83,661.9,539.3,1267,42218,2,1
21110,83,633.9,541.1,1267,42220,2,1
21111,83,608.9,542.2,1267,42222,2,1
21112,83,585.5,543.2,1267,42224,2,1
21113,83,564,544.1,1267,42226,2,1
21114,83,542.5,545.3,1267,42228,2,1
21115,83,522.9,546.4,1268,42230,2,1
21116,83,503.8,547.4,1268,42232,2,1
21117,83,485.3,548.5,1268,42234,2,1
21118,83,467.9,549.7,1268,42236,2,1
21119,83,452.6,550.7,1268,42238,2,1
21120,83,439.7,551.4,1268,42240,2,1
21121,83,430,552,1268,42242,2,1
21122,83,421.8,552.4,1268,42244,2,1
21123,83,417.1,552.3,1268,42246,2,1
21124,83,415.4,551.9,1268,42248,2,1
21125,83,415.1,551.6,1268,42250,2,1
21126,83,415.6,551.2,1268,42252,2,1
21127,83,416.2,550.8,1268,42254,2,1
21128,83,416,550.7,1268,42256,2,1
21129,83,414.7,550.6,1268,42258,2,1
21130,83,413,550.6,1268,42260,2,1
21131,83,410.8,550.7,1268,42262,2,1
21132,83,408.7,550.9,1269,42264,2,1
21133,83,406.5,551,1269,42266,2,1
21134,83,404.3,551.3,1269,42268,2,1
21135,83,403,551.6,1269,42270,2,1
21136,83,402.8,551.8,1269,42272,2,1
21137,83,403,552.3,1269,42274,2,1
21138,83,403.3,552.6,1269,42276,2,1
21139,83,403.6,553.1,1269,42278,2,1
21140,83,404.2,553.8,1269,42280,2,1
21141,83,404.7,554.5,1269,42282,2,1
21142,83,405.3,555.1,1269,42284,2,1
21143,83,406,555.7,1269,42286,2,1
21144,83,406.6,556.2,1269,42288,2,1
21145,83,407.3,556.8,1269,42290,2,1
21146,83,407.9,557.3,1269,42292,2,1
21147,83,408.4,557.6,1269,42294,2,1
21148,83,408.9,557.8,1269,42296,2,1
21149,83,409.5,558,1270,42298,2,1
21150,83,409.8,558.2,1270,42300,2,1
21151,83,410.1,558.3,1270,42302,2,1
21152,83,410.2,558.3,1270,42304,2,1
21153,83,410.6,558.4,1270,42306,2,1
21154,83,410.8,558.6,1270,42308,2,1
21155,83,411.1,558.9,1270,42310,2,1
21156,83,411.4,559.4,1270,42312,2,1
21157,83,411.4,559.9,1270,42314,2,1
21158,83,411.4,560.3,1270,42316,2,1
21159,83,411.4,560.6,1270,42318,2,1
21160,83,411.3,561,1270,42320,2,1
21161,83,411.2,561.2,1270,42322,2,1
21162,83,411.2,561.3,1270,42324,2,1
21163,83,411.2,561.1,1270,42326,2,1
21164,83,411.2,560.7,1270,42328,2,1
21165,83,411.1,560.2,1271,42330,2,1
21166,83,410.9,559.6,1271,42332,2,1
21167,83,410.8,558.8,1271,42334,2,1
21168,83,410.5,558.1,1271,42336,2,1
21169,83,410.2,557.6,1271,42338,2,1
21170,83,410,557.2,1271,42340,2,1
21171,83,410,556.9,1271,42342,2,1
21172,83,410.4,557.1,1271,42344,2,1
21173,83,410.8,557.3,1271,42346,2,1
21174,83,411.2,557.8,1271,42348,2,1
21175,83,411.8,558.3,1271,42350,2,1
21176,83,412.3,558.7,1271,42352,2,1
21177,83,412.7,559,1271,42354,2,1
21178,83,412.8,559.4,1271,42356,2,1
21179,83,413,559.6,1271,42358,2,1
21180,83,413.1,559.8,1271,42360,2,1
21181,83,413.3,560.5,1271,42362,2,1
21182,83,413.4,561.2,1272,42364,2,1
21183,83,413.5,562,1272,42366,2,1
21184,83,413.6,562.8,1272,42368,2,1
21185,83,413.6,563.5,1272,42370,2,1
21186,83,413.7,564.2,1272,42372,2,1
21187,83,413.4,564.7,1272,42374,2,1
21188,83,413.1,564.8,1272,42376,2,1
21189,83,412.8,564.7,1272,42378,2,1
21190,83,412.5,564.7,1272,42380,2,1
21191,83,412.2,564.5,1272,42382,2,1
21192,83,412,564.3,1272,42384,2,1
21193,83,411.7,564.2,1272,42386,2,1
21194,83,411.7,564.2,1272,42388,2,1
21195,83,411.3,564,1272,42390,2,1
21196,83,410.9,563.8,1272,42392,2,1
21197,83,410.4,563.4,1272,42394,2,1
21198,83,410,562.9,1272,42396,2,1
21199,83,409.5,562.4,1273,42398,2,1
21200,83,409.3,561.8,1273,42400,2,1
21201,83,409.2,561.1,1273,42402,2,1
21202,83,409.3,560.5,1273,42404,2,1
21203,83,409.7,560,1273,42406,2,1
21204,83,410.1,559.6,1273,42408,2,1
21205,83,410.8,559.3,1273,42410,2,1
21206,83,411.6,559,1273,42412,2,1
21207,83,412.2,558.9,1273,42414,2,1
21208,83,413,558.9,1273,42416,2,1
21209,83,413.9,559.3,1273,42418,2,1
21210,83,414.5,559.8,1273,42420,2,1
21211,83,415.2,560.2,1273,42422,2,1
21212,83,415.5,560.8,1273,42424,2,1
21213,83,415.8,561.3,1273,42426,2,1
21214,83,416.1,561.9,1273,42428,2,1
21215,83,416.1,562.4,1274,42430,2,1
21216,83,416.1,562.6,1274,42432,2,1
21217,83,416,562.7,1274,42434,2,1
21218,83,416,562.9,1274,42436,2,1
21219,83,416,563.2,1274,42438,2,1
21220,83,415.9,563.4,1274,42440,2,1
21221,83,415.8,563.6,1274,42442,2,1
21222,83,415.5,563.7,1274,42444,2,1
21223,83,415.2,563.8,1274,42446,2,1
21224,83,414.8,563.9,1274,42448,2,1
21225,83,414.4,564,1274,42450,2,1
21226,83,413.9,563.9,1274,42452,2,1
21227,83,413.5,563.9,1274,42454,2,1
21228,83,413.3,563.9,1274,42456,2,1
21229,83,413,563.9,1274,42458,2,1
21230,83,412.9,563.7,1274,42460,2,1
21231,83,412.9,563.5,1274,42462,2,1
21232,83,413,563.2,1275,42464,2,1
21233,83,413.1,562.8,1275,42466,2,1
21234,83,413.2,562.3,1275,42468,2,1
21235,83,413.2,561.8,1275,42470,2,1
21236,83,413.3,561.2,1275,42472,2,1
21237,83,413.3,560.4,1275,42474,2,1
21238,83,413.4,559.6,1275,42476,2,1
21239,83,413.4,558.9,1275,42478,2,1
21240,83,413.4,558.4,1275,42480,2,1
21241,83,413.4,558,1275,42482,2,1
21242,83,413.4,557.7,1275,42484,2,1
21243,83,413.4,557.6,1275,42486,2,1
21244,83,413.3,558.2,1275,42488,2,1
21245,83,413.2,558.8,1275,42490,2,1
21246,83,413,559.3,1275,42492,2,1
21247,83,412.8,559.9,1275,42494,2,1
21248,83,412.7,560.3,1275,42496,2,1
21249,83,412.7,560.8,1276,42498,2,1
21250,83,412.7,561.3,1276,42500,2,1
21251,83,412.8,561.3,1276,42502,2,1
21252,83,412.7,561.4,1276,42504,2,1
21253,83,412.7,561.6,1276,42506,2,1
21254,83,412.8,561.9,1276,42508,2,1
21255,83,412.7,562.1,1276,42510,2,1
21256,83,412.6,562.3,1276,42512,2,1
21257,83,412.6,562.5,1276,42514,2,1
21258,83,412.7,562.7,1276,42516,2,1
21259,83,412.9,562.8,1276,42518,2,1
21260,83,413.1,563,1276,42520,2,1
21261,83,413.3,563.3,1276,42522,2,1
21262,83,413.4,563.5,1276,42524,2,1
21263,83,413.6,563.9,1276,42526,2,1
21264,83,413.8,564.3,1276,42528,2,1
21265,83,414,564.8,1277,42530,2,1
21266,83,414,565.3,1277,42532,2,1
21267,83,413.9,565.7,1277,42534,2,1
21268,83,413.8,566,1277,42536,2,1
21269,83,413.8,566.2,1277,42538,2,1
21270,83,413.7,566.3,1277,42540,2,1
21271,83,413.9,566.4,1277,42542,2,1
21272,83,414.1,566.3,1277,42544,2,1
21273,83,414.4,566,1277,42546,2,1
21274,83,414.8,565.6,1277,42548,2,1
21275,83,415.2,565.2,1277,42550,2,1
21276,83,415.6,564.7,1277,42552,2,1
21277,83,415.9,564.2,1277,42554,2,1
21278,83,416,563.6,1277,42556,2,1
21279,83,416.1,563.1,1277,42558,2,1
21280,83,416,562.7,1277,42560,2,1
21281,83,415.9,562.3,1277,42562,2,1
21282,83,415.8,561.8,1278,42564,2,1
21283,83,415.7,561.7,1278,42566,2,1
21284,83,415.7,561.7,1278,42568,2,1
21285,83,415.7,561.6,1278,42570,2,1
21286,83,416.1,562.1,1278,42572,2,1
21287,83,416.7,562.7,1278,42574,2,1
21288,83,417.4,563.4,1278,42576,2,1
21289,83,418,564.1,1278,42578,2,1
21290,83,418.7,564.5,1278,42580,2,1
21291,83,419.4,565,1278,42582,2,1
21292,83,420,565.4,1278,42584,2,1
21293,83,420.2,565.4,1278,42586,2,1
21294,83,420.2,565.4,1278,42588,2,1
21295,83,420,565.4,1278,42590,2,1
21296,83,419.7,565.4,1278,42592,2,1
21297,83,419.4,564.7,1278,42594,2,1
21298,83,419.2,564,1278,42596,2,1
21299,83,418.8,563.3,1279,42598,2,1
21300,83,418.6,562.7,1279,42600,2,1
21301,83,418.4,562.1,1279,42602,2,1
21302,83,418.4,561.6,1279,42604,2,1
21303,83,418.4,561.1,1279,42606,2,1
21304,83,418.3,561.3,1279,42608,2,1
21305,83,418.3,561.5,1279,42610,2,1
21306,83,418.6,561.6,1279,42612,2,1
21307,83,418.8,561.9,1279,42614,2,1
21308,83,419,562.2,1279,42616,2,1
21309,83,419.4,562.5,1279,42618,2,1
21310,83,420,562.8,1279,42620,2,1
21311,83,420.5,563,1279,42622,2,1
21312,83,421,563.3,1279,42624,2,1
21313,83,421.2,563.5,1279,42626,2,1
21314,83,421.5,563.8,1279,42628,2,1
21315,83,421.7,563.9,1280,42630,2,1
21316,83,421.5,563.9,1280,42632,2,1
21317,83,421.2,564,1280,42634,2,1
21318,83,420.9,564.2,1280,42636,2,1
21319,83,420.4,564.6,1280,42638,2,1
21320,83,419.8,565.4,1280,42640,2,1
21321,83,419.3,566.1,1280,42642,2,1
21322,83,418.7,566.8,1280,42644,2,1
21323,83,418.3,567.4,1280,42646,2,1
21324,83,418.1,567.7,1280,42648,2,1
21325,83,417.8,567.4,1280,42650,2,1
21326,83,417.8,566.9,1280,42652,2,1
21327,83,417.3,565.9,1280,42654,2,1
21328,83,416.9,564.7,1280,42656,2,1
21329,83,416.5,563.6,1280,42658,2,1
21330,83,416.2,562.4,1280,42660,2,1
21331,83,415.9,561.6,1280,42662,2,1
21332,83,415.5,561.3,1281,42664,2,1
21333,83,415.3,560.9,1281,42666,2,1
21334,83,415.5,560.7,1281,42668,2,1
21335,83,415.9,560.7,1281,42670,2,1
21336,83,416.5,560.7,1281,42672,2,1
21337,83,417.1,560.6,1281,42674,2,1
21338,83,417.7,561.3,1281,42676,2,1
21339,83,418.2,562.1,1281,42678,2,1
21340,83,418.5,562.9,1281,42680,2,1
21341,83,418.9,563.6,1281,42682,2,1
21342,83,419.1,564.3,1281,42684,2,1
21343,83,419,565.1,1281,42686,2,1
21344,83,418.9,565.9,1281,42688,2,1
21345,83,418.9,566,1281,42690,2,1
21346,83,418.9,566,1281,42692,2,1
21347,83,418.8,565.9,1281,42694,2,1
21348,83,418.8,565.7,1281,42696,2,1
21349,83,418.9,565.3,1282,42698,2,1
21350,83,419,564.8,1282,42700,2,1
21351,83,419.1,564.2,1282,42702,2,1
21352,83,419.2,563.7,1282,42704,2,1
21353,83,419.3,563.1,1282,42706,2,1
21354,83,419.4,562.6,1282,42708,2,1
21355,83,419.6,561.7,1282,42710,2,1
21356,83,419.7,560.8,1282,42712,2,1
21357,83,419.8,559.8,1282,42714,2,1
21358,83,419.8,558.9,1282,42716,2,1
21359,83,419.9,558.2,1282,42718,2,1
21360,83,419.9,557.8,1282,42720,2,1
21361,83,419.9,557.4,1282,42722,2,1
21362,83,419.9,557.5,1282,42724,2,1
21363,83,419.8,558.2,1282,42726,2,1
21364,83,419.7,558.9,1282,42728,2,1
21365,83,419.7,559.6,1283,42730,2,1
21366,83,419.7,560,1283,42732,2,1
21367,83,419.7,559.9,1283,42734,2,1
21368,83,419.7,559.6,1283,42736,2,1
21369,83,419.9,559.2,1283,42738,2,1
21370,83,420.2,558.5,1283,42740,2,1
21371,83,420.5,557.7,1283,42742,2,1
21372,83,420.8,556.8,1283,42744,2,1
21373,83,421.1,556.1,1283,42746,2,1
21374,83,421.4,555.7,1283,42748,2,1
21375,83,421.7,555.5,1283,42750,2,1
21376,83,421.8,555.4,1283,42752,2,1
21377,83,421.8,555.3,1283,42754,2,1
21378,83,421.8,555.3,1283,42756,2,1
21379,83,422,555.8,1283,42758,2,1
21380,83,422.2,556.5,1283,42760,2,1
21381,83,422.3,557,1283,42762,2,1
21382,83,422.4,557.6,1284,42764,2,1
21383,83,422.5,557.6,1284,42766,2,1
21384,83,422.7,557.5,1284,42768,2,1
21385,83,422.9,557.4,1284,42770,2,1
21386,83,423.2,557.2,1284,42772,2,1
21387,83,423.4,556.9,1284,42774,2,1
21388,83,423.6,556.5,1284,42776,2,1
21389,83,423.7,556.1,1284,42778,2,1
21390,83,423.9,556.2,1284,42780,2,1
21391,83,424,556.4,1284,42782,2,1
21392,83,424,556.7,1284,42784,2,1
21393,83,423.8,556.9,1284,42786,2,1
21394,83,423.6,557.2,1284,42788,2,1
21395,83,423.5,556.8,1284,42790,2,1
21396,83,422.6,556.4,1284,42792,2,1
21397,83,421.8,556,1284,42794,2,1
21398,83,421,555.4,1284,42796,2,1
21399,83,420.1,555.3,1285,42798,2,1
21400,83,419.3,555.2,1285,42800,2,1
21401,83,418.5,555,1285,42802,2,1
21402,83,417.8,555.7,1285,42804,2,1
21403,83,417.8,556.3,1285,42806,2,1
21404,83,417.7,556.9,1285,42808,2,1
21405,83,417.7,557.5,1285,42810,2,1
21406,83,417.9,557.5,1285,42812,2,1
21407,83,418.1,557.4,1285,42814,2,1
21408,83,418.3,557.3,1285,42816,2,1
21409,83,418.4,557.1,1285,42818,2,1
21410,83,418.6,556.8,1285,42820,2,1
21411,83,418.7,556.6,1285,42822,2,1
21412,83,418.7,556.4,1285,42824,2,1
21413,83,418.8,556.6,1285,42826,2,1
21414,83,418.8,556.8,1285,42828,2,1
21415,83,418.7,557,1286,42830,2,1
21416,83,418.7,556.9,1286,42832,2,1
21417,83,418.7,556.8,1286,42834,2,1
21418,83,419.4,556.6,1286,42836,2,1
21419,83,420.1,556.3,1286,42838,2,1
21420,83,420.8,555.9,1286,42840,2,1
21421,83,421.6,555.7,1286,42842,2,1
21422,83,422.5,555.6,1286,42844,2,1
21423,83,423.3,555.7,1286,42846,2,1
21424,83,424,555.9,1286,42848,2,1
21425,83,424,556.3,1286,42850,2,1
21426,83,424.1,556.7,1286,42852,2,1
21427,83,424.1,557,1286,42854,2,1
21428,83,424.1,557.1,1286,42856,2,1
21429,83,424,557.2,1286,42858,2,1
21430,83,423.8,557.3,1286,42860,2,1
21431,83,423.6,557.3,1286,42862,2,1
21432,83,422.9,557.4,1287,42864,2,1
21433,83,422.1,557.4,1287,42866,2,1
21434,83,421.4,557.4,1287,42868,2,1
21435,83,420.7,557.1,1287,42870,2,1
21436,83,420.1,556.9,1287,42872,2,1
21437,83,419.6,556.7,1287,42874,2,1
21438,83,419.3,556.4,1287,42876,2,1
21439,83,419.5,556,1287,42878,2,1
21440,83,419.8,555.7,1287,42880,2,1
21441,83,420.7,555.3,1287,42882,2,1
21442,83,421.5,555.3,1287,42884,2,1
21443,83,422,555.3,1287,42886,2,1
21444,83,422.5,555.4,1287,42888,2,1
21445,83,422.9,555.5,1287,42890,2,1
21446,83,423.3,555.6,1287,42892,2,1
21447,83,423.6,555.8,1287,42894,2,1
21448,83,423.4,556,1287,42896,2,1
21449,83,423,556,1288,42898,2,1
21450,83,422.9,556,1288,42900,2,1
21451,83,422.8,556.1,1288,42902,2,1
21452,83,423.7,556.2,1288,42904,2,1
21453,83,425.2,555,1288,42906,2,1
21454,83,428,550.6,1288,42908,2,1
21455,83,434,542.3,1288,42910,2,1
21456,83,442,530.2,1288,42912,2,1
21457,83,452.9,515,1288,42914,2,1
21458,83,465.3,496.4,1288,42916,2,1
21459,83,478.1,473.8,1288,42918,2,1
21460,83,490.5,451.2,1288,42920,2,1
21461,83,501.6,431.5,1288,42922,2,1
21462,83,510.2,414.8,1288,42924,2,1
21463,83,516.7,401.2,1288,42926,2,1
21464,83,522.5,390.2,1288,42928,2,1
21465,83,527.9,382.5,1289,42930,2,1
21466,83,532.2,378.9,1289,42932,2,1
21467,83,537.4,376.4,1289,42934,2,1
21468,83,542.5,374.4,1289,42936,2,1
21469,83,546.9,373.3,1289,42938,2,1
21470,83,551.1,372.6,1289,42940,2,1
21471,83,552.5,372.4,1289,42942,2,1
21472,83,552.5,372,1289,42944,2,1
21473,83,552,371.5,1289,42946,2,1
21474,83,550.6,370.9,1289,42948,2,1
21475,83,549.3,369.9,1289,42950,2,1
21476,83,548.1,368.9,1289,42952,2,1
21477,83,547.1,367.3,1289,42954,2,1
21478,83,546.9,365.1,1289,42956,2,1
21479,83,546.9,363.1,1289,42958,2,1
21480,83,547.2,361.2,1289,42960,2,1
21481,83,547.5,359.6,1289,42962,2,1
21482,83,547.8,358.4,1290,42964,2,1
21483,83,548.1,357.8,1290,42966,2,1
21484,83,548.4,358,1290,42968,2,1
21485,83,548.6,358.5,1290,42970,2,1
21486,83,548.6,359,1290,42972,2,1
21487,83,548.5,359.6,1290,42974,2,1
21488,83,548.3,360.3,1290,42976,2,1
21489,83,548.1,361.4,1290,42978,2,1
21490,83,547.8,362,1290,42980,2,1
21491,83,547.7,362.4,1290,42982,2,1
21492,83,547.6,362.9,1290,42984,2,1
21493,83,547.7,362.9,1290,42986,2,1
21494,83,547.8,362.3,1290,42988,2,1
21495,83,548,361.6,1290,42990,2,1
21496,83,548.2,360.7,1290,42992,2,1
21497,83,548.4,359.9,1290,42994,2,1
21498,83,548.7,359.4,1290,42996,2,1
21499,83,548.9,359.1,1291,42998,2,1
21500,83,549.1,359.1,1291,43000,2,1
21501,83,549.2,359.3,1291,43002,2,1
21502,83,549.2,359.4,1291,43004,2,1
21503,83,549.4,359.5,1291,43006,2,1
21504,83,549.5,359.6,1291,43008,2,1
21505,83,550.1,359.7,1291,43010,2,1
21506,83,550.7,359.8,1291,43012,2,1
21507,83,551.2,359.8,1291,43014,2,1
21508,83,551.8,360,1291,43016,2,1
21509,83,552.3,360.2,1291,43018,2,1
21510,83,552.9,360.5,1291,43020,2,1
21511,83,553.4,360.4,1291,43022,2,1
21512,83,553.6,360.3,1291,43024,2,1
21513,83,553.7,360.3,1291,43026,2,1
21514,83,553.8,360,1291,43028,2,1
21515,83,553.9,359.5,1292,43030,2,1
21516,83,554,359.1,1292,43032,2,1
21517,83,554,358.7,1292,43034,2,1
21518,83,554,358.9,1292,43036,2,1
21519,83,554.1,359,1292,43038,2,1
21520,83,554.1,359.2,1292,43040,2,1
21521,83,554.1,359.6,1292,43042,2,1
21522,83,554.2,360,1292,43044,2,1
21523,83,554.2,360.5,1292,43046,2,1
21524,83,554.2,360.7,1292,43048,2,1
21525,83,554.2,360.9,1292,43050,2,1
21526,83,554.3,361,1292,43052,2,1
21527,83,554.3,361,1292,43054,2,1
21528,83,554.4,360.9,1292,43056,2,1
21529,83,554.5,360.6,1292,43058,2,1
21530,83,554.5,360.2,1292,43060,2,1
21531,83,554.4,359.9,1292,43062,2,1
21532,83,554.4,359.6,1293,43064,2,1
21533,83,554,359.6,1293,43066,2,1
21534,83,553.4,359.5,1293,43068,2,1
21535,83,552.8,359.4,1293,43070,2,1
21536,83,552.2,359.4,1293,43072,2,1
21537,83,551.7,359.7,1293,43074,2,1
21538,83,551.3,359.8,1293,43076,2,1
21539,83,550.8,359.8,1293,43078,2,1
21540,83,550.7,359.8,1293,43080,2,1
21541,83,550.7,359.8,1293,43082,2,1
21542,83,550.7,359.9,1293,43084,2,1
21543,83,550.7,359.9,1293,43086,2,1
21544,83,550.8,359.9,1293,43088,2,1
21545,83,551.3,359.7,1293,43090,2,1
21546,83,552,359.6,1293,43092,2,1
21547,83,552.6,359.5,1293,43094,2,1
21548,83,553.1,359.4,1293,43096,2,1
21549,83,553.7,359.3,1294,43098,2,1
21550,83,554.2,359.1,1294,43100,2,1
21551,83,554.7,359,1294,43102,2,1
21552,83,554.6,359.1,1294,43104,2,1
21553,83,554.6,359.2,1294,43106,2,1
21554,83,554.5,359.3,1294,43108,2,1
21555,83,554.4,359.4,1294,43110,2,1
21556,83,554.4,359.9,1294,43112,2,1
21557,83,554.4,360.2,1294,43114,2,1
21558,83,554.5,360.6,1294,43116,2,1
21559,83,555,360.8,1294,43118,2,1
21560,83,555.5,361.1,1294,43120,2,1
21561,83,556.1,361.3,1294,43122,2,1
21562,83,556.7,361.5,1294,43124,2,1
21563,83,557.7,361.6,1294,43126,2,1
21564,83,558.7,361.6,1294,43128,2,1
21565,83,559.6,361.6,1295,43130,2,1
21566,83,560.1,361.9,1295,43132,2,1
21567,83,560.6,362,1295,43134,2,1
21568,83,561,362,1295,43136,2,1
21569,83,561.1,362.1,1295,43138,2,1
21570,83,560.8,362.1,1295,43140,2,1
21571,83,560.4,362,1295,43142,2,1
21572,83,559.9,362.1,1295,43144,2,1
21573,83,559.5,362.1,1295,43146,2,1
21574,83,559.1,362.5,1295,43148,2,1
21575,83,558.9,362.9,1295,43150,2,1
21576,83,559.1,363.4,1295,43152,2,1
21577,83,559.4,363.9,1295,43154,2,1
21578,83,559.7,364.4,1295,43156,2,1
21579,83,560,365.1,1295,43158,2,1
21580,83,559.9,365.6,1295,43160,2,1
21581,83,559.9,365.6,1295,43162,2,1
21582,83,559.8,365.5,1296,43164,2,1
21583,83,559.5,365.3,1296,43166,2,1
21584,83,559.1,364.9,1296,43168,2,1
21585,83,558.7,364.7,1296,43170,2,1
21586,83,558.4,364.4,1296,43172,2,1
21587,83,558.3,364.5,1296,43174,2,1
21588,83,558.3,364.7,1296,43176,2,1
21589,83,558.2,364.8,1296,43178,2,1
21590,83,558.1,365,1296,43180,2,1
21591,83,558,365.5,1296,43182,2,1
21592,83,558.1,365.8,1296,43184,2,1
21593,83,558.1,366,1296,43186,2,1
21594,83,558.2,366.5,1296,43188,2,1
21595,83,558.3,366.9,1296,43190,2,1
21596,83,558.5,367.2,1296,43192,2,1
21597,83,558.7,367.5,1296,43194,2,1
21598,83,558.8,367.9,1296,43196,2,1
21599,83,558.9,368.3,1297,43198,2,1
21600,83,559.2,368.8,1297,43200,2,1
21601,83,559.4,369,1297,43202,2,1
21602,83,559.6,369.1,1297,43204,2,1
21603,83,559.9,369.1,1297,43206,2,1
21604,83,560.2,368.9,1297,43208,2,1
21605,83,560.7,368.7,1297,43210,2,1
21606,83,560.8,368.4,1297,43212,2,1
21607,83,560.9,368.1,1297,43214,2,1
21608,83,561,368,1297,43216,2,1
21609,83,561,367.7,1297,43218,2,1
21610,83,560.8,367.4,1297,43220,2,1
21611,83,560.4,367.5,1297,43222,2,1
21612,83,559.7,367.6,1297,43224,2,1
21613,83,559,367.9,1297,43226,2,1
21614,83,558.3,368.2,1297,43228,2,1
21615,83,557.5,368.5,1298,43230,2,1
21616,83,556.6,368.8,1298,43232,2,1
21617,83,555.9,368.9,1298,43234,2,1
21618,83,555.1,369,1298,43236,2,1
21619,83,554.7,368.9,1298,43238,2,1
21620,83,554.4,368.7,1298,43240,2,1
21621,83,554.2,368.4,1298,43242,2,1
21622,83,554.2,368.2,1298,43244,2,1
21623,83,554.3,368.6,1298,43246,2,1
21624,83,554.4,369.1,1298,43248,2,1
21625,83,554.6,369.7,1298,43250,2,1
21626,83,554.9,370,1298,43252,2,1
21627,83,555.1,370.3,1298,43254,2,1
21628,83,555.4,370.7,1298,43256,2,1
21629,83,555.7,370.9,1298,43258,2,1
21630,83,556.2,371.1,1298,43260,2,1
21631,83,556.6,371.3,1298,43262,2,1
21632,83,557,371.5,1299,43264,2,1
21633,83,557.3,371.7,1299,43266,2,1
21634,83,557.6,371.8,1299,43268,2,1
21635,83,557.9,371.5,1299,43270,2,1
21636,83,558,371.2,1299,43272,2,1
21637,83,557.9,370.7,1299,43274,2,1
21638,83,557.7,370.3,1299,43276,2,1
21639,83,557.5,369.9,1299,43278,2,1
21640,83,557.3,369.7,1299,43280,2,1
21641,83,557.1,369.6,1299,43282,2,1
21642,83,556.8,369.8,1299,43284,2,1
21643,83,556.6,369.9,1299,43286,2,1
21644,83,556.4,369.8,1299,43288,2,1
21645,83,556.3,369.6,1299,43290,2,1
21646,83,556.2,369.3,1299,43292,2,1
21647,83,556,369.9,1299,43294,2,1
21648,83,555.5,370.6,1300,43296,2,1
21649,83,555.1,371.3,1300,43298,2,1
21650,83,554.8,372,1300,43300,2,1
21651,83,554.5,372.8,1300,43302,2,1
21652,83,554.3,373.8,1300,43304,2,1
21653,83,554.2,374.6,1300,43306,2,1
21654,83,554.1,374.5,1300,43308,2,1
21655,83,554.4,374.3,1300,43310,2,1
21656,83,554.6,373.9,1300,43312,2,1
21657,83,554.9,373.6,1300,43314,2,1
21658,83,555.1,373.1,1300,43316,2,1
21659,83,555.5,372.6,1300,43318,2,1
21660,83,555.8,371.8,1300,43320,2,1
21661,83,556.2,371.1,1300,43322,2,1
21662,83,556.5,370.3,1300,43324,2,1
21663,83,556.9,369.7,1300,43326,2,1
21664,83,557.9,369.1,1300,43328,2,1
21665,83,558.7,368.6,1301,43330,2,1
21666,83,559.2,368.2,1301,43332,2,1
21667,83,559.6,368.1,1301,43334,2,1
21668,83,559.9,368,1301,43336,2,1
21669,83,559.8,368,1301,43338,2,1
21670,83,559.8,368.1,1301,43340,2,1
21671,83,559.3,368.3,1301,43342,2,1
21672,83,558.8,368.6,1301,43344,2,1
21673,83,558.6,368.7,1301,43346,2,1
21674,83,558.6,368.9,1301,43348,2,1
21675,83,558.6,369.3,1301,43350,2,1
21676,83,559,369.7,1301,43352,2,1
21677,83,558.9,370.2,1301,43354,2,1
21678,83,558.7,370.5,1301,43356,2,1
21679,83,558.5,370.6,1301,43358,2,1
21680,83,558.3,370.8,1301,43360,2,1
21681,83,558,371.1,1301,43362,2,1
21682,83,557.6,371.4,1302,43364,2,1
21683,83,557.1,371.6,1302,43366,2,1
21684,83,557,371.7,1302,43368,2,1
21685,83,556.9,371.9,1302,43370,2,1
21686,83,556.5,372.1,1302,43372,2,1
21687,83,556.2,372.4,1302,43374,2,1
21688,83,555.8,372.6,1302,43376,2,1
21689,83,555.4,372.8,1302,43378,2,1
21690,83,555.1,372.9,1302,43380,2,1
21691,83,554.8,373.1,1302,43382,2,1
21692,83,554.6,373.3,1302,43384,2,1
21693,83,554.5,373.3,1302,43386,2,1
21694,83,554.4,373.3,1302,43388,2,1
21695,83,554.5,373.1,1302,43390,2,1
21696,83,554.4,372.9,1302,43392,2,1
21697,83,554.2,372.7,1302,43394,2,1
21698,83,554.1,372.5,1303,43396,2,1
21699,83,553.9,372.3,1303,43398,2,1
21700,83,553.7,372.3,1303,43400,2,1
21701,83,553.9,372.2,1303,43402,2,1
21702,83,554.3,372,1303,43404,2,1
21703,83,554.7,371.7,1303,43406,2,1
21704,83,555.3,371.5,1303,43408,2,1
21705,83,555.9,371.5,1303,43410,2,1
21706,83,556.4,371.7,1303,43412,2,1
21707,83,556.9,371.9,1303,43414,2,1
21708,83,557,372.1,1303,43416,2,1
21709,83,556.9,372.4,1303,43418,2,1
21710,83,556.8,372.5,1303,43420,2,1
21711,83,556.7,372.4,1303,43422,2,1
21712,83,556.7,372.2,1303,43424,2,1
21713,83,556.8,371.7,1303,43426,2,1
21714,83,556.9,371.2,1303,43428,2,1
21715,83,557,370.7,1304,43430,2,1
21716,83,556.6,370.4,1304,43432,2,1
21717,83,556.1,370.2,1304,43434,2,1
21718,83,555.5,369.9,1304,43436,2,1
21719,83,554.9,369.7,1304,43438,2,1
21720,83,554.3,369.8,1304,43440,2,1
21721,83,553.8,370.1,1304,43442,2,1
21722,83,553.4,370.7,1304,43444,2,1
21723,83,553.5,371.2,1304,43446,2,1
21724,83,553.7,371.7,1304,43448,2,1
21725,83,554,372,1304,43450,2,1
21726,83,554.4,372,1304,43452,2,1
21727,83,554.6,372,1304,43454,2,1
21728,83,554.9,371.9,1304,43456,2,1
21729,83,555.1,371.7,1304,43458,2,1
21730,83,555.2,371.5,1304,43460,2,1
21731,83,555.1,371.3,1304,43462,2,1
21732,83,554.9,371.6,1305,43464,2,1
21733,83,554.6,372,1305,43466,2,1
21734,83,554.4,372.3,1305,43468,2,1
21735,83,554.1,372.6,1305,43470,2,1
21736,83,553.8,372.9,1305,43472,2,1
21737,83,553.6,373,1305,43474,2,1
21738,83,553.5,373,1305,43476,2,1
21739,83,553.9,372.6,1305,43478,2,1
21740,83,554.3,372.3,1305,43480,2,1
21741,83,554.8,372.1,1305,43482,2,1
21742,83,555.3,371.9,1305,43484,2,1
21743,83,555.8,371.9,1305,43486,2,1
21744,83,556.2,372,1305,43488,2,1
21745,83,556.6,372.2,1305,43490,2,1
21746,83,556.5,372.6,1305,43492,2,1
21747,83,556.3,373,1305,43494,2,1
21748,83,556.1,373.5,1306,43496,2,1
21749,83,555.9,373.9,1306,43498,2,1
21750,83,555.6,374,1306,43500,2,1
21751,83,555.3,374,1306,43502,2,1
21752,83,554.9,373.8,1306,43504,2,1
21753,83,554.6,373.5,1306,43506,2,1
21754,83,554.1,373.1,1306,43508,2,1
21755,83,553.5,372.7,1306,43510,2,1
21756,83,552.8,372.3,1306,43512,2,1
21757,83,552.1,372.2,1306,43514,2,1
21758,83,551.6,372.2,1306,43516,2,1
21759,83,551.2,372.2,1306,43518,2,1
21760,83,550.9,372.4,1306,43520,2,1
21761,83,551,372.8,1306,43522,2,1
21762,83,551.6,373,1306,43524,2,1
21763,83,552.6,373.2,1306,43526,2,1
21764,83,553.5,373.2,1306,43528,2,1
21765,83,554.3,373.4,1307,43530,2,1
21766,83,555,373.4,1307,43532,2,1
21767,83,555.5,373.4,1307,43534,2,1
21768,83,555.9,373.2,1307,43536,2,1
21769,83,555.9,373.2,1307,43538,2,1
21770,83,555.7,373.6,1307,43540,2,1
21771,83,555.6,374.2,1307,43542,2,1
21772,83,555.6,375,1307,43544,2,1
21773,83,555.8,375.7,1307,43546,2,1
21774,83,556,376.3,1307,43548,2,1
21775,83,556.3,376.9,1307,43550,2,1
21776,83,556.7,377.4,1307,43552,2,1
21777,83,557.1,377.3,1307,43554,2,1
21778,83,557.5,376.9,1307,43556,2,1
21779,83,557.7,376.3,1307,43558,2,1
21780,83,558,375.6,1307,43560,2,1
21781,83,558.1,375,1307,43562,2,1
21782,83,558.2,374.5,1308,43564,2,1
21783,83,558,374.3,1308,43566,2,1
21784,83,557.8,374.1,1308,43568,2,1
21785,83,557.5,374.2,1308,43570,2,1
21786,83,557.2,374.6,1308,43572,2,1
21787,83,556.9,375.1,1308,43574,2,1
21788,83,556.7,375.7,1308,43576,2,1
21789,83,556.6,376.4,1308,43578,2,1
21790,83,556.5,377,1308,43580,2,1
21791,83,556.4,377.5,1308,43582,2,1
21792,83,556.5,377.6,1308,43584,2,1
21793,83,556.5,377.6,1308,43586,2,1
21794,83,556.5,377.6,1308,43588,2,1
21795,83,556.5,377.7,1308,43590,2,1
21796,83,556.5,377.8,1308,43592,2,1
21797,83,556.4,377.9,1308,43594,2,1
21798,83,556.6,378.2,1309,43596,2,1
21799,83,557.2,379.3,1309,43598,2,1
21800,83,559.5,380.1,1309,43600,2,1
21801,83,563.5,380.3,1309,43602,2,1
21802,83,569.3,380.2,1309,43604,2,1
21803,83,578.2,379.8,1309,43606,2,1
21804,83,589.6,379.2,1309,43608,2,1
21805,83,602.9,378.3,1309,43610,2,1
21806,83,617.6,376.3,1309,43612,2,1
21807,83,632,374.3,1309,43614,2,1
21808,83,646.2,372.6,1309,43616,2,1
21809,83,658.8,371.6,1309,43618,2,1
21810,83,669.3,372,1309,43620,2,1
21811,83,677.2,372.6,1309,43622,2,1
21812,83,684.1,373.3,1309,43624,2,1
21813,83,689.5,374.2,1309,43626,2,1
21814,83,693.6,375,1309,43628,2,1
21815,83,696,375.8,1310,43630,2,1
21816,83,698.3,376.4,1310,43632,2,1
21817,83,699.7,376.1,1310,43634,2,1
21818,83,701.2,376,1310,43636,2,1
21819,83,701.5,376.1,1310,43638,2,1
21820,83,701.4,376.5,1310,43640,2,1
21821,83,701.5,376.8,1310,43642,2,1
21822,83,701.6,377.1,1310,43644,2,1
21823,83,701.9,377.8,1310,43646,2,1
21824,83,702.5,378.7,1310,43648,2,1
21825,83,703,379.8,1310,43650,2,1
21826,83,703.6,380.6,1310,43652,2,1
21827,83,704,381.1,1310,43654,2,1
21828,83,704.4,381.5,1310,43656,2,1
21829,83,704.7,382,1310,43658,2,1
21830,83,704.9,382,1310,43660,2,1
21831,83,704.9,381.9,1310,43662,2,1
21832,83,704.9,381.7,1311,43664,2,1
21833,83,704.9,381.3,1311,43666,2,1
21834,83,705,381.1,1311,43668,2,1
21835,83,705,380.8,1311,43670,2,1
21836,83,704.9,380.6,1311,43672,2,1
21837,83,704.7,380.4,1311,43674,2,1
21838,83,704.5,380.2,1311,43676,2,1
21839,83,704.3,380.1,1311,43678,2,1
21840,83,704,380.1,1311,43680,2,1
21841,83,703.8,380,1311,43682,2,1
21842,83,703.7,379.9,1311,43684,2,1
21843,83,703.7,380,1311,43686,2,1
21844,83,703.8,380.4,1311,43688,2,1
21845,83,704,380.7,1311,43690,2,1
21846,83,704.2,381,1311,43692,2,1
21847,83,704.4,381.2,1311,43694,2,1
21848,83,704.6,381.5,1312,43696,2,1
21849,83,704.8,381.9,1312,43698,2,1
21850,83,705,382.2,1312,43700,2,1
21851,83,705.2,382.6,1312,43702,2,1
21852,83,705.4,382.9,1312,43704,2,1
21853,83,705.5,383.2,1312,43706,2,1
21854,83,705.6,383.5,1312,43708,2,1
21855,83,705.4,383.5,1312,43710,2,1
21856,83,705.2,383.5,1312,43712,2,1
21857,83,704.9,383.5,1312,43714,2,1
21858,83,704.6,383.4,1312,43716,2,1
21859,83,704.3,383.1,1312,43718,2,1
21860,83,704.1,382.9,1312,43720,2,1
21861,83,703.8,383,1312,43722,2,1
21862,83,703.8,383.2,1312,43724,2,1
21863,83,703.7,383.3,1312,43726,2,1
21864,83,703.6,383.5,1312,43728,2,1
21865,83,703.6,383.7,1313,43730,2,1
21866,83,703.5,384,1313,43732,2,1
21867,83,703.5,384.3,1313,43734,2,1
21868,83,703.5,384.4,1313,43736,2,1
21869,83,703.5,384.5,1313,43738,2,1
21870,83,703.5,384.6,1313,43740,2,1
21871,83,703.5,384.6,1313,43742,2,1
21872,83,703.4,384.6,1313,43744,2,1
21873,83,703.3,384.2,1313,43746,2,1
21874,83,703.1,383.9,1313,43748,2,1
21875,83,702.7,383.2,1313,43750,2,1
21876,83,702.4,382.5,1313,43752,2,1
21877,83,702.1,381.6,1313,43754,2,1
21878,83,701.8,380.9,1313,43756,2,1
21879,83,701.5,380.4,1313,43758,2,1
21880,83,701.4,380.4,1313,43760,2,1
21881,83,701.8,380.5,1313,43762,2,1
21882,83,702.5,380.7,1314,43764,2,1
21883,83,703.3,380.9,1314,43766,2,1
21884,83,704,381.3,1314,43768,2,1
21885,83,704.7,381.8,1314,43770,2,1
21886,83,705.4,382.3,1314,43772,2,1
21887,83,706,382.6,1314,43774,2,1
21888,83,705.9,384.1,1314,43776,2,1
21889,83,705.8,385.4,1314,43778,2,1
21890,83,705.3,386.6,1314,43780,2,1
21891,83,704.8,387.7,1314,43782,2,1
21892,83,704.3,388.6,1314,43784,2,1
21893,83,703.8,389.5,1314,43786,2,1
21894,83,703.3,390.4,1314,43788,2,1
21895,83,703,389.9,1314,43790,2,1
21896,83,702.8,389.5,1314,43792,2,1
21897,83,703,389,1314,43794,2,1
21898,83,703.3,388.4,1315,43796,2,1
21899,83,703.8,387.9,1315,43798,2,1
21900,83,704.3,387.3,1315,43800,2,1
21901,83,704.8,386.9,1315,43802,2,1
21902,83,705.4,386.9,1315,43804,2,1
21903,83,705.8,386.8,1315,43806,2,1
21904,83,706.1,386.8,1315,43808,2,1
21905,83,706.4,386.8,1315,43810,2,1
21906,83,706.6,386.8,1315,43812,2,1
21907,83,707.1,386.6,1315,43814,2,1
21908,83,707.5,386.3,1315,43816,2,1
21909,83,707.9,386,1315,43818,2,1
21910,83,708.3,385.9,1315,43820,2,1
21911,83,708.8,385.9,1315,43822,2,1
21912,83,709.2,386.1,1315,43824,2,1
21913,83,709.5,386.6,1315,43826,2,1
21914,83,709.6,387.3,1315,43828,2,1
21915,83,709.5,387.9,1316,43830,2,1
21916,83,709.5,388.4,1316,43832,2,1
21917,83,709.2,389,1316,43834,2,1
21918,83,708.9,389.6,1316,43836,2,1
21919,83,708.5,390,1316,43838,2,1
21920,83,708.1,389.9,1316,43840,2,1
21921,83,707.9,389.6,1316,43842,2,1
21922,83,707.7,389.3,1316,43844,2,1
21923,83,707.8,388.9,1316,43846,2,1
21924,83,708.2,388.5,1316,43848,2,1
21925,83,708.6,388,1316,43850,2,1
21926,83,709.2,387.5,1316,43852,2,1
21927,83,709.7,387,1316,43854,2,1
21928,83,710.2,386.8,1316,43856,2,1
21929,83,710.7,386.7,1316,43858,2,1
21930,83,710.9,386.6,1316,43860,2,1
21931,83,711.1,386.5,1316,43862,2,1
21932,83,711.4,386.5,1317,43864,2,1
21933,83,711.6,387,1317,43866,2,1
21934,83,711.8,387.6,1317,43868,2,1
21935,83,711.9,388,1317,43870,2,1
21936,83,712,388.7,1317,43872,2,1
21937,83,712,389.4,1317,43874,2,1
21938,83,711.6,390.1,1317,43876,2,1
21939,83,711.2,390.9,1317,43878,2,1
21940,83,710.8,391.3,1317,43880,2,1
21941,83,710.5,391.6,1317,43882,2,1
21942,83,710.4,391.8,1317,43884,2,1
21943,83,710.5,392,1317,43886,2,1
21944,83,710.6,392,1317,43888,2,1
21945,83,711.1,391.9,1317,43890,2,1
21946,83,711.5,391.8,1317,43892,2,1
21947,83,711.8,391.6,1317,43894,2,1
21948,83,712.1,391.5,1318,43896,2,1
21949,83,712.2,391.4,1318,43898,2,1
21950,83,712.5,391.3,1318,43900,2,1
21951,83,712.8,391.2,1318,43902,2,1
21952,83,713.1,391.1,1318,43904,2,1
21953,83,713.5,391,1318,43906,2,1
21954,83,713.9,390.9,1318,43908,2,1
21955,83,714.5,390.2,1318,43910,2,1
21956,83,715,389.6,1318,43912,2,1
21957,83,715.3,388.9,1318,43914,2,1
21958,83,715.5,388.2,1318,43916,2,1
21959,83,715.7,387.6,1318,43918,2,1
21960,83,715.8,387.1,1318,43920,2,1
21961,83,715.9,386.6,1318,43922,2,1
21962,83,715.7,387.1,1318,43924,2,1
21963,83,715.6,387.8,1318,43926,2,1
21964,83,715.4,388.9,1318,43928,2,1
21965,83,715.3,390,1319,43930,2,1
21966,83,715.3,391.1,1319,43932,2,1
21967,83,715.3,392.1,1319,43934,2,1
21968,83,715.2,392.9,1319,43936,2,1
21969,83,715.2,393.2,1319,43938,2,1
21970,83,715.2,393.1,1319,43940,2,1
21971,83,715.2,393.1,1319,43942,2,1
21972,83,715.3,392.8,1319,43944,2,1
21973,83,715.4,392.5,1319,43946,2,1
21974,83,715.5,392,1319,43948,2,1
21975,83,715.7,391.6,1319,43950,2,1
21976,83,715.8,391.2,1319,43952,2,1
21977,83,716,391.2,1319,43954,2,1
21978,83,716.1,391.2,1319,43956,2,1
21979,83,716.1,391.3,1319,43958,2,1
21980,83,715.9,391.6,1319,43960,2,1
21981,83,715.6,392,1319,43962,2,1
21982,83,715.3,392.5,1320,43964,2,1
21983,83,715,393,1320,43966,2,1
21984,83,714.7,393.3,1320,43968,2,1
21985,83,714.4,393.3,1320,43970,2,1
21986,83,714.1,393.2,1320,43972,2,1
21987,83,714.1,393,1320,43974,2,1
21988,83,714.1,392.8,1320,43976,2,1
21989,83,713.4,392.7,1320,43978,2,1
21990,83,712.8,392.7,1320,43980,2,1
21991,83,712.2,392.8,1320,43982,2,1
21992,83,711.6,392.9,1320,43984,2,1
21993,83,711.1,393.2,1320,43986,2,1
21994,83,711,393.5,1320,43988,2,1
21995,83,711.1,394,1320,43990,2,1
21996,83,711.8,394.1,1320,43992,2,1
21997,83,712.5,394.1,1320,43994,2,1
21998,83,713.3,394.1,1321,43996,2,1
21999,83,714.1,394.2,1321,43998,2,1
22000,83,714.8,394.5,1321,44000,2,1
22001,83,714.8,394.8,1321,44002,2,1
22002,83,714.6,395,1321,44004,2,1
22003,83,714.3,395.2,1321,44006,2,1
22004,83,714.1,395.5,1321,44008,2,1
22005,83,713.6,395.8,1321,44010,2,1
22006,83,713.1,395.9,1321,44012,2,1
22007,83,712.2,395.7,1321,44014,2,1
22008,83,711.7,395.4,1321,44016,2,1
22009,83,711.1,395.2,1321,44018,2,1
22010,83,710.6,395,1321,44020,2,1
22011,83,710.2,394.8,1321,44022,2,1
22012,83,710,394.6,1321,44024,2,1
22013,83,710,394.6,1321,44026,2,1
22014,83,710.4,394.8,1321,44028,2,1
22015,83,710.8,395,1322,44030,2,1
22016,83,711.2,395.2,1322,44032,2,1
22017,83,711.6,395.5,1322,44034,2,1
22018,83,712,395.9,1322,44036,2,1
22019,83,712.1,396.3,1322,44038,2,1
22020,83,711.6,396.4,1322,44040,2,1
22021,83,711.1,396.3,1322,44042,2,1
22022,83,710.5,396.1,1322,44044,2,1
22023,83,710.4,396,1322,44046,2,1
22024,83,710.6,395.8,1322,44048,2,1
22025,83,710.9,395.6,1322,44050,2,1
22026,83,711.4,395.5,1322,44052,2,1
22027,83,712.3,395.3,1322,44054,2,1
22028,83,713.1,395.4,1322,44056,2,1
22029,83,713.8,395.6,1322,44058,2,1
22030,83,714,395.7,1322,44060,2,1
22031,83,713.9,395.7,1322,44062,2,1
22032,83,713.7,395.8,1323,44064,2,1
22033,83,713.5,395.8,1323,44066,2,1
22034,83,713.4,395.8,1323,44068,2,1
22035,83,713.3,395.7,1323,44070,2,1
22036,83,713.4,395.8,1323,44072,2,1
22037,83,713.5,395.9,1323,44074,2,1
22038,83,713.5,396.1,1323,44076,2,1
22039,83,713.6,395.7,1323,44078,2,1
22040,83,713.7,395,1323,44080,2,1
22041,83,713.8,394.2,1323,44082,2,1
22042,83,714,393.4,1323,44084,2,1
22043,83,714.1,392.6,1323,44086,2,1
22044,83,714.3,392,1323,44088,2,1
22045,83,714.5,392.1,1323,44090,2,1
22046,83,714.7,392.3,1323,44092,2,1
22047,83,714.8,393,1323,44094,2,1
22048,83,714.7,393.7,1324,44096,2,1
22049,83,714.6,394.6,1324,44098,2,1
22050,83,714.4,395.6,1324,44100,2,1
22051,83,714.2,396.6,1324,44102,2,1
22052,83,714,396.8,1324,44104,2,1
22053,83,713.9,396.9,1324,44106,2,1
22054,83,714,396.9,1324,44108,2,1
22055,83,714.3,396.8,1324,44110,2,1
22056,83,714.8,396.4,1324,44112,2,1
22057,83,715.2,396.2,1324,44114,2,1
22058,83,715.6,396.1,1324,44116,2,1
22059,83,716.1,396.1,1324,44118,2,1
22060,83,716.5,396.1,1324,44120,2,1
22061,83,716.7,396.1,1324,44122,2,1
22062,83,716.9,396.3,1324,44124,2,1
22063,83,717,396.7,1324,44126,2,1
22064,83,717,397.5,1324,44128,2,1
22065,83,716.9,398.1,1325,44130,2,1
22066,83,716.9,398.7,1325,44132,2,1
22067,83,716.9,399.1,1325,44134,2,1
22068,83,717,399.4,1325,44136,2,1
22069,83,717.1,399.7,1325,44138,2,1
22070,83,717.2,399.8,1325,44140,2,1
22071,83,717.4,399.5,1325,44142,2,1
22072,83,717.7,399.2,1325,44144,2,1
22073,83,717.9,398.9,1325,44146,2,1
22074,83,718.1,398.7,1325,44148,2,1
22075,83,718.3,398.7,1325,44150,2,1
22076,83,718.3,398.8,1325,44152,2,1
22077,83,718.3,398.9,1325,44154,2,1
22078,83,718.1,399,1325,44156,2,1
22079,83,717.8,399,1325,44158,2,1
22080,83,717.4,399.1,1325,44160,2,1
22081,83,717,399.3,1325,44162,2,1
22082,83,716.5,399.3,1326,44164,2,1
22083,83,716,399.4,1326,44166,2,1
22084,83,715.5,399.1,1326,44168,2,1
22085,83,715,398.6,1326,44170,2,1
22086,83,714.6,398.1,1326,44172,2,1
22087,83,714.3,397.7,1326,44174,2,1
22088,83,713.6,397.2,1326,44176,2,1
22089,83,713.1,397.1,1326,44178,2,1
22090,83,712.6,397,1326,44180,2,1
22091,83,712.2,397.3,1326,44182,2,1
22092,83,712.1,397.6,1326,44184,2,1
22093,83,711.9,398,1326,44186,2,1
22094,83,711.6,398.4,1326,44188,2,1
22095,83,711.6,398.6,1326,44190,2,1
22096,83,711.4,398.5,1326,44192,2,1
22097,83,711.2,398.5,1326,44194,2,1
22098,83,711.2,398.5,1327,44196,2,1
22099,83,711.1,398.7,1327,44198,2,1
22100,83,711.1,399.2,1327,44200,2,1
22101,83,711.1,399.6,1327,44202,2,1
22102,83,711.2,400,1327,44204,2,1
22103,83,711.2,400.3,1327,44206,2,1
22104,83,711.2,400.7,1327,44208,2,1
22105,83,711,401,1327,44210,2,1
22106,83,710.8,401,1327,44212,2,1
22107,83,710.6,400.7,1327,44214,2,1
22108,83,710.6,400.4,1327,44216,2,1
22109,83,710.6,400,1327,44218,2,1
22110,83,710.7,399.5,1327,44220,2,1
22111,83,710.9,398.9,1327,44222,2,1
22112,83,711.1,398.4,1327,44224,2,1
22113,83,711.7,398,1327,44226,2,1
22114,83,712.2,397.8,1327,44228,2,1
22115,83,712.6,397.6,1328,44230,2,1
22116,83,713.1,397.4,1328,44232,2,1
22117,83,713.5,397.2,1328,44234,2,1
22118,83,713.7,397.2,1328,44236,2,1
22119,83,713.4,397.2,1328,44238,2,1
22120,83,712.9,397.4,1328,44240,2,1
22121,83,712.2,397.7,1328,44242,2,1
22122,83,711.6,398.1,1328,44244,2,1
22123,83,711,398.4,1328,44246,2,1
22124,83,711.1,398.7,1328,44248,2,1
22125,83,711.4,399.1,1328,44250,2,1
22126,83,712,399.4,1328,44252,2,1
22127,83,712.6,399.9,1328,44254,2,1
22128,83,713,400.4,1328,44256,2,1
22129,83,713.4,400.9,1328,44258,2,1
22130,83,713.7,401.6,1328,44260,2,1
22131,83,713.4,402,1328,44262,2,1
22132,83,713,402.4,1329,44264,2,1
22133,83,712.8,402.7,1329,44266,2,1
22134,83,712.5,402.8,1329,44268,2,1
22135,83,712.6,403,1329,44270,2,1
22136,83,712.8,403.2,1329,44272,2,1
22137,83,713.2,403.3,1329,44274,2,1
22138,83,713.4,403.5,1329,44276,2,1
22139,83,713.7,403.4,1329,44278,2,1
22140,83,714,403,1329,44280,2,1
22141,83,714.2,402.5,1329,44282,2,1
22142,83,714,402.2,1329,44284,2,1
22143,83,713.6,401.8,1329,44286,2,1
22144,83,713.2,401.4,1329,44288,2,1
22145,83,712.8,401,1329,44290,2,1
22146,83,712.5,400.7,1329,44292,2,1
22147,83,712.3,400.5,1329,44294,2,1
22148,83,712.5,400.3,1330,44296,2,1
22149,83,713,400.1,1330,44298,2,1
22150,83,713.6,399.9,1330,44300,2,1
22151,83,714.3,399.7,1330,44302,2,1
22152,83,714.9,399.5,1330,44304,2,1
22153,83,715.4,399.6,1330,44306,2,1
22154,83,715.7,399.6,1330,44308,2,1
22155,83,715.7,399.6,1330,44310,2,1
22156,83,715.7,399.6,1330,44312,2,1
22157,83,715.5,399.6,1330,44314,2,1
22158,83,715.4,399.7,1330,44316,2,1
22159,83,715.2,400,1330,44318,2,1
22160,83,715,400.7,1330,44320,2,1
22161,83,714.8,401.5,1330,44322,2,1
22162,83,714.6,402,1330,44324,2,1
22163,83,714.5,402.5,1330,44326,2,1
22164,83,714.4,402.9,1330,44328,2,1
22165,83,714.4,403.4,1331,44330,2,1
22166,83,714.3,403.4,1331,44332,2,1
22167,83,714.3,402.4,1331,44334,2,1
22168,83,714.2,401.6,1331,44336,2,1
22169,83,714.1,400.7,1331,44338,2,1
22170,83,714,400,1331,44340,2,1
22171,83,714,399.4,1331,44342,2,1
22172,83,713.9,398.8,1331,44344,2,1
22173,83,713.8,398.4,1331,44346,2,1
22174,83,713.8,398.4,1331,44348,2,1
22175,83,713.9,398.5,1331,44350,2,1
22176,83,714.1,398.9,1331,44352,2,1
22177,83,714.4,399.2,1331,44354,2,1
22178,83,714.7,399.5,1331,44356,2,1
22179,83,715.2,399.7,1331,44358,2,1
22180,83,715.6,400.2,1331,44360,2,1
22181,83,716.1,400.6,1331,44362,2,1
22182,83,716,400.9,1332,44364,2,1
22183,83,715.6,400.9,1332,44366,2,1
22184,83,715.1,401.2,1332,44368,2,1
22185,83,715,401.6,1332,44370,2,1
22186,83,715,402.1,1332,44372,2,1
22187,83,716.5,402.6,1332,44374,2,1
22188,83,719.2,402.9,1332,44376,2,1
22189,83,725.6,404.9,1332,44378,2,1
22190,83,736,408.5,1332,44380,2,1
22191,83,751.2,414.4,1332,44382,2,1
22192,83,770.9,421.8,1332,44384,2,1
22193,83,794.6,430.4,1332,44386,2,1
22194,83,822.4,439.3,1332,44388,2,1
22195,83,853.6,448.6,1332,44390,2,1
22196,83,883.1,458.2,1332,44392,2,1
22197,83,913.4,467.2,1332,44394,2,1
22198,83,941.5,474.4,1333,44396,2,1
22199,83,967.3,481.3,1333,44398,2,1
22200,83,991.7,487.7,1333,44400,2,1
22201,83,1013.6,495,1333,44402,2,1
22202,83,1034.9,502.5,1333,44404,2,1
22203,83,1056.9,507.7,1333,44406,2,1
22204,83,1075.7,512.6,1333,44408,2,1
22205,83,1092.2,517.4,1333,44410,2,1
22206,83,1106.2,520.9,1333,44412,2,1
22207,83,1118,523.6,1333,44414,2,1
22208,83,1126.4,525.1,1333,44416,2,1
22209,83,1130.9,526.1,1333,44418,2,1
22210,83,1133.2,527.4,1333,44420,2,1
22211,83,1134.2,528,1333,44422,2,1
22212,83,1135.2,528.2,1333,44424,2,1
22213,83,1136.9,528.3,1333,44426,2,1
22214,83,1138.1,528.8,1333,44428,2,1
22215,83,1140,529.4,1334,44430,2,1
22216,83,1142.1,529.9,1334,44432,2,1
22217,83,1144.1,530.6,1334,44434,2,1
22218,83,1146.1,531.1,1334,44436,2,1
22219,83,1147.7,531.4,1334,44438,2,1
22220,83,1148.5,531.8,1334,44440,2,1
22221,83,1149.1,531.8,1334,44442,2,1
22222,83,1149.1,531.9,1334,44444,2,1
22223,83,1148.9,532.1,1334,44446,2,1
22224,83,1148.7,532.2,1334,44448,2,1
22225,83,1148.5,532.3,1334,44450,2,1
22226,83,1148.3,532.3,1334,44452,2,1
22227,83,1148.2,532.3,1334,44454,2,1
22228,83,1148,532.5,1334,44456,2,1
22229,83,1147.8,532.7,1334,44458,2,1
22230,83,1147.6,533,1334,44460,2,1
22231,83,1147.5,533.5,1334,44462,2,1
22232,83,1147.4,534.2,1335,44464,2,1
22233,83,1147.5,535.1,1335,44466,2,1
22234,83,1147.8,535.8,1335,44468,2,1
22235,83,1148.1,536.4,1335,44470,2,1
22236,83,1148.8,536.5,1335,44472,2,1
22237,83,1149.5,536.6,1335,44474,2,1
22238,83,1150.2,536.6,1335,44476,2,1
22239,83,1150.8,536.3,1335,44478,2,1
22240,83,1151.1,535.4,1335,44480,2,1
22241,83,1151.3,534.6,1335,44482,2,1
22242,83,1151.2,534,1335,44484,2,1
22243,83,1150.8,533.9,1335,44486,2,1
22244,83,1150.3,533.6,1335,44488,2,1
22245,83,1149.8,533.4,1335,44490,2,1
22246,83,1149.4,533.3,1335,44492,2,1
22247,83,1149.4,533.4,1335,44494,2,1
22248,83,1149.6,533.5,1336,44496,2,1
22249,83,1150,534.5,1336,44498,2,1
22250,83,1150.9,535.4,1336,44500,2,1
22251,83,1151.8,536.1,1336,44502,2,1
22252,83,1152.7,536.7,1336,44504,2,1
22253,83,1153.5,537.2,1336,44506,2,1
22254,83,1154.1,537.6,1336,44508,2,1
22255,83,1154.3,537.8,1336,44510,2,1
22256,83,1154.2,537.1,1336,44512,2,1
22257,83,1153.7,536.4,1336,44514,2,1
22258,83,1153.1,535.9,1336,44516,2,1
22259,83,1152.6,535.3,1336,44518,2,1
22260,83,1152,534.7,1336,44520,2,1
22261,83,1151.5,534.1,1336,44522,2,1
22262,83,1151.4,533.6,1336,44524,2,1
22263,83,1151.1,533.4,1336,44526,2,1
22264,83,1150.7,533.4,1336,44528,2,1
22265,83,1150.4,533.3,1337,44530,2,1
22266,83,1150.1,533.4,1337,44532,2,1
22267,83,1150,533.5,1337,44534,2,1
22268,83,1150,533.6,1337,44536,2,1
22269,83,1150,533.8,1337,44538,2,1
22270,83,1150,533.9,1337,44540,2,1
22271,83,1150.2,534,1337,44542,2,1
22272,83,1150.1,534.2,1337,44544,2,1
22273,83,1150.1,534.5,1337,44546,2,1
22274,83,1150.1,534.8,1337,44548,2,1
22275,83,1150.2,535.1,1337,44550,2,1
22276,83,1150.4,535.4,1337,44552,2,1
22277,83,1150.6,535.7,1337,44554,2,1
22278,83,1150.8,535.7,1337,44556,2,1
22279,83,1151.3,535.4,1337,44558,2,1
22280,83,1151.6,534.6,1337,44560,2,1
22281,83,1151.7,534,1337,44562,2,1
22282,83,1151.7,533.3,1338,44564,2,1
22283,83,1151.9,532.6,1338,44566,2,1
22284,83,1152,532,1338,44568,2,1
22285,83,1152.2,531.6,1338,44570,2,1
22286,83,1152.4,531.4,1338,44572,2,1
22287,83,1152.5,531.7,1338,44574,2,1
22288,83,1152.7,531.9,1338,44576,2,1
22289,83,1152.9,532.2,1338,44578,2,1
22290,83,1152.8,532.6,1338,44580,2,1
22291,83,1152.7,532.9,1338,44582,2,1
22292,83,1152.7,533.4,1338,44584,2,1
22293,83,1152.8,533.9,1338,44586,2,1
22294,83,1152.9,534.3,1338,44588,2,1
22295,83,1153,534.8,1338,44590,2,1
22296,83,1153.1,535.3,1338,44592,2,1
22297,83,1153.1,535.7,1338,44594,2,1
22298,83,1153.2,536,1339,44596,2,1
22299,83,1153,536.1,1339,44598,2,1
22300,83,1152.7,536.1,1339,44600,2,1
22301,83,1152.4,536.1,1339,44602,2,1
22302,83,1152.2,536.1,1339,44604,2,1
22303,83,1151.9,536.3,1339,44606,2,1
22304,83,1151.6,536.5,1339,44608,2,1
22305,83,1151.5,536.7,1339,44610,2,1
22306,83,1151.8,536.7,1339,44612,2,1
22307,83,1152,537.1,1339,44614,2,1
22308,83,1152.1,537.4,1339,44616,2,1
22309,83,1152,537.5,1339,44618,2,1
22310,83,1151.9,537.4,1339,44620,2,1
22311,83,1151.7,536.9,1339,44622,2,1
22312,83,1151.5,536.5,1339,44624,2,1
22313,83,1151.1,536,1339,44626,2,1
22314,83,1150.9,535.3,1339,44628,2,1
22315,83,1150.9,534.6,1340,44630,2,1
22316,83,1151.1,533.9,1340,44632,2,1
22317,83,1151.4,533.4,1340,44634,2,1
22318,83,1151.6,533.3,1340,44636,2,1
22319,83,1151.9,533.3,1340,44638,2,1
22320,83,1152.1,533.2,1340,44640,2,1
22321,83,1152.1,533.3,1340,44642,2,1
22322,83,1152,533.1,1340,44644,2,1
22323,83,1151.8,533,1340,44646,2,1
22324,83,1151.7,532.9,1340,44648,2,1
22325,83,1151.7,532.8,1340,44650,2,1
22326,83,1151.2,532.8,1340,44652,2,1
22327,83,1150.7,532.8,1340,44654,2,1
22328,83,1150.2,532.8,1340,44656,2,1
22329,83,1149.9,533,1340,44658,2,1
22330,83,1149.8,533.2,1340,44660,2,1
22331,83,1149.7,533.5,1340,44662,2,1
22332,83,1149.7,534.2,1341,44664,2,1
22333,83,1150.1,534.7,1341,44666,2,1
22334,83,1150.5,535.3,1341,44668,2,1
22335,83,1150.9,535.6,1341,44670,2,1
22336,83,1151.2,535.8,1341,44672,2,1
22337,83,1151.2,536.1,1341,44674,2,1
22338,83,1151.2,536.5,1341,44676,2,1
22339,83,1151.3,536.2,1341,44678,2,1
22340,83,1151.4,535.9,1341,44680,2,1
22341,83,1151.6,535.6,1341,44682,2,1
22342,83,1151.7,535.6,1341,44684,2,1
22343,83,1151.9,535.7,1341,44686,2,1
22344,83,1152.2,535.9,1341,44688,2,1
22345,83,1152.5,536,1341,44690,2,1
22346,83,1152.6,536.2,1341,44692,2,1
22347,83,1152.9,536.4,1341,44694,2,1
22348,83,1153.3,536.6,1342,44696,2,1
22349,83,1153.7,536.8,1342,44698,2,1
22350,83,1154.1,536.8,1342,44700,2,1
22351,83,1154.4,536.7,1342,44702,2,1
22352,83,1154.6,536.6,1342,44704,2,1
22353,83,1154.9,536.5,1342,44706,2,1
22354,83,1154.9,536.8,1342,44708,2,1
22355,83,1154.6,537.1,1342,44710,2,1
22356,83,1153.9,537.4,1342,44712,2,1
22357,83,1153.4,537.9,1342,44714,2,1
22358,83,1152.8,538.8,1342,44716,2,1
22359,83,1152.1,539.6,1342,44718,2,1
22360,83,1151.3,540.4,1342,44720,2,1
22361,83,1150.7,540.9,1342,44722,2,1
22362,83,1150.1,541.4,1342,44724,2,1
22363,83,1149.9,541.8,1342,44726,2,1
22364,83,1149.7,542.1,1342,44728,2,1
22365,83,1149.4,542.2,1343,44730,2,1
22366,83,1149.3,542.3,1343,44732,2,1
22367,83,1149.1,542.2,1343,44734,2,1
22368,83,1148.9,542,1343,44736,2,1
22369,83,1148.6,541.8,1343,44738,2,1
22370,83,1147.9,541.7,1343,44740,2,1
22371,83,1147.4,541.7,1343,44742,2,1
22372,83,1146.9,541.7,1343,44744,2,1
22373,83,1146.5,541.9,1343,44746,2,1
22374,83,1146.6,541.9,1343,44748,2,1
22375,83,1146.9,542.1,1343,44750,2,1
22376,83,1147.3,542.2,1343,44752,2,1
22377,83,1148.2,542.2,1343,44754,2,1
22378,83,1149.1,542.2,1343,44756,2,1
22379,83,1149.9,542.2,1343,44758,2,1
22380,83,1150.5,542,1343,44760,2,1
22381,83,1150.7,541.8,1343,44762,2,1
22382,83,1150.8,541.6,1344,44764,2,1
22383,83,1150.9,541.4,1344,44766,2,1
22384,83,1150.7,541.4,1344,44768,2,1
22385,83,1150.4,541.2,1344,44770,2,1
22386,83,1150.3,541,1344,44772,2,1
22387,83,1150.2,540.7,1344,44774,2,1
22388,83,1150.2,540.5,1344,44776,2,1
22389,83,1150.2,540.3,1344,44778,2,1
22390,83,1150.2,540.2,1344,44780,2,1
22391,83,1150.4,540,1344,44782,2,1
22392,83,1150.7,539.8,1344,44784,2,1
22393,83,1151.2,539.7,1344,44786,2,1
22394,83,1151.6,539.6,1344,44788,2,1
22395,83,1151.9,539.4,1344,44790,2,1
22396,83,1151.6,539.5,1344,44792,2,1
22397,83,1151.3,539.6,1344,44794,2,1
22398,83,1151.1,539.6,1345,44796,2,1
22399,83,1150.7,539.9,1345,44798,2,1
22400,83,1150.1,540.2,1345,44800,2,1
22401,83,1149.4,540.6,1345,44802,2,1
22402,83,1148.7,541.2,1345,44804,2,1
22403,83,1148.5,541.5,1345,44806,2,1
22404,83,1148.3,541.3,1345,44808,2,1
22405,83,1148.3,541,1345,44810,2,1
22406,83,1148.8,540.7,1345,44812,2,1
22407,83,1149.3,540.5,1345,44814,2,1
22408,83,1149.7,540.3,1345,44816,2,1
22409,83,1150.4,539.9,1345,44818,2,1
22410,83,1150.8,540.1,1345,44820,2,1
22411,83,1151.2,540.6,1345,44822,2,1
22412,83,1151.3,541.1,1345,44824,2,1
22413,83,1150.9,541.5,1345,44826,2,1
22414,83,1150.5,541.8,1345,44828,2,1
22415,83,1150.2,542.1,1346,44830,2,1
22416,83,1149.9,542.4,1346,44832,2,1
22417,83,1149.8,542.5,1346,44834,2,1
22418,83,1149.6,542.7,1346,44836,2,1
22419,83,1149.5,542.8,1346,44838,2,1
22420,83,1149.6,543.4,1346,44840,2,1
22421,83,1149.6,544,1346,44842,2,1
22422,83,1149.7,544.7,1346,44844,2,1
22423,83,1149.8,545.2,1346,44846,2,1
22424,83,1150,545.8,1346,44848,2,1
22425,83,1150.2,546.6,1346,44850,2,1
22426,83,1150.3,547.4,1346,44852,2,1
22427,83,1150.2,547.7,1346,44854,2,1
22428,83,1150.1,548,1346,44856,2,1
22429,83,1150.1,548.3,1346,44858,2,1
22430,83,1150,548.4,1346,44860,2,1
22431,83,1149.9,548.5,1346,44862,2,1
22432,83,1149.8,548.3,1347,44864,2,1
22433,83,1149.8,548.1,1347,44866,2,1
22434,83,1150,547.8,1347,44868,2,1
22435,83,1150.3,547.5,1347,44870,2,1
22436,83,1150.5,546.7,1347,44872,2,1
22437,83,1150.7,546.1,1347,44874,2,1
22438,83,1150.8,545.5,1347,44876,2,1
22439,83,1151,544.8,1347,44878,2,1
22440,83,1151.1,544.1,1347,44880,2,1
22441,83,1151.1,543.6,1347,44882,2,1
22442,83,1151.1,543.1,1347,44884,2,1
22443,83,1151.1,543.1,1347,44886,2,1
22444,83,1151.1,543.2,1347,44888,2,1
22445,83,1151,543.4,1347,44890,2,1
22446,83,1150.7,543.7,1347,44892,2,1
22447,83,1150.5,543.9,1347,44894,2,1
22448,83,1149.8,544.2,1348,44896,2,1
22449,83,1149.2,544.5,1348,44898,2,1
22450,83,1148.6,544.7,1348,44900,2,1
22451,83,1148,544.9,1348,44902,2,1
22452,83,1147.4,545.1,1348,44904,2,1
22453,83,1146.5,545.5,1348,44906,2,1
22454,83,1145.5,545.8,1348,44908,2,1
22455,83,1144.7,546.3,1348,44910,2,1
22456,83,1143.9,546.7,1348,44912,2,1
22457,83,1143.1,547.1,1348,44914,2,1
22458,83,1142.3,547.6,1348,44916,2,1
22459,83,1141.5,548.1,1348,44918,2,1
22460,83,1141.4,548.4,1348,44920,2,1
22461,83,1141.2,548.7,1348,44922,2,1
22462,83,1141.3,548.8,1348,44924,2,1
22463,83,1141.3,548.9,1348,44926,2,1
22464,83,1141.2,549,1348,44928,2,1
22465,83,1141.1,549,1349,44930,2,1
22466,83,1140.8,549,1349,44932,2,1
22467,83,1140.6,549.1,1349,44934,2,1
22468,83,1140.4,549.1,1349,44936,2,1
22469,83,1140.3,549.1,1349,44938,2,1
22470,83,1140.1,549.2,1349,44940,2,1
22471,83,1140,548.9,1349,44942,2,1
22472,83,1139.9,548.7,1349,44944,2,1
22473,83,1139.7,548.5,1349,44946,2,1
22474,83,1139.3,548.1,1349,44948,2,1
22475,83,1139,547.9,1349,44950,2,1
22476,83,1138.6,547.7,1349,44952,2,1
22477,83,1138.1,548,1349,44954,2,1
22478,83,1137.8,548.4,1349,44956,2,1
22479,83,1137.7,548.7,1349,44958,2,1
22480,83,1137.5,549.1,1349,44960,2,1
22481,83,1137.5,549.6,1349,44962,2,1
22482,83,1137.4,549.9,1350,44964,2,1
22483,83,1137.4,550.1,1350,44966,2,1
22484,83,1137.6,549.9,1350,44968,2,1
22485,83,1137.8,549.8,1350,44970,2,1
22486,83,1138,549.7,1350,44972,2,1
22487,83,1138.4,549.6,1350,44974,2,1
22488,83,1138.8,549.5,1350,44976,2,1
22489,83,1139.3,549.4,1350,44978,2,1
22490,83,1139.9,548.9,1350,44980,2,1
22491,83,1140.3,548.6,1350,44982,2,1
22492,83,1140.7,548.3,1350,44984,2,1
22493,83,1141,548,1350,44986,2,1
22494,83,1141.3,547.7,1350,44988,2,1
22495,83,1141.4,547.4,1350,44990,2,1
22496,83,1141.2,547.1,1350,44992,2,1
22497,83,1140.9,547.1,1350,44994,2,1
22498,83,1140.4,546.8,1351,44996,2,1
22499,83,1139.9,546.4,1351,44998,2,1
22500,83,1139.3,546.1,1351,45000,2,1
22501,83,1138.7,545.8,1351,45002,2,1
22502,83,1137.7,545.5,1351,45004,2,1
22503,83,1137.1,545.3,1351,45006,2,1
22504,83,1136.8,545.5,1351,45008,2,1
22505,83,1136.7,546,1351,45010,2,1
22506,83,1136.8,546.4,1351,45012,2,1
22507,83,1137.1,547,1351,45014,2,1
22508,83,1137.5,547.5,1351,45016,2,1
22509,83,1137.7,548,1351,45018,2,1
22510,83,1137.5,548.6,1351,45020,2,1
22511,83,1137.3,548.9,1351,45022,2,1
22512,83,1136.8,549.2,1351,45024,2,1
22513,83,1136.1,549.6,1351,45026,2,1
22514,83,1134.8,550,1351,45028,2,1
22515,83,1133.2,550.4,1352,45030,2,1
22516,83,1132,550.9,1352,45032,2,1
22517,83,1131.1,551.3,1352,45034,2,1
22518,83,1129.9,551.8,1352,45036,2,1
22519,83,1128.8,552.3,1352,45038,2,1
22520,83,1127.6,552.6,1352,45040,2,1
22521,83,1127.1,552.8,1352,45042,2,1
22522,83,1127,552.8,1352,45044,2,1
22523,83,1126.8,552.7,1352,45046,2,1
22524,83,1126.8,552.5,1352,45048,2,1
22525,83,1127.5,552.3,1352,45050,2,1
22526,83,1128.1,551.9,1352,45052,2,1
22527,83,1128.8,551.5,1352,45054,2,1
22528,83,1129.5,551.1,1352,45056,2,1
22529,83,1130.3,550.7,1352,45058,2,1
22530,83,1131,550.5,1352,45060,2,1
22531,83,1131.7,550.3,1352,45062,2,1
22532,83,1131.8,550.2,1353,45064,2,1
22533,83,1131.8,550.4,1353,45066,2,1
22534,83,1131.8,550.6,1353,45068,2,1
22535,83,1131.7,550.8,1353,45070,2,1
22536,83,1131.5,551.2,1353,45072,2,1
22537,83,1131.3,551.5,1353,45074,2,1
22538,83,1130.9,551.8,1353,45076,2,1
22539,83,1130.5,552.6,1353,45078,2,1
22540,83,1130.2,553.3,1353,45080,2,1
22541,83,1129.8,553.8,1353,45082,2,1
22542,83,1129.6,554,1353,45084,2,1
22543,83,1129.4,553.8,1353,45086,2,1
22544,83,1129.2,553.6,1353,45088,2,1
22545,83,1129.7,553.1,1353,45090,2,1
22546,83,1130.4,552.1,1353,45092,2,1
22547,83,1131,551.2,1353,45094,2,1
22548,83,1131.6,550.3,1354,45096,2,1
22549,83,1132.2,549.7,1354,45098,2,1
22550,83,1132.2,549.4,1354,45100,2,1
22551,83,1132.2,549,1354,45102,2,1
22552,83,1131.6,548.8,1354,45104,2,1
22553,83,1130.8,548.8,1354,45106,2,1
22554,83,1130.4,548.8,1354,45108,2,1
22555,83,1130.6,548.8,1354,45110,2,1
22556,83,1130.8,548.8,1354,45112,2,1
22557,83,1131.8,548.8,1354,45114,2,1
22558,83,1132.7,548.8,1354,45116,2,1
22559,83,1133.5,548.9,1354,45118,2,1
22560,83,1134.3,548.9,1354,45120,2,1
22561,83,1134.7,549.1,1354,45122,2,1
22562,83,1134.5,549.2,1354,45124,2,1
22563,83,1134.3,549.2,1354,45126,2,1
22564,83,1134.1,549,1354,45128,2,1
22565,83,1133.8,548.5,1355,45130,2,1
22566,83,1133.5,548.1,1355,45132,2,1
22567,83,1133.2,547.7,1355,45134,2,1
22568,83,1132.3,547.3,1355,45136,2,1
22569,83,1131.4,547.1,1355,45138,2,1
22570,83,1130.5,546.9,1355,45140,2,1
22571,83,1129.7,547,1355,45142,2,1
22572,83,1128.9,547.4,1355,45144,2,1
22573,83,1128.2,548,1355,45146,2,1
22574,83,1127.5,548.9,1355,45148,2,1
22575,83,1127.2,549.7,1355,45150,2,1
22576,83,1127,550.5,1355,45152,2,1
22577,83,1126.7,551.1,1355,45154,2,1
22578,83,1126.2,551.9,1355,45156,2,1
22579,83,1125.4,552.5,1355,45158,2,1
22580,83,1124.6,552.9,1355,45160,2,1
22581,83,1123.9,552.8,1355,45162,2,1
22582,83,1123.2,552.7,1356,45164,2,1
22583,83,1122.4,552.5,1356,45166,2,1
22584,83,1121.8,552.3,1356,45168,2,1
22585,83,1121.2,552.1,1356,45170,2,1
22586,83,1120.8,552,1356,45172,2,1
22587,83,1120.9,551.8,1356,45174,2,1
22588,83,1121.1,551.6,1356,45176,2,1
22589,83,1121.4,551,1356,45178,2,1
22590,83,1121.8,550.4,1356,45180,2,1
22591,83,1122.3,549.9,1356,45182,2,1
22592,83,1122.4,549.5,1356,45184,2,1
22593,83,1122.2,549.3,1356,45186,2,1
22594,83,1121.6,549.2,1356,45188,2,1
22595,83,1120.9,549,1356,45190,2,1
22596,83,1120.2,549.2,1356,45192,2,1
22597,83,1119.7,549.4,1356,45194,2,1
22598,83,1119.4,549.5,1357,45196,2,1
22599,83,1119.6,549.5,1357,45198,2,1
22600,83,1120,549.7,1357,45200,2,1
22601,83,1120.4,549.9,1357,45202,2,1
22602,83,1120.4,550.1,1357,45204,2,1
22603,83,1120.3,550.1,1357,45206,2,1
22604,83,1120,549.9,1357,45208,2,1
22605,83,1119.6,549.5,1357,45210,2,1
22606,83,1118.9,549.1,1357,45212,2,1
22607,83,1118.3,548.7,1357,45214,2,1
22608,83,1117.8,548.3,1357,45216,2,1
22609,83,1117.8,548.3,1357,45218,2,1
22610,83,1117.8,548.6,1357,45220,2,1
22611,83,1117.6,549.2,1357,45222,2,1
22612,83,1117.3,549.9,1357,45224,2,1
22613,83,1117,550.6,1357,45226,2,1
22614,83,1116.5,551.2,1357,45228,2,1
22615,83,1115,551.7,1358,45230,2,1
22616,83,1113.6,551.6,1358,45232,2,1
22617,83,1112.3,551.3,1358,45234,2,1
22618,83,1111,550.9,1358,45236,2,1
22619,83,1109.9,550.7,1358,45238,2,1
22620,83,1108.5,550.4,1358,45240,2,1
22621,83,1105.2,550.5,1358,45242,2,1
22622,83,1101.1,551.1,1358,45244,2,1
22623,83,1094.6,551.9,1358,45246,2,1
22624,83,1084.1,553.6,1358,45248,2,1
22625,83,1069.8,555.6,1358,45250,2,1
22626,83,1052.2,557.9,1358,45252,2,1
22627,83,1032.2,559.8,1358,45254,2,1
22628,83,1012.4,561,1358,45256,2,1
22629,83,992.9,561.9,1358,45258,2,1
22630,83,974.9,562.3,1358,45260,2,1
22631,83,960.9,562.2,1358,45262,2,1
22632,83,950.6,561.7,1359,45264,2,1
22633,83,943.7,561.1,1359,45266,2,1
22634,83,939.6,560.8,1359,45268,2,1
22635,83,937,561,1359,45270,2,1
22636,83,935.4,561,1359,45272,2,1
22637,83,934.4,561.1,1359,45274,2,1
22638,83,933.5,560.9,1359,45276,2,1
22639,83,932.6,560.5,1359,45278,2,1
22640,83,931.5,560.2,1359,45280,2,1
22641,83,930.4,559.8,1359,45282,2,1
22642,83,929.3,559.7,1359,45284,2,1
22643,83,928.3,559.9,1359,45286,2,1
22644,83,927.1,560.1,1359,45288,2,1
22645,83,925.9,560.7,1359,45290,2,1
22646,83,924.7,561.3,1359,45292,2,1
22647,83,924,561.9,1359,45294,2,1
22648,83,923.4,562.9,1360,45296,2,1
22649,83,923.2,563.3,1360,45298,2,1
22650,83,923.1,563.6,1360,45300,2,1
22651,83,924,563.6,1360,45302,2,1
22652,83,925,563.6,1360,45304,2,1
22653,83,925.9,563.3,1360,45306,2,1
22654,83,926.5,563.2,1360,45308,2,1
22655,83,926.9,562.8,1360,45310,2,1
22656,83,927.3,562.3,1360,45312,2,1
22657,83,927.8,562,1360,45314,2,1
22658,83,928.1,561.7,1360,45316,2,1
22659,83,928.3,561.1,1360,45318,2,1
22660,83,928.6,560.6,1360,45320,2,1
22661,83,929.5,560,1360,45322,2,1
22662,83,930.5,559.3,1360,45324,2,1
22663,83,931.9,558.7,1360,45326,2,1
22664,83,933.2,558.1,1360,45328,2,1
22665,83,934.4,557.9,1361,45330,2,1
22666,83,935.5,558,1361,45332,2,1
22667,83,936.7,558.1,1361,45334,2,1
22668,83,937,558,1361,45336,2,1
22669,83,937.1,558,1361,45338,2,1
22670,83,936.8,558.1,1361,45340,2,1
22671,83,936.3,558.2,1361,45342,2,1
22672,83,935.8,557.6,1361,45344,2,1
22673,83,935.3,557.1,1361,45346,2,1
22674,83,934.8,556.6,1361,45348,2,1
22675,83,934.5,556.5,1361,45350,2,1
22676,83,934.2,556.2,1361,45352,2,1
22677,83,934.1,555.8,1361,45354,2,1
22678,83,934.1,555.4,1361,45356,2,1
22679,83,934.3,555.1,1361,45358,2,1
22680,83,934.7,554.8,1361,45360,2,1
22681,83,935.4,554.9,1361,45362,2,1
22682,83,936.1,555.1,1362,45364,2,1
22683,83,936.8,555.3,1362,45366,2,1
22684,83,937.7,555.6,1362,45368,2,1
22685,83,938.8,555.7,1362,45370,2,1
22686,83,939.9,555.7,1362,45372,2,1
22687,83,940.8,555.7,1362,45374,2,1
22688,83,941.5,555.3,1362,45376,2,1
22689,83,942.1,555,1362,45378,2,1
22690,83,942.8,554.7,1362,45380,2,1
22691,83,943.2,554.5,1362,45382,2,1
22692,83,943.3,554.2,1362,45384,2,1
22693,83,943.4,553.9,1362,45386,2,1
22694,83,943.5,553.8,1362,45388,2,1
22695,83,943.6,553.6,1362,45390,2,1
22696,83,943.6,553.5,1362,45392,2,1
22697,83,943.5,553.3,1362,45394,2,1
22698,83,943.4,553.1,1363,45396,2,1
22699,83,943.2,553,1363,45398,2,1
22700,83,942.9,552.9,1363,45400,2,1
22701,83,942.6,552.8,1363,45402,2,1
22702,83,942.6,552.8,1363,45404,2,1
22703,83,942.8,552.8,1363,45406,2,1
22704,83,943,552.8,1363,45408,2,1
22705,83,943.4,552.6,1363,45410,2,1
22706,83,943.6,552.2,1363,45412,2,1
22707,83,943.9,551.8,1363,45414,2,1
22708,83,943.8,551.4,1363,45416,2,1
22709,83,943.5,550.7,1363,45418,2,1
22710,83,943,550.2,1363,45420,2,1
22711,83,942.8,549.8,1363,45422,2,1
22712,83,942.9,549.2,1363,45424,2,1
22713,83,943.1,549.6,1363,45426,2,1
22714,83,943.4,550,1363,45428,2,1
22715,83,944.2,550.5,1364,45430,2,1
22716,83,944.9,550.8,1364,45432,2,1
22717,83,945.7,550.8,1364,45434,2,1
22718,83,946,550.9,1364,45436,2,1
22719,83,946.1,550.9,1364,45438,2,1
22720,83,946.2,550.6,1364,45440,2,1
22721,83,946.3,550.4,1364,45442,2,1
22722,83,946.3,550.2,1364,45444,2,1
22723,83,946.4,550.1,1364,45446,2,1
22724,83,946.6,549.9,1364,45448,2,1
22725,83,946.7,549.7,1364,45450,2,1
22726,83,946.8,549.8,1364,45452,2,1
22727,83,946.8,549.8,1364,45454,2,1
22728,83,946.9,549.8,1364,45456,2,1
22729,83,947,549.7,1364,45458,2,1
22730,83,946.9,549.6,1364,45460,2,1
22731,83,946.8,549.6,1364,45462,2,1
22732,83,946.8,549.6,1365,45464,2,1
22733,83,946.9,549.6,1365,45466,2,1
22734,83,947.3,549.4,1365,45468,2,1
22735,83,947.8,549.3,1365,45470,2,1
22736,83,948.3,549.2,1365,45472,2,1
22737,83,948.9,549.1,1365,45474,2,1
22738,83,949.5,549.3,1365,45476,2,1
22739,83,950.1,549.4,1365,45478,2,1
22740,83,950.6,549.7,1365,45480,2,1
22741,83,950.9,549.9,1365,45482,2,1
22742,83,950.8,550,1365,45484,2,1
22743,83,950.7,550.1,1365,45486,2,1
22744,83,950.6,550.2,1365,45488,2,1
22745,83,950.5,550.2,1365,45490,2,1
22746,83,950.4,550.1,1365,45492,2,1
22747,83,950.4,550.1,1365,45494,2,1
22748,83,950.3,550.1,1366,45496,2,1
22749,83,950.5,550.1,1366,45498,2,1
22750,83,950.6,550.2,1366,45500,2,1
22751,83,950.9,550.1,1366,45502,2,1
22752,83,951.1,550.1,1366,45504,2,1
22753,83,951.2,550,1366,45506,2,1
22754,83,951.2,549.8,1366,45508,2,1
22755,83,951.3,549.7,1366,45510,2,1
22756,83,951.3,549.6,1366,45512,2,1
22757,83,951.4,549.5,1366,45514,2,1
22758,83,951.5,549.4,1366,45516,2,1
22759,83,952.1,549.3,1366,45518,2,1
22760,83,952.9,549,1366,45520,2,1
22761,83,953.7,548.5,1366,45522,2,1
22762,83,954.7,547.9,1366,45524,2,1
22763,83,955.5,547.4,1366,45526,2,1
22764,83,956.3,547.1,1366,45528,2,1
22765,83,957,547,1367,45530,2,1
22766,83,957,547,1367,45532,2,1
22767,83,956.9,547.2,1367,45534,2,1
22768,83,956.6,547.9,1367,45536,2,1
22769,83,956.2,548.9,1367,45538,2,1
22770,83,955.7,549.6,1367,45540,2,1
22771,83,955.3,550.3,1367,45542,2,1
22772,83,954.8,550.9,1367,45544,2,1
22773,83,954.7,551.4,1367,45546,2,1
22774,83,953.9,551.8,1367,45548,2,1
22775,83,953.3,552.1,1367,45550,2,1
22776,83,952.7,552.2,1367,45552,2,1
22777,83,952.2,552.2,1367,45554,2,1
22778,83,951.7,552.3,1367,45556,2,1
22779,83,951.2,552.3,1367,45558,2,1
22780,83,950.8,552.3,1367,45560,2,1
22781,83,950.9,552.3,1367,45562,2,1
22782,83,951,552.4,1368,45564,2,1
22783,83,951.1,552.4,1368,45566,2,1
22784,83,951.1,552.4,1368,45568,2,1
22785,83,951.4,552.3,1368,45570,2,1
22786,83,951.7,551.6,1368,45572,2,1
22787,83,952.1,551,1368,45574,2,1
22788,83,952.5,550.4,1368,45576,2,1
22789,83,952.9,549.6,1368,45578,2,1
22790,83,953,548.9,1368,45580,2,1
22791,83,953.1,548.3,1368,45582,2,1
22792,83,953,547.9,1368,45584,2,1
22793,83,952.9,547.9,1368,45586,2,1
22794,83,952.6,548,1368,45588,2,1
22795,83,952.4,548.1,1368,45590,2,1
22796,83,952.2,548.2,1368,45592,2,1
22797,83,952.2,548.3,1368,45594,2,1
22798,83,952.1,548.4,1369,45596,2,1
22799,83,951.9,548.5,1369,45598,2,1
22800,83,951.7,548.5,1369,45600,2,1
22801,83,951.4,548.4,1369,45602,2,1
22802,83,951.1,548.3,1369,45604,2,1
22803,83,950.7,548.1,1369,45606,2,1
22804,83,950.4,547.8,1369,45608,2,1
22805,83,950.2,547.6,1369,45610,2,1
22806,83,950,547.4,1369,45612,2,1
22807,83,949.2,547.3,1369,45614,2,1
22808,83,948.4,547.3,1369,45616,2,1
22809,83,947.6,547.3,1369,45618,2,1
22810,83,946.8,547.4,1369,45620,2,1
22811,83,946,548,1369,45622,2,1
22812,83,945.3,548.5,1369,45624,2,1
22813,83,944.5,549.1,1369,45626,2,1
22814,83,944.5,549.5,1369,45628,2,1
22815,83,944.5,549.9,1370,45630,2,1
22816,83,944.5,550.3,1370,45632,2,1
22817,83,944.2,550.6,1370,45634,2,1
22818,83,943.9,550.7,1370,45636,2,1
22819,83,943.6,550.9,1370,45638,2,1
22820,83,943.5,550.9,1370,45640,2,1
22821,83,943.4,550.9,1370,45642,2,1
22822,83,943.4,550.8,1370,45644,2,1
22823,83,943.6,550.5,1370,45646,2,1
22824,83,943.9,550.1,1370,45648,2,1
22825,83,944.1,549.8,1370,45650,2,1
22826,83,944.3,549.6,1370,45652,2,1
22827,83,944.5,549.4,1370,45654,2,1
22828,83,944.8,549,1370,45656,2,1
22829,83,945.2,548.7,1370,45658,2,1
22830,83,945.5,548.6,1370,45660,2,1
22831,83,945.9,548.4,1370,45662,2,1
22832,83,946.3,548.1,1371,45664,2,1
22833,83,946.6,547.8,1371,45666,2,1
22834,83,946.9,547.5,1371,45668,2,1
22835,83,946.8,547.2,1371,45670,2,1
22836,83,946.8,547,1371,45672,2,1
22837,83,946.9,546.9,1371,45674,2,1
22838,83,947.2,547.1,1371,45676,2,1
22839,83,947.6,547.4,1371,45678,2,1
22840,83,948.1,547.6,1371,45680,2,1
22841,83,948.7,548.1,1371,45682,2,1
22842,83,949.3,548.4,1371,45684,2,1
22843,83,949.7,548.7,1371,45686,2,1
22844,83,949.8,548.9,1371,45688,2,1
22845,83,949.5,548.6,1371,45690,2,1
22846,83,949.1,548.1,1371,45692,2,1
22847,83,948.5,547.6,1371,45694,2,1
22848,83,948.1,547.2,1372,45696,2,1
22849,83,947.7,547.1,1372,45698,2,1
22850,83,947.1,547.2,1372,45700,2,1
22851,83,946.3,547.4,1372,45702,2,1
22852,83,945.6,548,1372,45704,2,1
22853,83,945,548.7,1372,45706,2,1
22854,83,944.6,549.4,1372,45708,2,1
22855,83,943.9,549.9,1372,45710,2,1
22856,83,943.5,550.2,1372,45712,2,1
22857,83,943.1,550.2,1372,45714,2,1
22858,83,943,550.3,1372,45716,2,1
22859,83,942.9,550.1,1372,45718,2,1
22860,83,942.8,549.8,1372,45720,2,1
22861,83,942.7,549.5,1372,45722,2,1
22862,83,942.6,549.4,1372,45724,2,1
22863,83,942.6,549.3,1372,45726,2,1
22864,83,942.6,549.4,1372,45728,2,1
22865,83,942.7,549.5,1373,45730,2,1
22866,83,942.8,549.5,1373,45732,2,1
22867,83,943,549.5,1373,45734,2,1
22868,83,943.1,549.3,1373,45736,2,1
22869,83,943.3,549.2,1373,45738,2,1
22870,83,943.3,549.1,1373,45740,2,1
22871,83,943.3,548.8,1373,45742,2,1
22872,83,943.4,548.5,1373,45744,2,1
22873,83,943.5,548.4,1373,45746,2,1
22874,83,943.7,548.2,1373,45748,2,1
22875,83,943.8,548,1373,45750,2,1
22876,83,943.4,547.8,1373,45752,2,1
22877,83,941.4,547.6,1373,45754,2,1
22878,83,939,547.3,1373,45756,2,1
22879,83,933.7,545.7,1373,45758,2,1
22880,83,926.1,543.7,1373,45760,2,1
22881,83,915.3,540.1,1373,45762,2,1
22882,83,901,534.6,1374,45764,2,1
22883,83,884.7,527.6,1374,45766,2,1
22884,83,868.4,518.2,1374,45768,2,1
22885,83,850.4,508.7,1374,45770,2,1
22886,83,834,499.5,1374,45772,2,1
22887,83,819,491.1,1374,45774,2,1
22888,83,806.1,484.3,1374,45776,2,1
22889,83,796.3,479.5,1374,45778,2,1
22890,83,788.8,476.1,1374,45780,2,1
22891,83,782.7,475.3,1374,45782,2,1
22892,83,778.4,474.9,1374,45784,2,1
22893,83,775.5,475.3,1374,45786,2,1
22894,83,772.6,475.6,1374,45788,2,1
22895,83,770.7,475.8,1374,45790,2,1
22896,83,769.1,476,1374,45792,2,1
22897,83,767.6,476.1,1374,45794,2,1
22898,83,766.1,476.2,1375,45796,2,1
22899,83,764.8,476.1,1375,45798,2,1
22900,83,763.5,475.9,1375,45800,2,1
22901,83,763.2,475.1,1375,45802,2,1
22902,83,762.2,474.5,1375,45804,2,1
22903,83,760.7,473.9,1375,45806,2,1
22904,83,759.3,473.2,1375,45808,2,1
22905,83,757.9,472.3,1375,45810,2,1
22906,83,756.7,471.5,1375,45812,2,1
22907,83,755.6,470.8,1375,45814,2,1
22908,83,754.5,470.7,1375,45816,2,1
22909,83,754.3,470.5,1375,45818,2,1
22910,83,754.4,470.5,1375,45820,2,1
22911,83,754.8,470.5,1375,45822,2,1
22912,83,755,470.6,1375,45824,2,1
22913,83,755,470.6,1375,45826,2,1
22914,83,754.8,470.4,1375,45828,2,1
22915,83,754.6,469.9,1376,45830,2,1
22916,83,754.2,469.6,1376,45832,2,1
22917,83,753.8,469.2,1376,45834,2,1
22918,83,753.4,469.4,1376,45836,2,1
22919,83,753.1,469.7,1376,45838,2,1
22920,83,753,470.1,1376,45840,2,1
22921,83,753,470.4,1376,45842,2,1
22922,83,753,470.8,1376,45844,2,1
22923,83,753.1,471.1,1376,45846,2,1
22924,83,753.2,471.3,1376,45848,2,1
22925,83,753.4,471.1,1376,45850,2,1
22926,83,753.8,470.9,1376,45852,2,1
22927,83,754,470.8,1376,45854,2,1
22928,83,754.1,470.6,1376,45856,2,1
22929,83,754.2,470.3,1376,45858,2,1
22930,83,754.3,470.1,1376,45860,2,1
22931,83,754.1,470,1376,45862,2,1
22932,83,753.9,470,1377,45864,2,1
22933,83,753.4,470.4,1377,45866,2,1
22934,83,753.3,471.3,1377,45868,2,1
22935,83,753.6,472.4,1377,45870,2,1
22936,83,753.9,473.2,1377,45872,2,1
22937,83,754.3,474,1377,45874,2,1
22938,83,754.8,474.5,1377,45876,2,1
22939,83,755.2,474.9,1377,45878,2,1
22940,83,755.4,475.1,1377,45880,2,1
22941,83,755.4,475,1377,45882,2,1
22942,83,755.1,475,1377,45884,2,1
22943,83,754.8,474.7,1377,45886,2,1
22944,83,754.6,474.4,1377,45888,2,1
22945,83,754.3,474.3,1377,45890,2,1
22946,83,754.3,474.2,1377,45892,2,1
22947,83,754.1,474.2,1377,45894,2,1
22948,83,754,474.3,1378,45896,2,1
22949,83,753.7,474.3,1378,45898,2,1
22950,83,753.5,474.3,1378,45900,2,1
22951,83,754,474.1,1378,45902,2,1
22952,83,754.5,474.1,1378,45904,2,1
22953,83,754.9,474,1378,45906,2,1
22954,83,755.3,474,1378,45908,2,1
22955,83,755.3,474.2,1378,45910,2,1
22956,83,755.3,474.5,1378,45912,2,1
22957,83,755.5,474.6,1378,45914,2,1
22958,83,755.1,474.8,1378,45916,2,1
22959,83,754.6,474.9,1378,45918,2,1
22960,83,754.2,475.1,1378,45920,2,1
22961,83,754.2,475.2,1378,45922,2,1
22962,83,754.5,475.2,1378,45924,2,1
22963,83,754.7,475.2,1378,45926,2,1
22964,83,754.6,475.3,1378,45928,2,1
22965,83,754.1,475.4,1379,45930,2,1
22966,83,753.6,475.6,1379,45932,2,1
22967,83,753.2,475.7,1379,45934,2,1
22968,83,752.6,476,1379,45936,2,1
22969,83,752.8,476.5,1379,45938,2,1
22970,83,752.9,477,1379,45940,2,1
22971,83,753.2,477.4,1379,45942,2,1
22972,83,753.2,477.7,1379,45944,2,1
22973,83,752.5,478,1379,45946,2,1
22974,83,751.8,478.1,1379,45948,2,1
22975,83,751.1,478,1379,45950,2,1
22976,83,750,477.6,1379,45952,2,1
22977,83,749,477.4,1379,45954,2,1
22978,83,748.4,477.1,1379,45956,2,1
22979,83,748.2,476.8,1379,45958,2,1
22980,83,748.8,476.5,1379,45960,2,1
22981,83,749.4,476.4,1379,45962,2,1
22982,83,750,476.4,1380,45964,2,1
22983,83,750.2,476.5,1380,45966,2,1
22984,83,750.3,476.4,1380,45968,2,1
22985,83,749.8,476.5,1380,45970,2,1
22986,83,749.4,476.7,1380,45972,2,1
22987,83,749,476.8,1380,45974,2,1
22988,83,748.8,476.8,1380,45976,2,1
22989,83,748.6,476.6,1380,45978,2,1
22990,83,748.7,476.4,1380,45980,2,1
22991,83,748.9,476.2,1380,45982,2,1
22992,83,749.5,476.1,1380,45984,2,1
22993,83,749.9,476.4,1380,45986,2,1
22994,83,750.2,476.8,1380,45988,2,1
22995,83,749.8,477.2,1380,45990,2,1
22996,83,749.5,477.9,1380,45992,2,1
22997,83,748.9,478.6,1380,45994,2,1
22998,83,748.3,479.2,1381,45996,2,1
22999,83,747.7,479.7,1381,45998,2,1
23000,83,747.3,480,1381,46000,2,1
23001,83,747.1,480.1,1381,46002,2,1
23002,83,747.4,480.1,1381,46004,2,1
23003,83,748,480,1381,46006,2,1
23004,83,748.5,480.1,1381,46008,2,1
23005,83,749,480.2,1381,46010,2,1
23006,83,749.5,480.2,1381,46012,2,1
23007,83,749,480.4,1381,46014,2,1
23008,83,748.4,480.5,1381,46016,2,1
23009,83,747.8,480.6,1381,46018,2,1
23010,83,746.9,480.7,1381,46020,2,1
23011,83,745.9,480.7,1381,46022,2,1
23012,83,744.8,480.7,1381,46024,2,1
23013,83,743.7,480.7,1381,46026,2,1
23014,83,743.5,480.8,1381,46028,2,1
23015,83,743.4,481,1382,46030,2,1
23016,83,743.3,481.2,1382,46032,2,1
23017,83,743.2,481.5,1382,46034,2,1
23018,83,743.3,481.9,1382,46036,2,1
23019,83,743.7,482.4,1382,46038,2,1
23020,83,744.1,483,1382,46040,2,1
23021,83,744.4,483.5,1382,46042,2,1
23022,83,744.8,484,1382,46044,2,1
23023,83,745,484.5,1382,46046,2,1
23024,83,745.3,485.1,1382,46048,2,1
23025,83,745.4,485.5,1382,46050,2,1
23026,83,745.5,485.9,1382,46052,2,1
23027,83,745.5,486.1,1382,46054,2,1
23028,83,745.6,486.3,1382,46056,2,1
23029,83,745.5,486.6,1382,46058,2,1
23030,83,745.1,486.8,1382,46060,2,1
23031,83,744.6,486.9,1382,46062,2,1
23032,83,744,487,1383,46064,2,1
23033,83,743.5,487.2,1383,46066,2,1
23034,83,743,487.4,1383,46068,2,1
23035,83,742.5,487.7,1383,46070,2,1
23036,83,742,487.9,1383,46072,2,1
23037,83,741.9,488.1,1383,46074,2,1
23038,83,741.8,488.3,1383,46076,2,1
23039,83,741.8,488.4,1383,46078,2,1
23040,83,742.3,488.3,1383,46080,2,1
23041,83,742.8,488.2,1383,46082,2,1
23042,83,743.3,488,1383,46084,2,1
23043,83,743.9,487.8,1383,46086,2,1
23044,83,744.5,487.5,1383,46088,2,1
23045,83,745.1,487.2,1383,46090,2,1
23046,83,745.6,487.1,1383,46092,2,1
23047,83,745.5,487,1383,46094,2,1
23048,83,745.3,486.9,1384,46096,2,1
23049,83,745.1,486.8,1384,46098,2,1
23050,83,744.9,486.7,1384,46100,2,1
23051,83,744.6,486.8,1384,46102,2,1
23052,83,744.3,486.8,1384,46104,2,1
23053,83,744.1,487.1,1384,46106,2,1
23054,83,744,487.4,1384,46108,2,1
23055,83,743.9,487.8,1384,46110,2,1
23056,83,743.7,488.4,1384,46112,2,1
23057,83,743.7,489.2,1384,46114,2,1
23058,83,743.6,489.8,1384,46116,2,1
23059,83,743.6,490.4,1384,46118,2,1
23060,83,743.6,490.8,1384,46120,2,1
23061,83,743.6,491.1,1384,46122,2,1
23062,83,743.5,491.2,1384,46124,2,1
23063,83,743.6,491.2,1384,46126,2,1
23064,83,743.6,491.1,1384,46128,2,1
23065,83,743.7,491.1,1385,46130,2,1
23066,83,743.8,491.1,1385,46132,2,1
23067,83,743.8,491,1385,46134,2,1
23068,83,743.9,490.7,1385,46136,2,1
23069,83,744,490.5,1385,46138,2,1
23070,83,744,490.4,1385,46140,2,1
23071,83,744,490.4,1385,46142,2,1
23072,83,743.9,490.4,1385,46144,2,1
23073,83,743.7,490.4,1385,46146,2,1
23074,83,743.5,490.2,1385,46148,2,1
23075,83,743.2,490.1,1385,46150,2,1
23076,83,743,489.8,1385,46152,2,1
23077,83,742.7,489.5,1385,46154,2,1
23078,83,742.6,489.3,1385,46156,2,1
23079,83,742.5,488.9,1385,46158,2,1
23080,83,742.5,488.8,1385,46160,2,1
23081,83,742.5,488.6,1385,46162,2,1
23082,83,742.2,488.5,1386,46164,2,1
23083,83,742,488.2,1386,46166,2,1
23084,83,741.8,488,1386,46168,2,1
23085,83,741.4,487.7,1386,46170,2,1
23086,83,741,487.5,1386,46172,2,1
23087,83,740.6,487.1,1386,46174,2,1
23088,83,740.2,486.8,1386,46176,2,1
23089,83,740.2,486.5,1386,46178,2,1
23090,83,740.4,486.5,1386,46180,2,1
23091,83,740.7,486.5,1386,46182,2,1
23092,83,741,486.4,1386,46184,2,1
23093,83,741.3,486.5,1386,46186,2,1
23094,83,741.8,486.6,1386,46188,2,1
23095,83,742.2,486.8,1386,46190,2,1
23096,83,742.6,486.9,1386,46192,2,1
23097,83,742.8,487,1386,46194,2,1
23098,83,743,487,1387,46196,2,1
23099,83,743.2,487.1,1387,46198,2,1
23100,83,743.3,486.9,1387,46200,2,1
23101,83,743.5,486.8,1387,46202,2,1
23102,83,743.6,486.6,1387,46204,2,1
23103,83,743.7,486.4,1387,46206,2,1
23104,83,744,486,1387,46208,2,1
23105,83,744.1,485.7,1387,46210,2,1
23106,83,744.2,485.3,1387,46212,2,1
23107,83,744,484.8,1387,46214,2,1
23108,83,743.9,484.3,1387,46216,2,1
23109,83,743.6,483.8,1387,46218,2,1
23110,83,743.2,483.5,1387,46220,2,1
23111,83,742.7,483.5,1387,46222,2,1
23112,83,742.1,483.8,1387,46224,2,1
23113,83,741.6,484.3,1387,46226,2,1
23114,83,741.3,484.8,1387,46228,2,1
23115,83,741,485.3,1388,46230,2,1
23116,83,740.7,485.8,1388,46232,2,1
23117,83,740.3,486.2,1388,46234,2,1
23118,83,739.9,486.5,1388,46236,2,1
23119,83,739.6,486.6,1388,46238,2,1
23120,83,739,486.5,1388,46240,2,1
23121,83,738.3,486.5,1388,46242,2,1
23122,83,737.7,486.6,1388,46244,2,1
23123,83,737.1,486.8,1388,46246,2,1
23124,83,736.7,487.1,1388,46248,2,1
23125,83,736.5,487.4,1388,46250,2,1
23126,83,736.4,487.7,1388,46252,2,1
23127,83,736.6,487.9,1388,46254,2,1
23128,83,736.9,487.7,1388,46256,2,1
23129,83,737.3,487.4,1388,46258,2,1
23130,83,737.7,487,1388,46260,2,1
23131,83,738.3,486.1,1388,46262,2,1
23132,83,738.8,485.2,1389,46264,2,1
23133,83,739.4,484.3,1389,46266,2,1
23134,83,740,483.4,1389,46268,2,1
23135,83,740.8,482.7,1389,46270,2,1
23136,83,741.6,482.2,1389,46272,2,1
23137,83,742.3,481.9,1389,46274,2,1
23138,83,743,482.1,1389,46276,2,1
23139,83,743.5,482.2,1389,46278,2,1
23140,83,743.3,482.3,1389,46280,2,1
23141,83,743,482.5,1389,46282,2,1
23142,83,742.5,482.7,1389,46284,2,1
23143,83,741.9,482.9,1389,46286,2,1
23144,83,741.3,483.1,1389,46288,2,1
23145,83,740.7,483.4,1389,46290,2,1
23146,83,740,483.7,1389,46292,2,1
23147,83,740,483.9,1389,46294,2,1
23148,83,740,484.1,1390,46296,2,1
23149,83,739.8,484.1,1390,46298,2,1
23150,83,739.6,484.2,1390,46300,2,1
23151,83,739.4,484.1,1390,46302,2,1
23152,83,739.3,484.2,1390,46304,2,1
23153,83,739.1,484.4,1390,46306,2,1
23154,83,738.9,484.9,1390,46308,2,1
23155,83,738.7,485.3,1390,46310,2,1
23156,83,738.5,485.8,1390,46312,2,1
23157,83,738.3,486.2,1390,46314,2,1
23158,83,738.1,486.6,1390,46316,2,1
23159,83,737.7,486.8,1390,46318,2,1
23160,83,737.3,486.7,1390,46320,2,1
23161,83,737,486.2,1390,46322,2,1
23162,83,736.6,485.7,1390,46324,2,1
23163,83,736.4,485.2,1390,46326,2,1
23164,83,736.7,484.7,1390,46328,2,1
23165,83,737,484.2,1391,46330,2,1
23166,83,737.5,483.5,1391,46332,2,1
23167,83,737.7,483,1391,46334,2,1
23168,83,738,482.4,1391,46336,2,1
23169,83,738.4,481.8,1391,46338,2,1
23170,83,738.8,481,1391,46340,2,1
23171,83,738.8,480.4,1391,46342,2,1
23172,83,738.8,480.4,1391,46344,2,1
23173,83,739.1,480.5,1391,46346,2,1
23174,83,739.5,480.8,1391,46348,2,1
23175,83,739.9,481.2,1391,46350,2,1
23176,83,740.3,481.7,1391,46352,2,1
23177,83,740.4,482.3,1391,46354,2,1
23178,83,740.2,483,1391,46356,2,1
23179,83,740,483.1,1391,46358,2,1
23180,83,739.4,483.2,1391,46360,2,1
23181,83,739.1,483.4,1391,46362,2,1
23182,83,738.8,483.6,1392,46364,2,1
23183,83,738.6,483.8,1392,46366,2,1
23184,83,738.6,483.9,1392,46368,2,1
23185,83,738.8,483.8,1392,46370,2,1
23186,83,739.1,483.6,1392,46372,2,1
23187,83,739.3,483.4,1392,46374,2,1
23188,83,739.2,483.3,1392,46376,2,1
23189,83,739.2,482.9,1392,46378,2,1
23190,83,739,482.6,1392,46380,2,1
23191,83,738.8,482.2,1392,46382,2,1
23192,83,738.3,482,1392,46384,2,1
23193,83,737.9,481.8,1392,46386,2,1
23194,83,737.5,481.5,1392,46388,2,1
23195,83,737.3,481.2,1392,46390,2,1
23196,83,737,481,1392,46392,2,1
23197,83,737,480.9,1392,46394,2,1
23198,83,737,480.8,1393,46396,2,1
23199,83,737.2,480.5,1393,46398,2,1
23200,83,737.3,480.2,1393,46400,2,1
23201,83,737.4,480,1393,46402,2,1
23202,83,737.5,479.8,1393,46404,2,1
23203,83,737.6,479.6,1393,46406,2,1
23204,83,737.7,479.3,1393,46408,2,1
23205,83,737.7,479.2,1393,46410,2,1
23206,83,737.9,479,1393,46412,2,1
23207,83,738.1,478.9,1393,46414,2,1
23208,83,738.3,478.9,1393,46416,2,1
23209,83,738.6,478.8,1393,46418,2,1
23210,83,738.9,478.9,1393,46420,2,1
23211,83,739.2,479.2,1393,46422,2,1
23212,83,739.5,479.6,1393,46424,2,1
23213,83,739.6,480.1,1393,46426,2,1
23214,83,739.6,480.5,1393,46428,2,1
23215,83,739.7,480.8,1394,46430,2,1
23216,83,739.8,481.1,1394,46432,2,1
23217,83,739.8,481.2,1394,46434,2,1
23218,83,739.8,481.3,1394,46436,2,1
23219,83,739.8,481.3,1394,46438,2,1
23220,83,739.8,481.1,1394,46440,2,1
23221,83,739.8,480.9,1394,46442,2,1
23222,83,739.8,480.6,1394,46444,2,1
23223,83,739.9,480.3,1394,46446,2,1
23224,83,740,479.9,1394,46448,2,1
23225,83,740.1,479.5,1394,46450,2,1
23226,83,740.2,479.5,1394,46452,2,1
23227,83,740.3,479.6,1394,46454,2,1
23228,83,740.5,479.7,1394,46456,2,1
23229,83,740.7,479.6,1394,46458,2,1
23230,83,740.8,479.7,1394,46460,2,1
23231,83,740.9,479.9,1394,46462,2,1
23232,83,740.7,480.3,1395,46464,2,1
23233,83,740.6,480.2,1395,46466,2,1
23234,83,740.4,480,1395,46468,2,1
23235,83,740,479.9,1395,46470,2,1
23236,83,739.6,479.8,1395,46472,2,1
23237,83,738.9,479.3,1395,46474,2,1
23238,83,738.3,478.7,1395,46476,2,1
23239,83,738.1,478.1,1395,46478,2,1
23240,83,737.8,477.6,1395,46480,2,1
23241,83,737.6,477,1395,46482,2,1
23242,83,737.6,476.4,1395,46484,2,1
23243,83,737.6,476,1395,46486,2,1
23244,83,737.9,475.7,1395,46488,2,1
23245,83,738.1,475.5,1395,46490,2,1
23246,83,738.2,475.3,1395,46492,2,1
23247,83,738.3,475.2,1395,46494,2,1
23248,83,738.4,475.2,1396,46496,2,1
23249,83,738.3,475.4,1396,46498,2,1
23250,83,738.3,475.7,1396,46500,2,1
23251,83,738.3,476,1396,46502,2,1
23252,83,738.5,476.3,1396,46504,2,1
23253,83,738.7,476.6,1396,46506,2,1
23254,83,738.9,476.9,1396,46508,2,1
23255,83,739.1,477.2,1396,46510,2,1
23256,83,739.4,477.5,1396,46512,2,1
23257,83,739.5,477.6,1396,46514,2,1
23258,83,739.7,477.7,1396,46516,2,1
23259,83,739.7,477.8,1396,46518,2,1
23260,83,739.9,478,1396,46520,2,1
23261,83,740,478.1,1396,46522,2,1
23262,83,740.1,478.1,1396,46524,2,1
23263,83,740.2,478.3,1396,46526,2,1
23264,83,740.4,478.5,1396,46528,2,1
23265,83,740.4,478.9,1397,46530,2,1
23266,83,739.9,479.5,1397,46532,2,1
23267,83,739.4,479.8,1397,46534,2,1
23268,83,738.9,479.9,1397,46536,2,1
23269,83,738.5,479.3,1397,46538,2,1
23270,83,738,478.4,1397,46540,2,1
23271,83,737.5,475.6,1397,46542,2,1
23272,83,737,471.3,1397,46544,2,1
23273,83,736.8,465.7,1397,46546,2,1
23274,83,736.5,458.5,1397,46548,2,1
23275,83,734.8,449.1,1397,46550,2,1
23276,83,733.2,439.3,1397,46552,2,1
23277,83,731.6,428.6,1397,46554,2,1
23278,83,730.1,418.7,1397,46556,2,1
23279,83,728.8,409.4,1397,46558,2,1
23280,83,726.8,401.4,1397,46560,2,1
23281,83,725.1,395.3,1397,46562,2,1
23282,83,724.5,391.7,1398,46564,2,1
23283,83,723.7,389.9,1398,46566,2,1
23284,83,722.5,389.4,1398,46568,2,1
23285,83,721.1,390.9,1398,46570,2,1
23286,83,719.5,393.1,1398,46572,2,1
23287,83,718.5,395.2,1398,46574,2,1
23288,83,717.4,397.4,1398,46576,2,1
23289,83,716.4,399.5,1398,46578,2,1
23290,83,715.6,400.6,1398,46580,2,1
23291,83,715.2,401.5,1398,46582,2,1
23292,83,715,400.7,1398,46584,2,1
23293,83,715,399.8,1398,46586,2,1
23294,83,715.3,398.7,1398,46588,2,1
23295,83,715.5,397.3,1398,46590,2,1
23296,83,715.8,395.1,1398,46592,2,1
23297,83,716,393.3,1398,46594,2,1
23298,83,716.1,391.6,1399,46596,2,1
23299,83,716.2,390.7,1399,46598,2,1
23300,83,716.3,389.8,1399,46600,2,1
23301,83,716.2,389.1,1399,46602,2,1
23302,83,716.1,388.7,1399,46604,2,1
23303,83,716.1,388.6,1399,46606,2,1
23304,83,716.3,388.6,1399,46608,2,1
23305,83,716.5,388.6,1399,46610,2,1
23306,83,716.7,388.6,1399,46612,2,1
23307,83,716.9,388.7,1399,46614,2,1
23308,83,717.1,388.8,1399,46616,2,1
23309,83,717.2,388.8,1399,46618,2,1
23310,83,717.3,388.9,1399,46620,2,1
23311,83,717.2,389,1399,46622,2,1
23312,83,717.1,389.2,1399,46624,2,1
23313,83,717.1,389.3,1399,46626,2,1
23314,83,717.3,389.5,1399,46628,2,1
23315,83,717.4,389.7,1400,46630,2,1
23316,83,717.7,389.8,1400,46632,2,1
23317,83,718.1,389.9,1400,46634,2,1
23318,83,718.6,390,1400,46636,2,1
23319,83,718.8,390.2,1400,46638,2,1
23320,83,718.9,390.4,1400,46640,2,1
23321,83,718.8,390.6,1400,46642,2,1
23322,83,718.6,390.9,1400,46644,2,1
23323,83,718.2,391.1,1400,46646,2,1
23324,83,717.7,391.4,1400,46648,2,1
23325,83,717.1,391.5,1400,46650,2,1
23326,83,716.8,391.5,1400,46652,2,1
23327,83,716.9,391.2,1400,46654,2,1
23328,83,717.2,390.8,1400,46656,2,1
23329,83,717.5,390.5,1400,46658,2,1
23330,83,718,390.3,1400,46660,2,1
23331,83,718.5,390.1,1400,46662,2,1
23332,83,718.9,390.1,1401,46664,2,1
23333,83,719.2,390,1401,46666,2,1
23334,83,719.5,389.9,1401,46668,2,1
23335,83,719.7,389.4,1401,46670,2,1
23336,83,719.9,388.7,1401,46672,2,1
23337,83,720,387.9,1401,46674,2,1
23338,83,720.2,387.1,1401,46676,2,1
23339,83,720.4,386.6,1401,46678,2,1
23340,83,720.5,386.1,1401,46680,2,1
23341,83,720.6,385.9,1401,46682,2,1
23342,83,720.5,385.9,1401,46684,2,1
23343,83,720.4,386.3,1401,46686,2,1
23344,83,720.3,386.8,1401,46688,2,1
23345,83,720.2,387,1401,46690,2,1
23346,83,720.1,387,1401,46692,2,1
23347,83,720,386.8,1401,46694,2,1
23348,83,719.9,386.5,1402,46696,2,1
23349,83,719.6,386.3,1402,46698,2,1
23350,83,719.4,385.9,1402,46700,2,1
23351,83,719.2,385.6,1402,46702,2,1
23352,83,719,385.2,1402,46704,2,1
23353,83,718.9,384.9,1402,46706,2,1
23354,83,718.7,384.5,1402,46708,2,1
23355,83,718.6,384.2,1402,46710,2,1
23356,83,718.5,384,1402,46712,2,1
23357,83,718.4,384,1402,46714,2,1
23358,83,718.2,384.1,1402,46716,2,1
23359,83,718,384.5,1402,46718,2,1
23360,83,717.8,385,1402,46720,2,1
23361,83,717.6,385.4,1402,46722,2,1
23362,83,717.5,385.8,1402,46724,2,1
23363,83,717.5,386.1,1402,46726,2,1
23364,83,717.5,386.1,1402,46728,2,1
23365,83,717.6,385.7,1403,46730,2,1
23366,83,717.8,385.3,1403,46732,2,1
23367,83,718.1,384.8,1403,46734,2,1
23368,83,718.6,384.4,1403,46736,2,1
23369,83,719.1,384,1403,46738,2,1
23370,83,719.5,383.4,1403,46740,2,1
23371,83,719.9,382.5,1403,46742,2,1
23372,83,720.2,381.6,1403,46744,2,1
23373,83,720.4,380.7,1403,46746,2,1
23374,83,720.4,379.8,1403,46748,2,1
23375,83,720.1,379.4,1403,46750,2,1
23376,83,719.8,379.1,1403,46752,2,1
23377,83,719.5,379.3,1403,46754,2,1
23378,83,719.2,379.7,1403,46756,2,1
23379,83,719,380.3,1403,46758,2,1
23380,83,718.6,380.9,1403,46760,2,1
23381,83,718.4,381.3,1403,46762,2,1
23382,83,718,381.4,1404,46764,2,1
23383,83,717.5,381.3,1404,46766,2,1
23384,83,717.1,381.2,1404,46768,2,1
23385,83,716.7,380.6,1404,46770,2,1
23386,83,716.4,380,1404,46772,2,1
23387,83,716.3,379.4,1404,46774,2,1
23388,83,716.1,379.4,1404,46776,2,1
23389,83,716.1,379.6,1404,46778,2,1
23390,83,716.3,380,1404,46780,2,1
23391,83,716.5,380.7,1404,46782,2,1
23392,83,716.8,381.6,1404,46784,2,1
23393,83,717.1,382.4,1404,46786,2,1
23394,83,717.4,383,1404,46788,2,1
23395,83,717.8,383,1404,46790,2,1
23396,83,718.4,382.9,1404,46792,2,1
23397,83,718.9,382.5,1404,46794,2,1
23398,83,719.6,381.9,1405,46796,2,1
23399,83,720.2,381.3,1405,46798,2,1
23400,83,720.7,380.7,1405,46800,2,1
23401,83,721,380.4,1405,46802,2,1
23402,83,720.8,380.2,1405,46804,2,1
23403,83,720.4,380.2,1405,46806,2,1
23404,83,720,380.4,1405,46808,2,1
23405,83,719.4,380.8,1405,46810,2,1
23406,83,718.8,381.3,1405,46812,2,1
23407,83,718.2,381.7,1405,46814,2,1
23408,83,717.7,382.2,1405,46816,2,1
23409,83,717.5,382.7,1405,46818,2,1
23410,83,717.3,383.2,1405,46820,2,1
23411,83,717,383.4,1405,46822,2,1
23412,83,716.6,383.4,1405,46824,2,1
23413,83,716.3,383.2,1405,46826,2,1
23414,83,716,383,1405,46828,2,1
23415,83,715.7,382.8,1406,46830,2,1
23416,83,715.9,382.6,1406,46832,2,1
23417,83,716.1,382.4,1406,46834,2,1
23418,83,716.4,382.3,1406,46836,2,1
23419,83,716.9,381.9,1406,46838,2,1
23420,83,717.5,381.6,1406,46840,2,1
23421,83,718.1,381.3,1406,46842,2,1
23422,83,718.8,381.1,1406,46844,2,1
23423,83,719.1,380.7,1406,46846,2,1
23424,83,719.5,381.1,1406,46848,2,1
23425,83,719.8,381.5,1406,46850,2,1
23426,83,720.1,382,1406,46852,2,1
23427,83,720.2,382.5,1406,46854,2,1
23428,83,720.3,383,1406,46856,2,1
23429,83,720.2,383.5,1406,46858,2,1
23430,83,720,384,1406,46860,2,1
23431,83,719.8,383.8,1406,46862,2,1
23432,83,719.6,383.4,1407,46864,2,1
23433,83,719.3,383.1,1407,46866,2,1
23434,83,718.8,382.8,1407,46868,2,1
23435,83,718.1,382.5,1407,46870,2,1
23436,83,717.4,382.5,1407,46872,2,1
23437,83,716.8,382.7,1407,46874,2,1
23438,83,716.2,383,1407,46876,2,1
23439,83,715.6,383.4,1407,46878,2,1
23440,83,715.1,383.8,1407,46880,2,1
23441,83,714.7,384.2,1407,46882,2,1
23442,83,714.7,384.7,1407,46884,2,1
23443,83,714.7,385.1,1407,46886,2,1
23444,83,714.8,385.4,1407,46888,2,1
23445,83,714.9,385.9,1407,46890,2,1
23446,83,715,386.3,1407,46892,2,1
23447,83,715.1,386.7,1407,46894,2,1
23448,83,715.1,387.1,1408,46896,2,1
23449,83,715.2,386.9,1408,46898,2,1
23450,83,715.3,386.6,1408,46900,2,1
23451,83,715.4,386.2,1408,46902,2,1
23452,83,715.5,385.7,1408,46904,2,1
23453,83,715.6,385.3,1408,46906,2,1
23454,83,715.7,384.8,1408,46908,2,1
23455,83,715.8,385,1408,46910,2,1
23456,83,715.9,385.7,1408,46912,2,1
23457,83,716,386.3,1408,46914,2,1
23458,83,716.1,387.1,1408,46916,2,1
23459,83,716.3,387.8,1408,46918,2,1
23460,83,716.5,388.4,1408,46920,2,1
23461,83,716.6,389,1408,46922,2,1
23462,83,716.7,389,1408,46924,2,1
23463,83,716.8,389.1,1408,46926,2,1
23464,83,716.6,389.1,1408,46928,2,1
23465,83,716.6,389.2,1409,46930,2,1
23466,83,716.6,389.2,1409,46932,2,1
23467,83,716.6,389.2,1409,46934,2,1
23468,83,716.6,389.3,1409,46936,2,1
23469,83,716.6,389.5,1409,46938,2,1
23470,83,716.8,389.6,1409,46940,2,1
23471,83,716.9,389.6,1409,46942,2,1
23472,83,717,389.7,1409,46944,2,1
23473,83,717,389.4,1409,46946,2,1
23474,83,716.9,389.1,1409,46948,2,1
23475,83,716.7,388.8,1409,46950,2,1
23476,83,716.6,388.3,1409,46952,2,1
23477,83,716.4,388.2,1409,46954,2,1
23478,83,716.4,388,1409,46956,2,1
23479,83,716.4,387.9,1409,46958,2,1
23480,83,716.5,388,1409,46960,2,1
23481,83,716.6,388.2,1409,46962,2,1
23482,83,716.8,388.3,1410,46964,2,1
23483,83,716.9,388.4,1410,46966,2,1
23484,83,716.9,388.3,1410,46968,2,1
23485,83,717.1,387.9,1410,46970,2,1
23486,83,717.2,387.8,1410,46972,2,1
23487,83,717.2,387.8,1410,46974,2,1
23488,83,717.3,387.8,1410,46976,2,1
23489,83,717.3,387.9,1410,46978,2,1
23490,83,717.3,388,1410,46980,2,1
23491,83,717.4,387.9,1410,46982,2,1
23492,83,717.3,387.7,1410,46984,2,1
23493,83,717.1,387.6,1410,46986,2,1
23494,83,717,387.4,1410,46988,2,1
23495,83,717,387.1,1410,46990,2,1
23496,83,717.2,386.7,1410,46992,2,1
23497,83,717.4,386.4,1410,46994,2,1
23498,83,717.7,386.9,1411,46996,2,1
23499,83,717.9,387.7,1411,46998,2,1
23500,83,718.2,388.7,1411,47000,2,1
23501,83,718.4,389.5,1411,47002,2,1
23502,83,718.4,390.5,1411,47004,2,1
23503,83,718.2,391.6,1411,47006,2,1
23504,83,718,392.5,1411,47008,2,1
23505,83,717.7,393,1411,47010,2,1
23506,83,717.4,393.5,1411,47012,2,1
23507,83,717.1,393.8,1411,47014,2,1
23508,83,716.8,394.1,1411,47016,2,1
23509,83,716.8,394.1,1411,47018,2,1
23510,83,716.7,393.8,1411,47020,2,1
23511,83,716.6,393.4,1411,47022,2,1
23512,83,716,392.9,1411,47024,2,1
23513,83,715.6,392.6,1411,47026,2,1
23514,83,715.4,392.3,1411,47028,2,1
23515,83,716.1,392,1412,47030,2,1
23516,83,716.7,391.6,1412,47032,2,1
23517,83,717.4,391.3,1412,47034,2,1
23518,83,718.1,391.2,1412,47036,2,1
23519,83,719.2,391.1,1412,47038,2,1
23520,83,720.2,390.9,1412,47040,2,1
23521,83,720.9,390.8,1412,47042,2,1
23522,83,720.7,390.8,1412,47044,2,1
23523,83,720.6,390.8,1412,47046,2,1
23524,83,720.4,390.6,1412,47048,2,1
23525,83,720.3,390.4,1412,47050,2,1
23526,83,720.3,390.1,1412,47052,2,1
23527,83,720.3,389.6,1412,47054,2,1
23528,83,720.2,389.3,1412,47056,2,1
23529,83,720,389.1,1412,47058,2,1
23530,83,719.8,389.2,1412,47060,2,1
23531,83,719.4,389.5,1412,47062,2,1
23532,83,718.9,389.9,1413,47064,2,1
23533,83,718.4,390.5,1413,47066,2,1
23534,83,717.9,391.2,1413,47068,2,1
23535,83,717.6,391.7,1413,47070,2,1
23536,83,717.4,391.9,1413,47072,2,1
23537,83,717.4,392,1413,47074,2,1
23538,83,717.7,392,1413,47076,2,1
23539,83,718.1,392,1413,47078,2,1
23540,83,718.6,391.7,1413,47080,2,1
23541,83,719.1,391.4,1413,47082,2,1
23542,83,719.6,391.3,1413,47084,2,1
23543,83,720,391.3,1413,47086,2,1
23544,83,720.1,391.4,1413,47088,2,1
23545,83,720.2,391.6,1413,47090,2,1
23546,83,720.2,391.8,1413,47092,2,1
23547,83,720.7,391.9,1413,47094,2,1
23548,83,721.2,392.1,1414,47096,2,1
23549,83,721.6,392.3,1414,47098,2,1
23550,83,722.1,392.4,1414,47100,2,1
23551,83,722.8,392.6,1414,47102,2,1
23552,83,723.4,392.5,1414,47104,2,1
23553,83,723.7,392.5,1414,47106,2,1
23554,83,723.4,392.4,1414,47108,2,1
23555,83,722.6,392.3,1414,47110,2,1
23556,83,721.8,392.1,1414,47112,2,1
23557,83,721.1,391.9,1414,47114,2,1
23558,83,720.4,391.8,1414,47116,2,1
23559,83,719.8,391.8,1414,47118,2,1
23560,83,719.4,391.9,1414,47120,2,1
23561,83,719.4,391.9,1414,47122,2,1
23562,83,719.8,391.7,1414,47124,2,1
23563,83,720.2,391.2,1414,47126,2,1
23564,83,720.9,390.6,1414,47128,2,1
23565,83,722,389.9,1415,47130,2,1
23566,83,722.9,389,1415,47132,2,1
23567,83,723.7,388.2,1415,47134,2,1
23568,83,723.9,387.5,1415,47136,2,1
23569,83,724.2,386.9,1415,47138,2,1
23570,83,724.4,386.8,1415,47140,2,1
23571,83,724.3,386.9,1415,47142,2,1
23572,83,723.6,387.1,1415,47144,2,1
23573,83,723,387.3,1415,47146,2,1
23574,83,722.5,387.4,1415,47148,2,1
23575,83,722.4,387.8,1415,47150,2,1
23576,83,722.2,388,1415,47152,2,1
23577,83,722,388,1415,47154,2,1
23578,83,721.7,388.2,1415,47156,2,1
23579,83,721.6,388.1,1415,47158,2,1
23580,83,721.4,388.1,1415,47160,2,1
23581,83,721.2,388.2,1415,47162,2,1
23582,83,720.8,388,1416,47164,2,1
23583,83,720.4,387.7,1416,47166,2,1
23584,83,720.1,387.4,1416,47168,2,1
23585,83,720,386.8,1416,47170,2,1
23586,83,719.9,386.2,1416,47172,2,1
23587,83,719.6,385.7,1416,47174,2,1
23588,83,719.5,385.2,1416,47176,2,1
23589,83,719.4,384.8,1416,47178,2,1
23590,83,719.2,384.5,1416,47180,2,1
23591,83,719.1,384,1416,47182,2,1
23592,83,718.9,383.7,1416,47184,2,1
23593,83,718.8,383.4,1416,47186,2,1
23594,83,718.9,383.2,1416,47188,2,1
23595,83,718.9,383.4,1416,47190,2,1
23596,83,719,384.3,1416,47192,2,1
23597,83,719.1,385.1,1416,47194,2,1
23598,83,719.2,385.9,1417,47196,2,1
23599,83,719.2,386.8,1417,47198,2,1
23600,83,719.4,387.3,1417,47200,2,1
23601,83,719.4,387.8,1417,47202,2,1
23602,83,719.2,387.7,1417,47204,2,1
23603,83,719,387.3,1417,47206,2,1
23604,83,718.8,386.8,1417,47208,2,1
23605,83,718.7,386.5,1417,47210,2,1
23606,83,718.7,386,1417,47212,2,1
23607,83,718.7,385.6,1417,47214,2,1
23608,83,718.9,385.3,1417,47216,2,1
23609,83,719.4,384.7,1417,47218,2,1
23610,83,719.8,384.3,1417,47220,2,1
23611,83,720.1,383.8,1417,47222,2,1
23612,83,720.5,383.3,1417,47224,2,1
23613,83,720.7,383,1417,47226,2,1
23614,83,720.8,382.9,1417,47228,2,1
23615,83,720.9,383.1,1418,47230,2,1
23616,83,720.9,383.4,1418,47232,2,1
23617,83,721.1,383.6,1418,47234,2,1
23618,83,721.2,383.9,1418,47236,2,1
23619,83,721.3,384.1,1418,47238,2,1
23620,83,721.5,384.4,1418,47240,2,1
23621,83,721.7,385.1,1418,47242,2,1
23622,83,721.9,385.4,1418,47244,2,1
23623,83,722.2,385.8,1418,47246,2,1
23624,83,722.3,386.3,1418,47248,2,1
23625,83,722.5,386.6,1418,47250,2,1
23626,83,722.9,387,1418,47252,2,1
23627,83,723.3,387.3,1418,47254,2,1
23628,83,723.7,387,1418,47256,2,1
23629,83,724,386.8,1418,47258,2,1
23630,83,724.3,386.5,1418,47260,2,1
23631,83,724.5,386.2,1418,47262,2,1
23632,83,724.6,385.9,1419,47264,2,1
23633,83,724.7,385.5,1419,47266,2,1
23634,83,724.7,385.1,1419,47268,2,1
23635,83,724.8,384.6,1419,47270,2,1
23636,83,725,384,1419,47272,2,1
23637,83,725.3,383.4,1419,47274,2,1
23638,83,725.7,382.8,1419,47276,2,1
23639,83,726.3,382.2,1419,47278,2,1
23640,83,726.9,381.9,1419,47280,2,1
23641,83,727.4,382,1419,47282,2,1
23642,83,727.8,382.1,1419,47284,2,1
23643,83,728.1,382.3,1419,47286,2,1
23644,83,728.4,382.7,1419,47288,2,1
23645,83,728.6,383,1419,47290,2,1
23646,83,728.7,383.3,1419,47292,2,1
23647,83,728.7,383.2,1419,47294,2,1
23648,83,728.8,383.2,1420,47296,2,1
23649,83,728.8,383.1,1420,47298,2,1
23650,83,728.7,383.5,1420,47300,2,1
23651,83,728.6,383.6,1420,47302,2,1
23652,83,728.3,383.8,1420,47304,2,1
23653,83,728,383.9,1420,47306,2,1
23654,83,727.7,383.8,1420,47308,2,1
23655,83,727.3,383.7,1420,47310,2,1
23656,83,726.9,383.6,1420,47312,2,1
23657,83,726.6,383.2,1420,47314,2,1
23658,83,726.4,382.9,1420,47316,2,1
23659,83,726.2,382.9,1420,47318,2,1
23660,83,726.1,382.9,1420,47320,2,1
23661,83,726.1,382.8,1420,47322,2,1
23662,83,726.2,382.8,1420,47324,2,1
23663,83,726.3,382.9,1420,47326,2,1
23664,83,726.4,383.1,1420,47328,2,1
23665,83,726.5,383.8,1421,47330,2,1
23666,83,726.9,384.3,1421,47332,2,1
23667,83,727.3,384.8,1421,47334,2,1
23668,83,727.6,385.4,1421,47336,2,1
23669,83,728,385.9,1421,47338,2,1
23670,83,728.4,386.2,1421,47340,2,1
23671,83,728.9,386.6,1421,47342,2,1
23672,83,729.7,386.7,1421,47344,2,1
23673,83,730.2,386.8,1421,47346,2,1
23674,83,730.8,386.8,1421,47348,2,1
23675,83,731.4,387.1,1421,47350,2,1
23676,83,731.8,387.5,1421,47352,2,1
23677,83,732.2,387.9,1421,47354,2,1
23678,83,732.6,388.1,1421,47356,2,1
23679,83,732.7,387.9,1421,47358,2,1
23680,83,733.2,387.5,1421,47360,2,1
23681,83,733.6,387,1421,47362,2,1
23682,83,733.9,386.6,1422,47364,2,1
23683,83,734.3,386.2,1422,47366,2,1
23684,83,734.7,385.9,1422,47368,2,1
23685,83,735,385.6,1422,47370,2,1
23686,83,735.2,385.5,1422,47372,2,1
23687,83,735.2,385.4,1422,47374,2,1
23688,83,735.2,385.3,1422,47376,2,1
23689,83,735.2,385.2,1422,47378,2,1
23690,83,735.1,385.1,1422,47380,2,1
23691,83,735,385.2,1422,47382,2,1
23692,83,734.8,385.2,1422,47384,2,1
23693,83,734.8,385.3,1422,47386,2,1
23694,83,734.7,385.4,1422,47388,2,1
23695,83,734.7,385.5,1422,47390,2,1
23696,83,734.7,385.4,1422,47392,2,1
23697,83,734.8,385.6,1422,47394,2,1
23698,83,735,385.7,1423,47396,2,1
23699,83,735.1,385.7,1423,47398,2,1
23700,83,735.3,385.8,1423,47400,2,1
23701,83,735.5,385.8,1423,47402,2,1
23702,83,735.6,385.8,1423,47404,2,1
23703,83,735.7,385.8,1423,47406,2,1
23704,83,736,385.5,1423,47408,2,1
23705,83,736.3,385.3,1423,47410,2,1
23706,83,736.6,385.3,1423,47412,2,1
23707,83,736.9,385.4,1423,47414,2,1
23708,83,737.2,385.5,1423,47416,2,1
23709,83,737.4,385.5,1423,47418,2,1
23710,83,737.8,385.5,1423,47420,2,1
23711,83,738,385.4,1423,47422,2,1
23712,83,738.4,385.2,1423,47424,2,1
23713,83,738.9,385,1423,47426,2,1
23714,83,739.5,384.8,1423,47428,2,1
23715,83,740,384.5,1424,47430,2,1
23716,83,740.5,384.3,1424,47432,2,1
23717,83,741,384.2,1424,47434,2,1
23718,83,741.5,384.7,1424,47436,2,1
23719,83,741.9,385.2,1424,47438,2,1
23720,83,742.1,385.7,1424,47440,2,1
23721,83,742.4,386.3,1424,47442,2,1
23722,83,742.7,386.8,1424,47444,2,1
23723,83,742.8,387.5,1424,47446,2,1
23724,83,743,388,1424,47448,2,1
23725,83,742.9,388.3,1424,47450,2,1
23726,83,742.8,388.5,1424,47452,2,1
23727,83,742.7,388.8,1424,47454,2,1
23728,83,742.6,388.9,1424,47456,2,1
23729,83,742.5,389,1424,47458,2,1
23730,83,742.4,388.8,1424,47460,2,1
23731,83,742.4,388.7,1424,47462,2,1
23732,83,742.4,388.4,1425,47464,2,1
23733,83,742.2,388.3,1425,47466,2,1
23734,83,741.9,388.2,1425,47468,2,1
23735,83,741.2,388.4,1425,47470,2,1
23736,83,740.5,388.6,1425,47472,2,1
23737,83,739.6,388.9,1425,47474,2,1
23738,83,738.8,389.4,1425,47476,2,1
23739,83,738,389.8,1425,47478,2,1
23740,83,737.4,390.2,1425,47480,2,1
23741,83,737.1,390.6,1425,47482,2,1
23742,83,737.6,390.6,1425,47484,2,1
23743,83,738.1,390.7,1425,47486,2,1
23744,83,738.9,390.4,1425,47488,2,1
23745,83,739.7,389.9,1425,47490,2,1
23746,83,740.6,389.3,1425,47492,2,1
23747,83,741.5,388.3,1425,47494,2,1
23748,83,742.5,387.5,1426,47496,2,1
23749,83,743.2,386.8,1426,47498,2,1
23750,83,743.9,386.3,1426,47500,2,1
23751,83,744.5,386,1426,47502,2,1
23752,83,744.2,385.9,1426,47504,2,1
23753,83,743.8,385.9,1426,47506,2,1
23754,83,743.3,385.9,1426,47508,2,1
23755,83,742.6,385.9,1426,47510,2,1
23756,83,741.7,385.9,1426,47512,2,1
23757,83,740.8,385.9,1426,47514,2,1
23758,83,740,385.9,1426,47516,2,1
23759,83,740,385.8,1426,47518,2,1
23760,83,740,385.8,1426,47520,2,1
23761,83,740,385.8,1426,47522,2,1
23762,83,740.1,385.8,1426,47524,2,1
23763,83,740.1,385.8,1426,47526,2,1
23764,83,740.1,385.9,1426,47528,2,1
23765,83,740.1,386,1427,47530,2,1
23766,83,740.1,386.1,1427,47532,2,1
23767,83,740.2,386,1427,47534,2,1
23768,83,740.3,385.5,1427,47536,2,1
23769,83,740.5,385.1,1427,47538,2,1
23770,83,740.8,384.9,1427,47540,2,1
23771,83,741.1,384.9,1427,47542,2,1
23772,83,741.2,385,1427,47544,2,1
23773,83,741.4,385.5,1427,47546,2,1
23774,83,741.7,386,1427,47548,2,1
23775,83,741.9,386.5,1427,47550,2,1
23776,83,742,387,1427,47552,2,1
23777,83,741.9,387.4,1427,47554,2,1
23778,83,741.9,387.6,1427,47556,2,1
23779,83,741.9,387.6,1427,47558,2,1
23780,83,741.9,387.2,1427,47560,2,1
23781,83,741.9,387.2,1427,47562,2,1
23782,83,741.8,387.2,1428,47564,2,1
23783,83,741.8,387.4,1428,47566,2,1
23784,83,741.8,387.7,1428,47568,2,1
23785,83,741.7,388.1,1428,47570,2,1
23786,83,741.7,388.3,1428,47572,2,1
23787,83,741.5,388.5,1428,47574,2,1
23788,83,741.2,388.5,1428,47576,2,1
23789,83,740.9,388.6,1428,47578,2,1
23790,83,740.4,388.4,1428,47580,2,1
23791,83,740.1,388.5,1428,47582,2,1
23792,83,740,388.7,1428,47584,2,1
23793,83,739.8,389,1428,47586,2,1
23794,83,739.9,389.1,1428,47588,2,1
23795,83,740,389.2,1428,47590,2,1
23796,83,740.3,389.4,1428,47592,2,1
23797,83,740.6,389.7,1428,47594,2,1
23798,83,740.6,390.1,1429,47596,2,1
23799,83,740.4,390.6,1429,47598,2,1
23800,83,740.1,391,1429,47600,2,1
23801,83,739.9,391.5,1429,47602,2,1
23802,83,739.6,391.9,1429,47604,2,1
23803,83,739.4,392.4,1429,47606,2,1
23804,83,739.3,392.8,1429,47608,2,1
23805,83,739.3,393.2,1429,47610,2,1
23806,83,739.5,393.5,1429,47612,2,1
23807,83,739.7,393.7,1429,47614,2,1
23808,83,740,394,1429,47616,2,1
23809,83,740.4,394.3,1429,47618,2,1
23810,83,740.7,394.9,1429,47620,2,1
23811,83,741,395.5,1429,47622,2,1
23812,83,741.3,396,1429,47624,2,1
23813,83,741.5,396.6,1429,47626,2,1
23814,83,741.6,397.2,1429,47628,2,1
23815,83,741.6,397.7,1430,47630,2,1
23816,83,741.6,397.9,1430,47632,2,1
23817,83,741.7,397.6,1430,47634,2,1
23818,83,741.6,397.3,1430,47636,2,1
23819,83,741.5,397.1,1430,47638,2,1
23820,83,741.3,396.9,1430,47640,2,1
23821,83,741,396.6,1430,47642,2,1
23822,83,740.6,396.3,1430,47644,2,1
23823,83,740.1,396.5,1430,47646,2,1
23824,83,739.7,396.7,1430,47648,2,1
23825,83,739.3,397,1430,47650,2,1
23826,83,739,397.2,1430,47652,2,1
23827,83,738.6,397.5,1430,47654,2,1
23828,83,738.4,397.5,1430,47656,2,1
23829,83,738.2,397.5,1430,47658,2,1
23830,83,738.2,397.3,1430,47660,2,1
23831,83,738.1,397,1430,47662,2,1
23832,83,738.1,396.7,1431,47664,2,1
23833,83,738.1,396.4,1431,47666,2,1
23834,83,738.4,396,1431,47668,2,1
23835,83,738.8,395.8,1431,47670,2,1
23836,83,739.3,395.6,1431,47672,2,1
23837,83,739.8,394.9,1431,47674,2,1
23838,83,740.3,394.2,1431,47676,2,1
23839,83,740.8,393.3,1431,47678,2,1
23840,83,741.2,392.6,1431,47680,2,1
23841,83,741.6,392,1431,47682,2,1
23842,83,741.9,391.9,1431,47684,2,1
23843,83,742.3,392.1,1431,47686,2,1
23844,83,742.6,392.7,1431,47688,2,1
23845,83,742.9,393.7,1431,47690,2,1
23846,83,743.1,394.7,1431,47692,2,1
23847,83,743.4,395.6,1431,47694,2,1
23848,83,743.7,396.1,1432,47696,2,1
23849,83,743.9,396.1,1432,47698,2,1
23850,83,743.9,396.2,1432,47700,2,1
23851,83,743.9,395.8,1432,47702,2,1
23852,83,744.2,395,1432,47704,2,1
23853,83,744.6,394.3,1432,47706,2,1
23854,83,745,393.6,1432,47708,2,1
23855,83,745.3,393,1432,47710,2,1
23856,83,745.5,392.6,1432,47712,2,1
23857,83,745.4,392.2,1432,47714,2,1
23858,83,745.3,392.2,1432,47716,2,1
23859,83,745,392.1,1432,47718,2,1
23860,83,744.6,392.5,1432,47720,2,1
23861,83,744.1,392.9,1432,47722,2,1
23862,83,743.7,393.3,1432,47724,2,1
23863,83,743.4,393.7,1432,47726,2,1
23864,83,743.4,394.3,1432,47728,2,1
23865,83,743.3,394.6,1433,47730,2,1
23866,83,743.3,394.8,1433,47732,2,1
23867,83,743.3,394.5,1433,47734,2,1
23868,83,743.8,394.1,1433,47736,2,1
23869,83,744.3,393.3,1433,47738,2,1
23870,83,744.9,392.3,1433,47740,2,1
23871,83,745.5,391,1433,47742,2,1
23872,83,746.1,389.8,1433,47744,2,1
23873,83,746.5,388.7,1433,47746,2,1
23874,83,746.8,387.8,1433,47748,2,1
23875,83,746.6,387.1,1433,47750,2,1
23876,83,746.3,386.9,1433,47752,2,1
23877,83,745.9,386.7,1433,47754,2,1
23878,83,745.6,387.1,1433,47756,2,1
23879,83,745.2,387.7,1433,47758,2,1
23880,83,745,388.3,1433,47760,2,1
23881,83,744.8,389,1433,47762,2,1
23882,83,744.7,389.9,1434,47764,2,1
23883,83,744.8,390.7,1434,47766,2,1
23884,83,744.9,391.5,1434,47768,2,1
23885,83,745.1,391.9,1434,47770,2,1
23886,83,745.3,392.1,1434,47772,2,1
23887,83,745.5,392.2,1434,47774,2,1
23888,83,745.7,392.6,1434,47776,2,1
23889,83,745.8,392.9,1434,47778,2,1
23890,83,745.7,393.2,1434,47780,2,1
23891,83,745.7,393.4,1434,47782,2,1
23892,83,745.6,393.6,1434,47784,2,1
23893,83,745.6,393.4,1434,47786,2,1
23894,83,745.6,393.2,1434,47788,2,1
23895,83,745.3,392.6,1434,47790,2,1
23896,83,745.1,391.9,1434,47792,2,1
23897,83,744.9,391.1,1434,47794,2,1
23898,83,744.5,390.5,1435,47796,2,1
23899,83,744.4,390,1435,47798,2,1
23900,83,744.4,389.7,1435,47800,2,1
23901,83,744.4,389.9,1435,47802,2,1
23902,83,744.5,390.1,1435,47804,2,1
23903,83,744.4,390.4,1435,47806,2,1
23904,83,744.2,390.7,1435,47808,2,1
23905,83,744,391,1435,47810,2,1
23906,83,743.5,391.3,1435,47812,2,1
23907,83,742.8,391.2,1435,47814,2,1
23908,83,742.1,391.2,1435,47816,2,1
23909,83,741.7,391.1,1435,47818,2,1
23910,83,741.6,391.1,1435,47820,2,1
23911,83,741.5,391.2,1435,47822,2,1
23912,83,741.4,391.2,1435,47824,2,1
23913,83,741.5,391.2,1435,47826,2,1
23914,83,741.7,391.4,1435,47828,2,1
23915,83,741.9,391.6,1436,47830,2,1
23916,83,742.3,391.8,1436,47832,2,1
23917,83,742.6,392,1436,47834,2,1
23918,83,743,392.1,1436,47836,2,1
23919,83,743.4,391.9,1436,47838,2,1
23920,83,744.2,391.1,1436,47840,2,1
23921,83,744.9,390.2,1436,47842,2,1
23922,83,745.5,389.3,1436,47844,2,1
23923,83,746.1,388.5,1436,47846,2,1
23924,83,746.6,388.1,1436,47848,2,1
23925,83,747.2,387.7,1436,47850,2,1
23926,83,747.7,387.6,1436,47852,2,1
23927,83,748,388.2,1436,47854,2,1
23928,83,748.3,388.8,1436,47856,2,1
23929,83,748.6,389.3,1436,47858,2,1
23930,83,748.8,389.6,1436,47860,2,1
23931,83,748.9,389.6,1436,47862,2,1
23932,83,749,390.1,1437,47864,2,1
23933,83,748.9,390.7,1437,47866,2,1
23934,83,748.6,391.3,1437,47868,2,1
23935,83,748.4,391.9,1437,47870,2,1
23936,83,748.1,392.3,1437,47872,2,1
23937,83,747.8,392.9,1437,47874,2,1
23938,83,747.5,393.5,1437,47876,2,1
23939,83,746.9,393.7,1437,47878,2,1
23940,83,746.4,393.8,1437,47880,2,1
23941,83,746,393.9,1437,47882,2,1
23942,83,745.6,394,1437,47884,2,1
23943,83,745.2,394.2,1437,47886,2,1
23944,83,745,394.4,1437,47888,2,1
23945,83,744.9,394.4,1437,47890,2,1
23946,83,745,394.6,1437,47892,2,1
23947,83,745,394.6,1437,47894,2,1
23948,83,744.6,394.7,1438,47896,2,1
23949,83,744.1,394.8,1438,47898,2,1
23950,83,743.6,394.8,1438,47900,2,1
23951,83,743,394.8,1438,47902,2,1
23952,83,742.4,394.9,1438,47904,2,1
23953,83,741.8,394.8,1438,47906,2,1
23954,83,741.3,394.5,1438,47908,2,1
23955,83,742.2,394.1,1438,47910,2,1
23956,83,743,393.4,1438,47912,2,1
23957,83,744.1,392.6,1438,47914,2,1
23958,83,745,391.7,1438,47916,2,1
23959,83,745.8,390.8,1438,47918,2,1
23960,83,746.7,389.9,1438,47920,2,1
23961,83,747.6,389.2,1438,47922,2,1
23962,83,747.7,388.5,1438,47924,2,1
23963,83,747.7,388,1438,47926,2,1
23964,83,747.6,387.5,1438,47928,2,1
23965,83,747.5,387.1,1439,47930,2,1
23966,83,747.6,386.9,1439,47932,2,1
23967,83,747.8,386.6,1439,47934,2,1
23968,83,748,386.5,1439,47936,2,1
23969,83,748.2,386.5,1439,47938,2,1
23970,83,748.3,386.8,1439,47940,2,1
23971,83,748.4,387.1,1439,47942,2,1
23972,83,748.5,387.6,1439,47944,2,1
23973,83,748.6,388,1439,47946,2,1
23974,83,748.6,388.3,1439,47948,2,1
23975,83,748.6,388.5,1439,47950,2,1
23976,83,748.6,388.8,1439,47952,2,1
23977,83,748.7,389.1,1439,47954,2,1
23978,83,748.9,389.3,1439,47956,2,1
23979,83,749.1,389.5,1439,47958,2,1
23980,83,749.3,389.6,1439,47960,2,1
23981,83,749.5,389.8,1439,47962,2,1
23982,83,749.7,389.9,1440,47964,2,1
23983,83,749.9,390.2,1440,47966,2,1
23984,83,749.9,390.5,1440,47968,2,1
23985,83,749.9,390.7,1440,47970,2,1
23986,83,749.9,390.9,1440,47972,2,1
23987,83,749.7,391.1,1440,47974,2,1
23988,83,749.1,391.5,1440,47976,2,1
23989,83,748.6,391.8,1440,47978,2,1
23990,83,748,392,1440,47980,2,1
23991,83,747.6,392.1,1440,47982,2,1
23992,83,747.1,392.3,1440,47984,2,1
23993,83,746.7,392.4,1440,47986,2,1
23994,83,746.4,392.4,1440,47988,2,1
23995,83,746.4,392.1,1440,47990,2,1
23996,83,746.4,392,1440,47992,2,1
23997,83,746.4,391.9,1440,47994,2,1
23998,83,746.3,391.9,1441,47996,2,1
23999,83,746.2,391.8,1441,47998,2,1
24000,83,746.2,391.6,1441,48000,2,1
24001,83,746.2,392.1,1441,48002,2,1
24002,83,746.1,392.9,1441,48004,2,1
24003,83,746,393.5,1441,48006,2,1
24004,83,745.9,394.3,1441,48008,2,1
24005,83,745.7,395,1441,48010,2,1
24006,83,745.6,395.6,1441,48012,2,1
24007,83,745.4,396.3,1441,48014,2,1
24008,83,745.4,396.3,1441,48016,2,1
24009,83,745.4,396.2,1441,48018,2,1
24010,83,745.5,396,1441,48020,2,1
24011,83,745.5,395.5,1441,48022,2,1
24012,83,745.5,394.9,1441,48024,2,1
24013,83,745.4,394.3,1441,48026,2,1
24014,83,745.2,393.8,1441,48028,2,1
24015,83,744.9,393.3,1442,48030,2,1
24016,83,744.4,393,1442,48032,2,1
24017,83,744,392.8,1442,48034,2,1
24018,83,743.4,392.8,1442,48036,2,1
24019,83,742.7,392.8,1442,48038,2,1
24020,83,742.2,392.8,1442,48040,2,1
24021,83,741.8,392.8,1442,48042,2,1
24022,83,741.4,392.9,1442,48044,2,1
24023,83,741.2,393,1442,48046,2,1
24024,83,740.9,393.4,1442,48048,2,1
24025,83,740.8,393.8,1442,48050,2,1
24026,83,740.7,394.1,1442,48052,2,1
24027,83,740.9,394.5,1442,48054,2,1
24028,83,741.1,394.6,1442,48056,2,1
24029,83,741.2,394.9,1442,48058,2,1
24030,83,741.1,395.1,1442,48060,2,1
24031,83,741,395.1,1442,48062,2,1
24032,83,740.9,395.2,1443,48064,2,1
24033,83,740.8,395.2,1443,48066,2,1
24034,83,740.4,395.4,1443,48068,2,1
24035,83,740.1,395.9,1443,48070,2,1
24036,83,739.8,396.2,1443,48072,2,1
24037,83,739.8,396.5,1443,48074,2,1
24038,83,739.9,396.6,1443,48076,2,1
24039,83,739.9,396.8,1443,48078,2,1
24040,83,740,396.9,1443,48080,2,1
24041,83,740.3,397.1,1443,48082,2,1
24042,83,740.6,397.2,1443,48084,2,1
24043,83,741.5,397.2,1443,48086,2,1
24044,83,742.2,397.3,1443,48088,2,1
24045,83,742.7,397.5,1443,48090,2,1
24046,83,743.2,397.6,1443,48092,2,1
24047,83,743.7,397.7,1443,48094,2,1
24048,83,744.1,397.6,1444,48096,2,1
24049,83,744.4,397.5,1444,48098,2,1
24050,83,744.2,397.4,1444,48100,2,1
24051,83,744.1,397.3,1444,48102,2,1
24052,83,744.1,397.1,1444,48104,2,1
24053,83,744.2,397.1,1444,48106,2,1
24054,83,744.3,397.1,1444,48108,2,1
24055,83,744.4,397.1,1444,48110,2,1
24056,83,744.5,397.1,1444,48112,2,1
24057,83,744.7,397,1444,48114,2,1
24058,83,744.8,396.4,1444,48116,2,1
24059,83,744.7,396,1444,48118,2,1
24060,83,744.4,395.5,1444,48120,2,1
24061,83,744,395.1,1444,48122,2,1
24062,83,743.6,394.9,1444,48124,2,1
24063,83,743.7,394.3,1444,48126,2,1
24064,83,743.8,393.7,1444,48128,2,1
24065,83,743.9,393.3,1445,48130,2,1
24066,83,744.4,392.8,1445,48132,2,1
24067,83,745.1,392.4,1445,48134,2,1
24068,83,745.8,392.2,1445,48136,2,1
24069,83,746.5,392.2,1445,48138,2,1
24070,83,746.5,392.9,1445,48140,2,1
24071,83,746.6,393.6,1445,48142,2,1
24072,83,746.6,394.4,1445,48144,2,1
24073,83,746.6,395.3,1445,48146,2,1
24074,83,746.4,396.4,1445,48148,2,1
24075,83,746.2,397.2,1445,48150,2,1
24076,83,745.9,397.6,1445,48152,2,1
24077,83,745.7,397.6,1445,48154,2,1
24078,83,745.4,397.6,1445,48156,2,1
24079,83,744.9,397.6,1445,48158,2,1
24080,83,744.4,397.7,1445,48160,2,1
24081,83,744,397.4,1445,48162,2,1
24082,83,743.6,397.2,1446,48164,2,1
24083,83,743.4,397.1,1446,48166,2,1
24084,83,743.2,396.9,1446,48168,2,1
24085,83,743.2,396.7,1446,48170,2,1
24086,83,743.3,396.3,1446,48172,2,1
24087,83,743.6,395.9,1446,48174,2,1
24088,83,743.8,395.7,1446,48176,2,1
24089,83,744,395.7,1446,48178,2,1
24090,83,744.1,395.6,1446,48180,2,1
24091,83,744.2,395.5,1446,48182,2,1
24092,83,744.1,395.4,1446,48184,2,1
24093,83,743.8,395.3,1446,48186,2,1
24094,83,743.5,395.4,1446,48188,2,1
24095,83,743.1,395.4,1446,48190,2,1
24096,83,742.8,395.5,1446,48192,2,1
24097,83,742.8,395.4,1446,48194,2,1
24098,83,742.8,395.2,1447,48196,2,1
24099,83,742.9,395.5,1447,48198,2,1
24100,83,743,395.7,1447,48200,2,1
24101,83,743,395.9,1447,48202,2,1
24102,83,743,396,1447,48204,2,1
24103,83,743,396.1,1447,48206,2,1
24104,83,742.8,396.2,1447,48208,2,1
24105,83,741.9,396.3,1447,48210,2,1
24106,83,741,395.8,1447,48212,2,1
24107,83,740.1,395.2,1447,48214,2,1
24108,83,739.2,394.7,1447,48216,2,1
24109,83,738.4,394.2,1447,48218,2,1
24110,83,737.6,393.8,1447,48220,2,1
24111,83,736.7,393.8,1447,48222,2,1
24112,83,736.5,393.8,1447,48224,2,1
24113,83,736.3,394,1447,48226,2,1
24114,83,736.2,394.4,1447,48228,2,1
24115,83,736.2,394.8,1448,48230,2,1
24116,83,736.2,395.3,1448,48232,2,1
24117,83,736.2,395.8,1448,48234,2,1
24118,83,736,396.3,1448,48236,2,1
24119,83,735.8,396.7,1448,48238,2,1
24120,83,735.7,397,1448,48240,2,1
24121,83,735.8,397,1448,48242,2,1
24122,83,736.3,396.8,1448,48244,2,1
24123,83,736.8,396,1448,48246,2,1
24124,83,737.4,395.1,1448,48248,2,1
24125,83,738.2,394.2,1448,48250,2,1
24126,83,738.9,393.3,1448,48252,2,1
24127,83,739.5,392.3,1448,48254,2,1
24128,83,739.9,391.4,1448,48256,2,1
24129,83,739.9,390.7,1448,48258,2,1
24130,83,739.8,390.7,1448,48260,2,1
24131,83,739.9,390.7,1448,48262,2,1
24132,83,740,390.9,1449,48264,2,1
24133,83,740.1,391.1,1449,48266,2,1
24134,83,740.3,391.2,1449,48268,2,1
24135,83,740.5,391.2,1449,48270,2,1
24136,83,740.5,391.2,1449,48272,2,1
24137,83,740.5,391,1449,48274,2,1
24138,83,740.5,390.8,1449,48276,2,1
24139,83,740.7,390.2,1449,48278,2,1
24140,83,740.6,389.8,1449,48280,2,1
24141,83,740.5,389.4,1449,48282,2,1
24142,83,740.6,389.1,1449,48284,2,1
24143,83,740.8,388.8,1449,48286,2,1
24144,83,741.1,388.6,1449,48288,2,1
24145,83,741.2,388.5,1449,48290,2,1
24146,83,741.2,388.7,1449,48292,2,1
24147,83,741.3,388.9,1449,48294,2,1
24148,83,741.1,389.1,1450,48296,2,1
24149,83,740.7,389.4,1450,48298,2,1
24150,83,740.3,389.7,1450,48300,2,1
24151,83,739.8,389.9,1450,48302,2,1
24152,83,739.2,390.3,1450,48304,2,1
24153,83,738.7,390.5,1450,48306,2,1
24154,83,738.3,390.7,1450,48308,2,1
24155,83,738.3,390.8,1450,48310,2,1
24156,83,738.7,390.8,1450,48312,2,1
24157,83,739.2,390.8,1450,48314,2,1
24158,83,739.7,390.5,1450,48316,2,1
24159,83,740.1,390.4,1450,48318,2,1
24160,83,740.5,390.3,1450,48320,2,1
24161,83,741,390.1,1450,48322,2,1
24162,83,741.3,389.9,1450,48324,2,1
24163,83,741.2,389.7,1450,48326,2,1
24164,83,740.9,389.2,1450,48328,2,1
24165,83,740.7,389.1,1451,48330,2,1
24166,83,740.5,388.9,1451,48332,2,1
24167,83,740.2,388.8,1451,48334,2,1
24168,83,739.8,389,1451,48336,2,1
24169,83,739.5,389.1,1451,48338,2,1
24170,83,739.1,389.3,1451,48340,2,1
24171,83,738.8,389.7,1451,48342,2,1
24172,83,738.6,390,1451,48344,2,1
24173,83,738.3,390.3,1451,48346,2,1
24174,83,738.1,390.3,1451,48348,2,1
24175,83,737.7,390.4,1451,48350,2,1
24176,83,737.4,390.5,1451,48352,2,1
24177,83,737.2,390.6,1451,48354,2,1
24178,83,737.1,390.5,1451,48356,2,1
24179,83,737,390.7,1451,48358,2,1
24180,83,737.1,390.8,1451,48360,2,1
24181,83,737.2,391.1,1451,48362,2,1
24182,83,737.4,391.5,1452,48364,2,1
24183,83,737.7,391.6,1452,48366,2,1
24184,83,738,391.5,1452,48368,2,1
24185,83,738.3,391.3,1452,48370,2,1
24186,83,738.5,390.9,1452,48372,2,1
24187,83,738.6,390.7,1452,48374,2,1
24188,83,738.8,391.3,1452,48376,2,1
24189,83,738.9,391.9,1452,48378,2,1
24190,83,739,392.7,1452,48380,2,1
24191,83,739,393.5,1452,48382,2,1
24192,83,739.1,394.4,1452,48384,2,1
24193,83,739,395.3,1452,48386,2,1
24194,83,739,396.1,1452,48388,2,1
24195,83,739,396.1,1452,48390,2,1
24196,83,739,396,1452,48392,2,1
24197,83,739.1,396,1452,48394,2,1
24198,83,739.1,395.9,1453,48396,2,1
24199,83,739.2,396,1453,48398,2,1
24200,83,738.9,396.1,1453,48400,2,1
24201,83,738.5,396.1,1453,48402,2,1
24202,83,738.2,396,1453,48404,2,1
24203,83,738.1,396,1453,48406,2,1
24204,83,738.2,396,1453,48408,2,1
24205,83,738.2,395.8,1453,48410,2,1
24206,83,738.2,395.6,1453,48412,2,1
24207,83,738.8,395.4,1453,48414,2,1
24208,83,739.5,395.2,1453,48416,2,1
24209,83,740.6,394.9,1453,48418,2,1
24210,83,741.5,394.5,1453,48420,2,1
24211,83,741.9,394.2,1453,48422,2,1
24212,83,742.1,393.9,1453,48424,2,1
24213,83,742.3,393.7,1453,48426,2,1
24214,83,742.3,393.4,1453,48428,2,1
24215,83,742.4,393.2,1454,48430,2,1
24216,83,742,393.1,1454,48432,2,1
24217,83,741.6,393.3,1454,48434,2,1
24218,83,741.4,393.6,1454,48436,2,1
24219,83,741.2,394.3,1454,48438,2,1
24220,83,740.4,395.1,1454,48440,2,1
24221,83,739.6,395.8,1454,48442,2,1
24222,83,738.7,396.5,1454,48444,2,1
24223,83,737.7,397.4,1454,48446,2,1
24224,83,736.7,398.1,1454,48448,2,1
24225,83,735.7,398.8,1454,48450,2,1
24226,83,734.9,399.1,1454,48452,2,1
24227,83,734.6,399.3,1454,48454,2,1
24228,83,734.5,399.4,1454,48456,2,1
24229,83,734.5,399.4,1454,48458,2,1
24230,83,734.7,399.1,1454,48460,2,1
24231,83,735.5,398.3,1454,48462,2,1
24232,83,736.6,399.3,1455,48464,2,1
24233,83,737.8,402.2,1455,48466,2,1
24234,83,739.3,412.7,1455,48468,2,1
24235,83,740.6,435,1455,48470,2,1
24236,83,742.1,478.8,1455,48472,2,1
24237,83,798.2,576.4,1455,48474,2,1
24238,83,797.6,708.5,1455,48476,2,1
24239,83,736.8,873.9,1455,48478,2,1
24240,83,-9999,-9999,1455,48480,2,1
24241,83,-9999,-9999,1455,48482,2,1
24242,83,-9999,-9999,1455,48484,2,1
24243,83,-9999,-9999,1455,48486,2,1
24244,83,-9999,-9999,1455,48488,2,1
24245,83,-9999,-9999,1455,48490,2,1
24246,83,-9999,-9999,1455,48492,2,1
24247,83,-9999,-9999,1455,48494,2,1
24248,83,-9999,-9999,1456,48496,2,1
24249,83,-9999,-9999,1456,48498,2,1
24250,83,-9999,-9999,1456,48500,2,1
24251,83,-9999,-9999,1456,48502,2,1
24252,83,-9999,-9999,1456,48504,2,1
24253,83,-9999,-9999,1456,48506,2,1
24254,83,-9999,-9999,1456,48508,2,1
24255,83,-9999,-9999,1456,48510,2,1
24256,83,-9999,-9999,1456,48512,2,1
24257,83,-9999,-9999,1456,48514,2,1
24258,83,-9999,-9999,1456,48516,2,1
24259,83,-9999,-9999,1456,48518,2,1
24260,83,-9999,-9999,1456,48520,2,1
24261,83,-9999,-9999,1456,48522,2,1
24262,83,-9999,-9999,1456,48524,2,1
24263,83,-9999,-9999,1456,48526,2,1
24264,83,-9999,-9999,1456,48528,2,1
24265,83,-9999,-9999,1457,48530,2,1
24266,83,-9999,-9999,1457,48532,2,1
24267,83,-9999,-9999,1457,48534,2,1
24268,83,-9999,-9999,1457,48536,2,1
24269,83,-9999,-9999,1457,48538,2,1
24270,83,-9999,-9999,1457,48540,2,1
24271,83,-9999,-9999,1457,48542,2,1
24272,83,-9999,-9999,1457,48544,2,1
24273,83,-9999,-9999,1457,48546,2,1
24274,83,-9999,-9999,1457,48548,2,1
24275,83,-9999,-9999,1457,48550,2,1
24276,83,-9999,-9999,1457,48552,2,1
24277,83,-9999,-9999,1457,48554,2,1
24278,83,-9999,-9999,1457,48556,2,1
24279,83,-9999,-9999,1457,48558,2,1
24280,83,-9999,-9999,1457,48560,2,1
24281,83,-9999,-9999,1457,48562,2,1
24282,83,-9999,-9999,1458,48564,2,1
24283,83,-9999,-9999,1458,48566,2,1
24284,83,-9999,-9999,1458,48568,2,1
24285,83,-9999,-9999,1458,48570,2,1
24286,83,-9999,-9999,1458,48572,2,1
24287,83,-9999,-9999,1458,48574,2,1
24288,83,-9999,-9999,1458,48576,2,1
24289,83,-9999,-9999,1458,48578,2,1
24290,83,-9999,-9999,1458,48580,2,1
24291,83,-9999,-9999,1458,48582,2,1
24292,83,-9999,-9999,1458,48584,2,1
24293,83,-9999,-9999,1458,48586,2,1
24294,83,-9999,-9999,1458,48588,2,1
24295,83,-9999,-9999,1458,48590,2,1
24296,83,-9999,-9999,1458,48592,2,1
24297,83,-9999,-9999,1458,48594,2,1
24298,83,-9999,-9999,1459,48596,2,1
24299,83,-9999,-9999,1459,48598,2,1
24300,83,-9999,-9999,1459,48600,2,1
24301,83,-9999,-9999,1459,48602,2,1
24302,83,-9999,-9999,1459,48604,2,1
24303,83,-9999,-9999,1459,48606,2,1
24304,83,-9999,-9999,1459,48608,2,1
24305,83,-9999,-9999,1459,48610,2,1
24306,83,-9999,-9999,1459,48612,2,1
24307,83,-9999,-9999,1459,48614,2,1
24308,83,-9999,-9999,1459,48616,2,1
24309,83,-9999,-9999,1459,48618,2,1
24310,83,-9999,-9999,1459,48620,2,1
24311,83,-9999,-9999,1459,48622,2,1
24312,83,-9999,-9999,1459,48624,2,1
24313,83,-9999,-9999,1459,48626,2,1
24314,83,-9999,-9999,1459,48628,2,1
24315,83,-9999,-9999,1460,48630,2,1
24316,83,-9999,-9999,1460,48632,2,1
24317,83,-9999,-9999,1460,48634,2,1
24318,83,-9999,-9999,1460,48636,2,1
24319,83,-9999,-9999,1460,48638,2,1
24320,83,-9999,-9999,1460,48640,2,1
24321,83,-9999,-9999,1460,48642,2,1
24322,83,-9999,-9999,1460,48644,2,1
24323,83,-9999,-9999,1460,48646,2,1
24324,83,-9999,-9999,1460,48648,2,1
24325,83,-9999,-9999,1460,48650,2,1
24326,83,-9999,-9999,1460,48652,2,1
24327,83,-9999,-9999,1460,48654,2,1
24328,83,-9999,-9999,1460,48656,2,1
24329,83,-9999,-9999,1460,48658,2,1
24330,83,-9999,-9999,1460,48660,2,1
24331,83,-9999,-9999,1460,48662,2,1
24332,83,-9999,-9999,1461,48664,2,1
24333,83,-9999,-9999,1461,48666,2,1
24334,83,-9999,-9999,1461,48668,2,1
24335,83,-9999,-9999,1461,48670,2,1
24336,83,-9999,-9999,1461,48672,2,1
24337,83,-9999,-9999,1461,48674,2,1
24338,83,-9999,-9999,1461,48676,2,1
24339,83,-9999,-9999,1461,48678,2,1
24340,83,-9999,-9999,1461,48680,2,1
24341,83,-9999,-9999,1461,48682,2,1
24342,83,-9999,-9999,1461,48684,2,1
24343,83,-9999,-9999,1461,48686,2,1
24344,83,-9999,-9999,1461,48688,2,1
24345,83,-9999,-9999,1461,48690,2,1
24346,83,-9999,-9999,1461,48692,2,1
24347,83,-9999,-9999,1461,48694,2,1
24348,83,-9999,-9999,1462,48696,2,1
24349,83,-9999,-9999,1462,48698,2,1
24350,83,-9999,-9999,1462,48700,2,1
24351,83,-9999,-9999,1462,48702,2,1
24352,83,-9999,-9999,1462,48704,2,1
24353,83,-9999,-9999,1462,48706,2,1
24354,83,-9999,-9999,1462,48708,2,1
24355,83,-9999,-9999,1462,48710,2,1
24356,83,-9999,-9999,1462,48712,2,1
24357,83,-9999,-9999,1462,48714,2,1
24358,83,-9999,-9999,1462,48716,2,1
24359,83,-9999,-9999,1462,48718,2,1
24360,83,-9999,-9999,1462,48720,2,1
24361,83,-9999,-9999,1462,48722,2,1
24362,83,-9999,-9999,1462,48724,2,1
24363,83,-9999,-9999,1462,48726,2,1
24364,83,-9999,-9999,1462,48728,2,1
24365,83,-9999,-9999,1463,48730,2,1
24366,83,-9999,-9999,1463,48732,2,1
24367,83,-9999,-9999,1463,48734,2,1
24368,83,-9999,-9999,1463,48736,2,1
24369,83,-9999,-9999,1463,48738,2,1
24370,83,-9999,-9999,1463,48740,2,1
24371,83,-9999,-9999,1463,48742,2,1
24372,83,-9999,-9999,1463,48744,2,1
24373,83,-9999,-9999,1463,48746,2,1
24374,83,-9999,-9999,1463,48748,2,1
24375,83,-9999,-9999,1463,48750,2,1
24376,83,-9999,-9999,1463,48752,2,1
24377,83,-9999,-9999,1463,48754,2,1
24378,83,-9999,-9999,1463,48756,2,1
24379,83,-9999,-9999,1463,48758,2,1
24380,83,-9999,-9999,1463,48760,2,1
24381,83,-9999,-9999,1463,48762,2,1
24382,83,-9999,-9999,1464,48764,2,1
24383,83,-9999,-9999,1464,48766,2,1
24384,83,-9999,-9999,1464,48768,2,1
24385,83,-9999,-9999,1464,48770,2,1
24386,83,-9999,-9999,1464,48772,2,1
24387,83,-9999,-9999,1464,48774,2,1
24388,83,-9999,-9999,1464,48776,2,1
24389,83,-9999,-9999,1464,48778,2,1
24390,83,-9999,-9999,1464,48780,2,1
24391,83,-9999,-9999,1464,48782,2,1
24392,83,-9999,-9999,1464,48784,2,1
24393,83,-9999,-9999,1464,48786,2,1
24394,83,-9999,-9999,1464,48788,2,1
24395,83,-9999,-9999,1464,48790,2,1
24396,83,-9999,-9999,1464,48792,2,1
24397,83,-9999,-9999,1464,48794,2,1
24398,83,-9999,-9999,1465,48796,2,1
24399,83,-9999,-9999,1465,48798,2,1
24400,83,-9999,-9999,1465,48800,2,1
24401,83,-9999,-9999,1465,48802,2,1
24402,83,-9999,-9999,1465,48804,2,1
24403,83,-9999,-9999,1465,48806,2,1
24404,83,-9999,-9999,1465,48808,2,1
24405,83,-9999,-9999,1465,48810,2,1
24406,83,-9999,-9999,1465,48812,2,1
24407,83,-9999,-9999,1465,48814,2,1
24408,83,-9999,-9999,1465,48816,2,1
24409,83,-9999,-9999,1465,48818,2,1
24410,83,-9999,-9999,1465,48820,2,1
24411,83,-9999,-9999,1465,48822,2,1
24412,83,-9999,-9999,1465,48824,2,1
24413,83,-9999,-9999,1465,48826,2,1
24414,83,-9999,-9999,1465,48828,2,1
24415,83,-9999,-9999,1466,48830,2,1
24416,83,-9999,-9999,1466,48832,2,1
24417,83,-9999,-9999,1466,48834,2,1
24418,83,-9999,-9999,1466,48836,2,1
24419,83,-9999,-9999,1466,48838,2,1
24420,83,-9999,-9999,1466,48840,2,1
24421,83,-9999,-9999,1466,48842,2,1
24422,83,-9999,-9999,1466,48844,2,1
24423,83,-9999,-9999,1466,48846,2,1
24424,83,-9999,-9999,1466,48848,2,1
24425,83,-9999,-9999,1466,48850,2,1
24426,83,-9999,-9999,1466,48852,2,1
24427,83,-9999,-9999,1466,48854,2,1
24428,83,-9999,-9999,1466,48856,2,1
24429,83,-9999,-9999,1466,48858,2,1
24430,83,-9999,-9999,1466,48860,2,1
24431,83,-9999,-9999,1466,48862,2,1
24432,83,-9999,-9999,1467,48864,2,1
24433,83,-9999,-9999,1467,48866,2,1
24434,83,-9999,-9999,1467,48868,2,1
24435,83,-9999,-9999,1467,48870,2,1
24436,83,-9999,-9999,1467,48872,2,1
24437,83,-9999,-9999,1467,48874,2,1
24438,83,-9999,-9999,1467,48876,2,1
24439,83,-9999,-9999,1467,48878,2,1
24440,83,-9999,-9999,1467,48880,2,1
24441,83,-9999,-9999,1467,48882,2,1
24442,83,-9999,-9999,1467,48884,2,1
24443,83,-9999,-9999,1467,48886,2,1
24444,83,-9999,-9999,1467,48888,2,1
24445,83,-9999,-9999,1467,48890,2,1
24446,83,-9999,-9999,1467,48892,2,1
24447,83,-9999,-9999,1467,48894,2,1
24448,83,-9999,-9999,1468,48896,2,1
24449,83,-9999,-9999,1468,48898,2,1
24450,83,-9999,-9999,1468,48900,2,1
24451,83,-9999,-9999,1468,48902,2,1
24452,83,-9999,-9999,1468,48904,2,1
24453,83,-9999,-9999,1468,48906,2,1
24454,83,-9999,-9999,1468,48908,2,1
24455,83,-9999,-9999,1468,48910,2,1
24456,83,-9999,-9999,1468,48912,2,1
24457,83,-9999,-9999,1468,48914,2,1
24458,83,-9999,-9999,1468,48916,2,1
24459,83,-9999,-9999,1468,48918,2,1
24460,83,-9999,-9999,1468,48920,2,1
24461,83,-9999,-9999,1468,48922,2,1
24462,83,-9999,-9999,1468,48924,2,1
24463,83,-9999,-9999,1468,48926,2,1
24464,83,-9999,-9999,1468,48928,2,1
24465,83,-9999,-9999,1469,48930,2,1
24466,83,-9999,-9999,1469,48932,2,1
24467,83,-9999,-9999,1469,48934,2,1
24468,83,-9999,-9999,1469,48936,2,1
24469,83,-9999,-9999,1469,48938,2,1
24470,83,-9999,-9999,1469,48940,2,1
24471,83,-9999,-9999,1469,48942,2,1
24472,83,-9999,-9999,1469,48944,2,1
24473,83,-9999,-9999,1469,48946,2,1
24474,83,-9999,-9999,1469,48948,2,1
24475,83,-9999,-9999,1469,48950,2,1
24476,83,-9999,-9999,1469,48952,2,1
24477,83,-9999,-9999,1469,48954,2,1
24478,83,-9999,-9999,1469,48956,2,1
24479,83,-9999,-9999,1469,48958,2,1
24480,83,-9999,-9999,1469,48960,2,1
24481,83,-9999,-9999,1469,48962,2,1
24482,83,-9999,-9999,1470,48964,2,1
24483,83,-9999,-9999,1470,48966,2,1
24484,83,-9999,-9999,1470,48968,2,1
24485,83,-9999,-9999,1470,48970,2,1
24486,83,-9999,-9999,1470,48972,2,1
24487,83,-9999,-9999,1470,48974,2,1
24488,83,-9999,-9999,1470,48976,2,1
24489,83,-9999,-9999,1470,48978,2,1
24490,83,-9999,-9999,1470,48980,2,1
24491,83,-9999,-9999,1470,48982,2,1
24492,83,-9999,-9999,1470,48984,2,1
24493,83,-9999,-9999,1470,48986,2,1
24494,83,-9999,-9999,1470,48988,2,1
24495,83,-9999,-9999,1470,48990,2,1
24496,83,-9999,-9999,1470,48992,2,1
24497,83,-9999,-9999,1470,48994,2,1
24498,83,-9999,-9999,1471,48996,2,1
24499,83,-9999,-9999,1471,48998,2,1
24500,83,-9999,-9999,1471,49000,2,1
24501,83,-9999,-9999,1471,49002,2,1
24502,83,-9999,-9999,1471,49004,2,1
24503,83,-9999,-9999,1471,49006,2,1
24504,83,-9999,-9999,1471,49008,2,1
24505,83,-9999,-9999,1471,49010,2,1
24506,83,-9999,-9999,1471,49012,2,1
24507,83,-9999,-9999,1471,49014,2,1
24508,83,-9999,-9999,1471,49016,2,1
24509,83,-9999,-9999,1471,49018,2,1
24510,83,-9999,-9999,1471,49020,2,1
24511,83,-9999,-9999,1471,49022,2,1
24512,83,-9999,-9999,1471,49024,2,1
24513,83,-9999,-9999,1471,49026,2,1
24514,83,-9999,-9999,1471,49028,2,1
24515,83,-9999,-9999,1472,49030,2,1
24516,83,-9999,-9999,1472,49032,2,1
24517,83,-9999,-9999,1472,49034,2,1
24518,83,-9999,-9999,1472,49036,2,1
24519,83,-9999,-9999,1472,49038,2,1
24520,83,-9999,-9999,1472,49040,2,1
24521,83,-9999,-9999,1472,49042,2,1
24522,83,-9999,-9999,1472,49044,2,1
24523,83,-9999,-9999,1472,49046,2,1
24524,83,-9999,-9999,1472,49048,2,1
24525,83,-9999,-9999,1472,49050,2,1
24526,83,-9999,-9999,1472,49052,2,1
24527,83,-9999,-9999,1472,49054,2,1
24528,83,-9999,-9999,1472,49056,2,1
24529,83,-9999,-9999,1472,49058,2,1
24530,83,-9999,-9999,1472,49060,2,1
24531,83,-9999,-9999,1472,49062,2,1
24532,83,-9999,-9999,1473,49064,2,1
24533,83,-9999,-9999,1473,49066,2,1
24534,83,-9999,-9999,1473,49068,2,1
24535,83,-9999,-9999,1473,49070,2,1
24536,83,-9999,-9999,1473,49072,2,1
24537,83,-9999,-9999,1473,49074,2,1
24538,83,-9999,-9999,1473,49076,2,1
24539,83,-9999,-9999,1473,49078,2,1
24540,83,-9999,-9999,1473,49080,2,1
24541,83,-9999,-9999,1473,49082,2,1
24542,83,-9999,-9999,1473,49084,2,1
24543,83,-9999,-9999,1473,49086,2,1
24544,83,-9999,-9999,1473,49088,2,1
24545,83,-9999,-9999,1473,49090,2,1
24546,83,-9999,-9999,1473,49092,2,1
24547,83,-9999,-9999,1473,49094,2,1
24548,83,-9999,-9999,1474,49096,2,1
24549,83,-9999,-9999,1474,49098,2,1
24550,83,-9999,-9999,1474,49100,2,1
24551,83,-9999,-9999,1474,49102,2,1
24552,83,-9999,-9999,1474,49104,2,1
24553,83,-9999,-9999,1474,49106,2,1
24554,83,-9999,-9999,1474,49108,2,1
24555,83,-9999,-9999,1474,49110,2,1
24556,83,-9999,-9999,1474,49112,2,1
24557,83,-9999,-9999,1474,49114,2,1
24558,83,-9999,-9999,1474,49116,2,1
24559,83,-9999,-9999,1474,49118,2,1
24560,83,-9999,-9999,1474,49120,2,1
24561,83,-9999,-9999,1474,49122,2,1
24562,83,-9999,-9999,1474,49124,2,1
24563,83,-9999,-9999,1474,49126,2,1
24564,83,-9999,-9999,1474,49128,2,1
24565,83,-9999,-9999,1475,49130,2,1
24566,83,-9999,-9999,1475,49132,2,1
24567,83,-9999,-9999,1475,49134,2,1
24568,83,-9999,-9999,1475,49136,2,1
24569,83,-9999,-9999,1475,49138,2,1
24570,83,-9999,-9999,1475,49140,2,1
24571,83,-9999,-9999,1475,49142,2,1
24572,83,-9999,-9999,1475,49144,2,1
24573,83,-9999,-9999,1475,49146,2,1
24574,83,-9999,-9999,1475,49148,2,1
24575,83,-9999,-9999,1475,49150,2,1
24576,83,-9999,-9999,1475,49152,2,1
24577,83,-9999,-9999,1475,49154,2,1
24578,83,-9999,-9999,1475,49156,2,1
24579,83,-9999,-9999,1475,49158,2,1
24580,83,-9999,-9999,1475,49160,2,1
24581,83,-9999,-9999,1475,49162,2,1
24582,83,-9999,-9999,1476,49164,2,1
24583,83,-9999,-9999,1476,49166,2,1
24584,83,-9999,-9999,1476,49168,2,1
24585,83,-9999,-9999,1476,49170,2,1
24586,83,-9999,-9999,1476,49172,2,1
24587,83,-9999,-9999,1476,49174,2,1
24588,83,-9999,-9999,1476,49176,2,1
24589,83,-9999,-9999,1476,49178,2,1
24590,83,-9999,-9999,1476,49180,2,1
24591,83,-9999,-9999,1476,49182,2,1
24592,83,-9999,-9999,1476,49184,2,1
24593,83,-9999,-9999,1476,49186,2,1
24594,83,-9999,-9999,1476,49188,2,1
24595,83,-9999,-9999,1476,49190,2,1
24596,83,-9999,-9999,1476,49192,2,1
24597,83,-9999,-9999,1476,49194,2,1
24598,83,-9999,-9999,1477,49196,2,1
24599,83,-9999,-9999,1477,49198,2,1
24600,83,-9999,-9999,1477,49200,2,1
24601,83,-9999,-9999,1477,49202,2,1
24602,83,-9999,-9999,1477,49204,2,1
24603,83,-9999,-9999,1477,49206,2,1
24604,83,-9999,-9999,1477,49208,2,1
24605,83,-9999,-9999,1477,49210,2,1
24606,83,-9999,-9999,1477,49212,2,1
24607,83,-9999,-9999,1477,49214,2,1
24608,83,-9999,-9999,1477,49216,2,1
24609,83,-9999,-9999,1477,49218,2,1
24610,83,-9999,-9999,1477,49220,2,1
24611,83,-9999,-9999,1477,49222,2,1
24612,83,-9999,-9999,1477,49224,2,1
24613,83,-9999,-9999,1477,49226,2,1
24614,83,-9999,-9999,1477,49228,2,1
24615,83,-9999,-9999,1478,49230,2,1
24616,83,-9999,-9999,1478,49232,2,1
24617,83,-9999,-9999,1478,49234,2,1
24618,83,-9999,-9999,1478,49236,2,1
24619,83,-9999,-9999,1478,49238,2,1
24620,83,-9999,-9999,1478,49240,2,1
24621,83,-9999,-9999,1478,49242,2,1
24622,83,-9999,-9999,1478,49244,2,1
24623,83,-9999,-9999,1478,49246,2,1
24624,83,-9999,-9999,1478,49248,2,1
24625,83,-9999,-9999,1478,49250,2,1
24626,83,-9999,-9999,1478,49252,2,1
24627,83,-9999,-9999,1478,49254,2,1
24628,83,-9999,-9999,1478,49256,2,1
24629,83,-9999,-9999,1478,49258,2,1
24630,83,-9999,-9999,1478,49260,2,1
24631,83,-9999,-9999,1478,49262,2,1
24632,83,-9999,-9999,1479,49264,2,1
24633,83,-9999,-9999,1479,49266,2,1
24634,83,-9999,-9999,1479,49268,2,1
24635,83,-9999,-9999,1479,49270,2,1
24636,83,-9999,-9999,1479,49272,2,1
24637,83,-9999,-9999,1479,49274,2,1
24638,83,-9999,-9999,1479,49276,2,1
24639,83,-9999,-9999,1479,49278,2,1
24640,83,-9999,-9999,1479,49280,2,1
24641,83,-9999,-9999,1479,49282,2,1
24642,83,-9999,-9999,1479,49284,2,1
24643,83,-9999,-9999,1479,49286,2,1
24644,83,-9999,-9999,1479,49288,2,1
24645,83,-9999,-9999,1479,49290,2,1
24646,83,-9999,-9999,1479,49292,2,1
24647,83,-9999,-9999,1479,49294,2,1
24648,83,-9999,-9999,1480,49296,2,1
24649,83,-9999,-9999,1480,49298,2,1
24650,83,-9999,-9999,1480,49300,2,1
24651,83,-9999,-9999,1480,49302,2,1
24652,83,-9999,-9999,1480,49304,2,1
24653,83,-9999,-9999,1480,49306,2,1
24654,83,-9999,-9999,1480,49308,2,1
24655,83,-9999,-9999,1480,49310,2,1
24656,83,-9999,-9999,1480,49312,2,1
24657,83,-9999,-9999,1480,49314,2,1
24658,83,-9999,-9999,1480,49316,2,1
24659,83,-9999,-9999,1480,49318,2,1
24660,83,-9999,-9999,1480,49320,2,1
24661,83,-9999,-9999,1480,49322,2,1
24662,83,-9999,-9999,1480,49324,2,1
24663,83,-9999,-9999,1480,49326,2,1
24664,83,-9999,-9999,1480,49328,2,1
24665,83,-9999,-9999,1481,49330,2,1
24666,83,-9999,-9999,1481,49332,2,1
24667,83,-9999,-9999,1481,49334,2,1
24668,83,-9999,-9999,1481,49336,2,1
24669,83,-9999,-9999,1481,49338,2,1
24670,83,-9999,-9999,1481,49340,2,1
24671,83,-9999,-9999,1481,49342,2,1
24672,83,-9999,-9999,1481,49344,2,1
24673,83,-9999,-9999,1481,49346,2,1
24674,83,-9999,-9999,1481,49348,2,1
24675,83,-9999,-9999,1481,49350,2,1
24676,83,-9999,-9999,1481,49352,2,1
24677,83,-9999,-9999,1481,49354,2,1
24678,83,-9999,-9999,1481,49356,2,1
24679,83,-9999,-9999,1481,49358,2,1
24680,83,-9999,-9999,1481,49360,2,1
24681,83,-9999,-9999,1481,49362,2,1
24682,83,-9999,-9999,1482,49364,2,1
24683,83,-9999,-9999,1482,49366,2,1
24684,83,-9999,-9999,1482,49368,2,1
24685,83,-9999,-9999,1482,49370,2,1
24686,83,-9999,-9999,1482,49372,2,1
24687,83,-9999,-9999,1482,49374,2,1
24688,83,-9999,-9999,1482,49376,2,1
24689,83,-9999,-9999,1482,49378,2,1
24690,83,-9999,-9999,1482,49380,2,1
24691,83,-9999,-9999,1482,49382,2,1
24692,83,-9999,-9999,1482,49384,2,1
24693,83,-9999,-9999,1482,49386,2,1
24694,83,-9999,-9999,1482,49388,2,1
24695,83,-9999,-9999,1482,49390,2,1
24696,83,-9999,-9999,1482,49392,2,1
24697,83,-9999,-9999,1482,49394,2,1
24698,83,-9999,-9999,1483,49396,2,1
24699,83,-9999,-9999,1483,49398,2,1
24700,83,-9999,-9999,1483,49400,2,1
24701,83,-9999,-9999,1483,49402,2,1
24702,83,-9999,-9999,1483,49404,2,1
24703,83,-9999,-9999,1483,49406,2,1
24704,83,-9999,-9999,1483,49408,2,1
24705,83,-9999,-9999,1483,49410,2,1
24706,83,-9999,-9999,1483,49412,2,1
24707,83,-9999,-9999,1483,49414,2,1
24708,83,-9999,-9999,1483,49416,2,1
24709,83,-9999,-9999,1483,49418,2,1
24710,83,-9999,-9999,1483,49420,2,1
24711,83,-9999,-9999,1483,49422,2,1
24712,83,-9999,-9999,1483,49424,2,1
24713,83,-9999,-9999,1483,49426,2,1
24714,83,-9999,-9999,1483,49428,2,1
24715,83,-9999,-9999,1484,49430,2,1
24716,83,-9999,-9999,1484,49432,2,1
24717,83,-9999,-9999,1484,49434,2,1
24718,83,-9999,-9999,1484,49436,2,1
24719,83,-9999,-9999,1484,49438,2,1
24720,83,-9999,-9999,1484,49440,2,1
24721,83,-9999,-9999,1484,49442,2,1
24722,83,-9999,-9999,1484,49444,2,1
24723,83,-9999,-9999,1484,49446,2,1
24724,83,-9999,-9999,1484,49448,2,1
24725,83,-9999,-9999,1484,49450,2,1
24726,83,-9999,-9999,1484,49452,2,1
24727,83,-9999,-9999,1484,49454,2,1
24728,83,-9999,-9999,1484,49456,2,1
24729,83,-9999,-9999,1484,49458,2,1
24730,83,-9999,-9999,1484,49460,2,1
24731,83,-9999,-9999,1484,49462,2,1
24732,83,-9999,-9999,1485,49464,2,1
24733,83,-9999,-9999,1485,49466,2,1
24734,83,-9999,-9999,1485,49468,2,1
24735,83,-9999,-9999,1485,49470,2,1
24736,83,-9999,-9999,1485,49472,2,1
24737,83,-9999,-9999,1485,49474,2,1
24738,83,-9999,-9999,1485,49476,2,1
24739,83,-9999,-9999,1485,49478,2,1
24740,83,-9999,-9999,1485,49480,2,1
24741,83,-9999,-9999,1485,49482,2,1
24742,83,-9999,-9999,1485,49484,2,1
24743,83,-9999,-9999,1485,49486,2,1
24744,83,-9999,-9999,1485,49488,2,1
24745,83,-9999,-9999,1485,49490,2,1
24746,83,-9999,-9999,1485,49492,2,1
24747,83,-9999,-9999,1485,49494,2,1
24748,83,-9999,-9999,1486,49496,2,1
24749,83,-9999,-9999,1486,49498,2,1
24750,83,-9999,-9999,1486,49500,2,1
24751,83,-9999,-9999,1486,49502,2,1
24752,83,-9999,-9999,1486,49504,2,1
24753,83,-9999,-9999,1486,49506,2,1
24754,83,-9999,-9999,1486,49508,2,1
24755,83,-9999,-9999,1486,49510,2,1
24756,83,-9999,-9999,1486,49512,2,1
24757,83,-9999,-9999,1486,49514,2,1
24758,83,-9999,-9999,1486,49516,2,1
24759,83,-9999,-9999,1486,49518,2,1
24760,83,-9999,-9999,1486,49520,2,1
24761,83,-9999,-9999,1486,49522,2,1
24762,83,-9999,-9999,1486,49524,2,1
24763,83,-9999,-9999,1486,49526,2,1
24764,83,-9999,-9999,1486,49528,2,1
24765,83,-9999,-9999,1487,49530,2,1
24766,83,-9999,-9999,1487,49532,2,1
24767,83,-9999,-9999,1487,49534,2,1
24768,83,-9999,-9999,1487,49536,2,1
24769,83,-9999,-9999,1487,49538,2,1
24770,83,-9999,-9999,1487,49540,2,1
24771,83,-9999,-9999,1487,49542,2,1
24772,83,-9999,-9999,1487,49544,2,1
24773,83,-9999,-9999,1487,49546,2,1
24774,83,-9999,-9999,1487,49548,2,1
24775,83,-9999,-9999,1487,49550,2,1
24776,83,-9999,-9999,1487,49552,2,1
24777,83,-9999,-9999,1487,49554,2,1
24778,83,-9999,-9999,1487,49556,2,1
24779,83,-9999,-9999,1487,49558,2,1
24780,83,-9999,-9999,1487,49560,2,1
24781,83,-9999,-9999,1487,49562,2,1
24782,83,-9999,-9999,1488,49564,2,1
24783,83,-9999,-9999,1488,49566,2,1
24784,83,-9999,-9999,1488,49568,2,1
24785,83,-9999,-9999,1488,49570,2,1
24786,83,-9999,-9999,1488,49572,2,1
24787,83,-9999,-9999,1488,49574,2,1
24788,83,-9999,-9999,1488,49576,2,1
24789,83,-9999,-9999,1488,49578,2,1
24790,83,-9999,-9999,1488,49580,2,1
24791,83,-9999,-9999,1488,49582,2,1
24792,83,-9999,-9999,1488,49584,2,1
24793,83,-9999,-9999,1488,49586,2,1
24794,83,-9999,-9999,1488,49588,2,1
24795,83,-9999,-9999,1488,49590,2,1
24796,83,-9999,-9999,1488,49592,2,1
24797,83,-9999,-9999,1488,49594,2,1
24798,83,-9999,-9999,1489,49596,2,1
24799,83,-9999,-9999,1489,49598,2,1
24800,83,-9999,-9999,1489,49600,2,1
24801,83,-9999,-9999,1489,49602,2,1
24802,83,-9999,-9999,1489,49604,2,1
24803,83,-9999,-9999,1489,49606,2,1
24804,83,-9999,-9999,1489,49608,2,1
24805,83,-9999,-9999,1489,49610,2,1
24806,83,-9999,-9999,1489,49612,2,1
24807,83,-9999,-9999,1489,49614,2,1
24808,83,-9999,-9999,1489,49616,2,1
24809,83,-9999,-9999,1489,49618,2,1
24810,83,-9999,-9999,1489,49620,2,1
24811,83,-9999,-9999,1489,49622,2,1
24812,83,-9999,-9999,1489,49624,2,1
24813,83,-9999,-9999,1489,49626,2,1
24814,83,-9999,-9999,1489,49628,2,1
24815,83,-9999,-9999,1490,49630,2,1
24816,83,-9999,-9999,1490,49632,2,1
24817,83,-9999,-9999,1490,49634,2,1
24818,83,-9999,-9999,1490,49636,2,1
24819,83,-9999,-9999,1490,49638,2,1
24820,83,-9999,-9999,1490,49640,2,1
24821,83,-9999,-9999,1490,49642,2,1
24822,83,-9999,-9999,1490,49644,2,1
24823,83,-9999,-9999,1490,49646,2,1
24824,83,-9999,-9999,1490,49648,2,1
24825,83,-9999,-9999,1490,49650,2,1
24826,83,-9999,-9999,1490,49652,2,1
24827,83,-9999,-9999,1490,49654,2,1
24828,83,-9999,-9999,1490,49656,2,1
24829,83,-9999,-9999,1490,49658,2,1
24830,83,-9999,-9999,1490,49660,2,1
24831,83,-9999,-9999,1490,49662,2,1
24832,83,-9999,-9999,1491,49664,2,1
24833,83,-9999,-9999,1491,49666,2,1
24834,83,-9999,-9999,1491,49668,2,1
24835,83,-9999,-9999,1491,49670,2,1
24836,83,-9999,-9999,1491,49672,2,1
24837,83,-9999,-9999,1491,49674,2,1
24838,83,-9999,-9999,1491,49676,2,1
24839,83,-9999,-9999,1491,49678,2,1
24840,83,-9999,-9999,1491,49680,2,1
24841,83,-9999,-9999,1491,49682,2,1
24842,83,-9999,-9999,1491,49684,2,1
24843,83,-9999,-9999,1491,49686,2,1
24844,83,-9999,-9999,1491,49688,2,1
24845,83,-9999,-9999,1491,49690,2,1
24846,83,-9999,-9999,1491,49692,2,1
24847,83,-9999,-9999,1491,49694,2,1
24848,83,-9999,-9999,1492,49696,2,1
24849,83,-9999,-9999,1492,49698,2,1
24850,83,-9999,-9999,1492,49700,2,1
24851,83,-9999,-9999,1492,49702,2,1
24852,83,-9999,-9999,1492,49704,2,1
24853,83,-9999,-9999,1492,49706,2,1
24854,83,-9999,-9999,1492,49708,2,1
24855,83,-9999,-9999,1492,49710,2,1
24856,83,-9999,-9999,1492,49712,2,1
24857,83,-9999,-9999,1492,49714,2,1
24858,83,-9999,-9999,1492,49716,2,1
24859,83,-9999,-9999,1492,49718,2,1
24860,83,-9999,-9999,1492,49720,2,1
24861,83,-9999,-9999,1492,49722,2,1
24862,83,-9999,-9999,1492,49724,2,1
24863,83,-9999,-9999,1492,49726,2,1
24864,83,-9999,-9999,1492,49728,2,1
24865,83,-9999,-9999,1493,49730,2,1
24866,83,-9999,-9999,1493,49732,2,1
24867,83,-9999,-9999,1493,49734,2,1
24868,83,-9999,-9999,1493,49736,2,1
24869,83,-9999,-9999,1493,49738,2,1
24870,83,-9999,-9999,1493,49740,2,1
24871,83,-9999,-9999,1493,49742,2,1
24872,83,-9999,-9999,1493,49744,2,1
24873,83,-9999,-9999,1493,49746,2,1
24874,83,-9999,-9999,1493,49748,2,1
24875,83,-9999,-9999,1493,49750,2,1
24876,83,-9999,-9999,1493,49752,2,1
24877,83,-9999,-9999,1493,49754,2,1
24878,83,-9999,-9999,1493,49756,2,1
24879,83,-9999,-9999,1493,49758,2,1
24880,83,-9999,-9999,1493,49760,2,1
24881,83,-9999,-9999,1493,49762,2,1
24882,83,-9999,-9999,1494,49764,2,1
24883,83,-9999,-9999,1494,49766,2,1
24884,83,-9999,-9999,1494,49768,2,1
24885,83,-9999,-9999,1494,49770,2,1
24886,83,-9999,-9999,1494,49772,2,1
24887,83,-9999,-9999,1494,49774,2,1
24888,83,-9999,-9999,1494,49776,2,1
24889,83,-9999,-9999,1494,49778,2,1
24890,83,-9999,-9999,1494,49780,2,1
24891,83,-9999,-9999,1494,49782,2,1
24892,83,-9999,-9999,1494,49784,2,1
24893,83,-9999,-9999,1494,49786,2,1
24894,83,-9999,-9999,1494,49788,2,1
24895,83,-9999,-9999,1494,49790,2,1
24896,83,-9999,-9999,1494,49792,2,1
24897,83,-9999,-9999,1494,49794,2,1
24898,83,-9999,-9999,1495,49796,2,1
24899,83,-9999,-9999,1495,49798,2,1
24900,83,-9999,-9999,1495,49800,2,1
24901,83,-9999,-9999,1495,49802,2,1
24902,83,-9999,-9999,1495,49804,2,1
24903,83,-9999,-9999,1495,49806,2,1
24904,83,-9999,-9999,1495,49808,2,1
24905,83,-9999,-9999,1495,49810,2,1
24906,83,-9999,-9999,1495,49812,2,1
24907,83,-9999,-9999,1495,49814,2,1
24908,83,-9999,-9999,1495,49816,2,1
24909,83,-9999,-9999,1495,49818,2,1
24910,83,-9999,-9999,1495,49820,2,1
24911,83,-9999,-9999,1495,49822,2,1
24912,83,-9999,-9999,1495,49824,2,1
24913,83,-9999,-9999,1495,49826,2,1
24914,83,-9999,-9999,1495,49828,2,1
24915,83,-9999,-9999,1496,49830,2,1
24916,83,-9999,-9999,1496,49832,2,1
24917,83,-9999,-9999,1496,49834,2,1
24918,83,-9999,-9999,1496,49836,2,1
24919,83,-9999,-9999,1496,49838,2,1
24920,83,-9999,-9999,1496,49840,2,1
24921,83,-9999,-9999,1496,49842,2,1
24922,83,-9999,-9999,1496,49844,2,1
24923,83,-9999,-9999,1496,49846,2,1
24924,83,-9999,-9999,1496,49848,2,1
24925,83,-9999,-9999,1496,49850,2,1
24926,83,-9999,-9999,1496,49852,2,1
24927,83,-9999,-9999,1496,49854,2,1
24928,83,-9999,-9999,1496,49856,2,1
24929,83,-9999,-9999,1496,49858,2,1
24930,83,-9999,-9999,1496,49860,2,1
24931,83,-9999,-9999,1496,49862,2,1
24932,83,-9999,-9999,1497,49864,2,1
24933,83,-9999,-9999,1497,49866,2,1
24934,83,-9999,-9999,1497,49868,2,1
24935,83,-9999,-9999,1497,49870,2,1
24936,83,-9999,-9999,1497,49872,2,1
24937,83,-9999,-9999,1497,49874,2,1
24938,83,-9999,-9999,1497,49876,2,1
24939,83,-9999,-9999,1497,49878,2,1
24940,83,-9999,-9999,1497,49880,2,1
24941,83,-9999,-9999,1497,49882,2,1
24942,83,-9999,-9999,1497,49884,2,1
24943,83,-9999,-9999,1497,49886,2,1
24944,83,-9999,-9999,1497,49888,2,1
24945,83,-9999,-9999,1497,49890,2,1
24946,83,-9999,-9999,1497,49892,2,1
24947,83,-9999,-9999,1497,49894,2,1
24948,83,-9999,-9999,1498,49896,2,1
24949,83,-9999,-9999,1498,49898,2,1
24950,83,-9999,-9999,1498,49900,2,1
24951,83,-9999,-9999,1498,49902,2,1
24952,83,-9999,-9999,1498,49904,2,1
24953,83,-9999,-9999,1498,49906,2,1
24954,83,-9999,-9999,1498,49908,2,1
24955,83,-9999,-9999,1498,49910,2,1
24956,83,-9999,-9999,1498,49912,2,1
24957,83,-9999,-9999,1498,49914,2,1
24958,83,-9999,-9999,1498,49916,2,1
24959,83,-9999,-9999,1498,49918,2,1
24960,83,-9999,-9999,1498,49920,2,1
24961,83,-9999,-9999,1498,49922,2,1
24962,83,-9999,-9999,1498,49924,2,1
24963,83,-9999,-9999,1498,49926,2,1
24964,83,-9999,-9999,1498,49928,2,1
24965,83,-9999,-9999,1499,49930,2,1
24966,83,-9999,-9999,1499,49932,2,1
24967,83,-9999,-9999,1499,49934,2,1
24968,83,-9999,-9999,1499,49936,2,1
24969,83,-9999,-9999,1499,49938,2,1
24970,83,-9999,-9999,1499,49940,2,1
24971,83,-9999,-9999,1499,49942,2,1
24972,83,-9999,-9999,1499,49944,2,1
24973,83,-9999,-9999,1499,49946,2,1
24974,83,-9999,-9999,1499,49948,2,1
24975,83,-9999,-9999,1499,49950,2,1
24976,83,-9999,-9999,1499,49952,2,1
24977,83,-9999,-9999,1499,49954,2,1
24978,83,-9999,-9999,1499,49956,2,1
24979,83,-9999,-9999,1499,49958,2,1
24980,83,-9999,-9999,1499,49960,2,1
24981,83,-9999,-9999,1500,49962,2,1
24982,83,-9999,-9999,1500,49964,2,1
24983,83,-9999,-9999,1500,49966,2,1
24984,83,-9999,-9999,1500,49968,2,1
24985,83,-9999,-9999,1500,49970,2,1
24986,83,-9999,-9999,1500,49972,2,1
24987,83,-9999,-9999,1500,49974,2,1
24988,83,-9999,-9999,1500,49976,2,1
24989,83,-9999,-9999,1500,49978,2,1
24990,83,-9999,-9999,1500,49980,2,1
24991,83,-9999,-9999,1500,49982,2,1
24992,83,-9999,-9999,1500,49984,2,1
24993,83,-9999,-9999,1500,49986,2,1
24994,83,-9999,-9999,1500,49988,2,1
24995,83,-9999,-9999,1500,49990,2,1
24996,83,-9999,-9999,1500,49992,2,1
24997,83,-9999,-9999,1500,49994,2,1
24998,83,-9999,-9999,1501,49996,2,1
24999,83,-9999,-9999,1501,49998,2,1
25000,83,-9999,-9999,1501,50000,2,1
25001,83,-9999,-9999,1501,50002,2,1
25002,83,-9999,-9999,1501,50004,2,1
25003,83,-9999,-9999,1501,50006,2,1
25004,83,-9999,-9999,1501,50008,2,1
25005,83,-9999,-9999,1501,50010,2,1
25006,83,-9999,-9999,1501,50012,2,1
25007,83,-9999,-9999,1501,50014,2,1
25008,83,-9999,-9999,1501,50016,2,1
25009,83,-9999,-9999,1501,50018,2,1
25010,83,-9999,-9999,1501,50020,2,1
25011,83,-9999,-9999,1501,50022,2,1
25012,83,-9999,-9999,1501,50024,2,1
25013,83,-9999,-9999,1501,50026,2,1
25014,83,-9999,-9999,1501,50028,2,1
25015,83,-9999,-9999,1502,50030,2,1
25016,83,-9999,-9999,1502,50032,2,1
25017,83,-9999,-9999,1502,50034,2,1
25018,83,-9999,-9999,1502,50036,2,1
25019,83,-9999,-9999,1502,50038,2,1
25020,83,-9999,-9999,1502,50040,2,1
25021,83,-9999,-9999,1502,50042,2,1
25022,83,-9999,-9999,1502,50044,2,1
25023,83,-9999,-9999,1502,50046,2,1
25024,83,-9999,-9999,1502,50048,2,1
25025,83,-9999,-9999,1502,50050,2,1
25026,83,-9999,-9999,1502,50052,2,1
25027,83,-9999,-9999,1502,50054,2,1
25028,83,-9999,-9999,1502,50056,2,1
25029,83,-9999,-9999,1502,50058,2,1
25030,83,-9999,-9999,1502,50060,2,1
25031,83,-9999,-9999,1502,50062,2,1
25032,83,-9999,-9999,1503,50064,2,1
25033,83,-9999,-9999,1503,50066,2,1
25034,83,-9999,-9999,1503,50068,2,1
25035,83,-9999,-9999,1503,50070,2,1
25036,83,-9999,-9999,1503,50072,2,1
25037,83,-9999,-9999,1503,50074,2,1
25038,83,-9999,-9999,1503,50076,2,1
25039,83,-9999,-9999,1503,50078,2,1
25040,83,-9999,-9999,1503,50080,2,1
25041,83,-9999,-9999,1503,50082,2,1
25042,83,-9999,-9999,1503,50084,2,1
25043,83,-9999,-9999,1503,50086,2,1
25044,83,-9999,-9999,1503,50088,2,1
25045,83,-9999,-9999,1503,50090,2,1
25046,83,-9999,-9999,1503,50092,2,1
25047,83,-9999,-9999,1503,50094,2,1
25048,83,-9999,-9999,1504,50096,2,1
25049,83,-9999,-9999,1504,50098,2,1
25050,83,-9999,-9999,1504,50100,2,1
25051,83,-9999,-9999,1504,50102,2,1
25052,83,-9999,-9999,1504,50104,2,1
25053,83,-9999,-9999,1504,50106,2,1
25054,83,-9999,-9999,1504,50108,2,1
25055,83,-9999,-9999,1504,50110,2,1
25056,83,-9999,-9999,1504,50112,2,1
25057,83,-9999,-9999,1504,50114,2,1
25058,83,-9999,-9999,1504,50116,2,1
25059,83,-9999,-9999,1504,50118,2,1
25060,83,-9999,-9999,1504,50120,2,1
25061,83,-9999,-9999,1504,50122,2,1
25062,83,-9999,-9999,1504,50124,2,1
25063,83,-9999,-9999,1504,50126,2,1
25064,83,-9999,-9999,1504,50128,2,1
25065,83,-9999,-9999,1505,50130,2,1
25066,83,-9999,-9999,1505,50132,2,1
25067,83,-9999,-9999,1505,50134,2,1
25068,83,-9999,-9999,1505,50136,2,1
25069,83,-9999,-9999,1505,50138,2,1
25070,83,-9999,-9999,1505,50140,2,1
25071,83,-9999,-9999,1505,50142,2,1
25072,83,-9999,-9999,1505,50144,2,1
25073,83,-9999,-9999,1505,50146,2,1
25074,83,-9999,-9999,1505,50148,2,1
25075,83,-9999,-9999,1505,50150,2,1
25076,83,-9999,-9999,1505,50152,2,1
25077,83,-9999,-9999,1505,50154,2,1
25078,83,-9999,-9999,1505,50156,2,1
25079,83,-9999,-9999,1505,50158,2,1
25080,83,-9999,-9999,1505,50160,2,1
25081,83,-9999,-9999,1505,50162,2,1
25082,83,-9999,-9999,1505,50164,2,1
25083,83,-9999,-9999,1505,50166,2,1
25084,83,-9999,-9999,1505,50168,2,1
25085,83,-9999,-9999,1505,50170,2,1
25086,83,-9999,-9999,1505,50172,2,1
25087,83,-9999,-9999,1505,50174,2,1
25088,83,-9999,-9999,1505,50176,2,1
25089,83,-9999,-9999,1505,50178,2,1
25090,83,-9999,-9999,1505,50180,2,1
25091,83,-9999,-9999,1505,50182,2,1
25092,83,-9999,-9999,1505,50184,2,1
25093,83,-9999,-9999,1505,50186,2,1
25094,83,-9999,-9999,1505,50188,2,1
25095,83,-9999,-9999,1505,50190,2,1
25096,83,-9999,-9999,1505,50192,2,1
25097,83,-9999,-9999,1505,50194,2,1
25098,83,-9999,-9999,1505,50196,2,1
25099,83,-9999,-9999,1505,50198,2,1
25100,83,-9999,-9999,1505,50200,2,1
25101,83,-9999,-9999,1505,50202,2,1
25102,83,-9999,-9999,1505,50204,2,1
25103,83,-9999,-9999,1505,50206,2,1
25104,83,-9999,-9999,1505,50208,2,1
25105,83,-9999,-9999,1505,50210,2,1
25106,83,-9999,-9999,1505,50212,2,1
25107,83,-9999,-9999,1505,50214,2,1
25108,83,-9999,-9999,1505,50216,2,1
25109,83,-9999,-9999,1505,50218,2,1
25110,83,-9999,-9999,1505,50220,2,1
25111,83,-9999,-9999,1505,50222,2,1
25112,83,-9999,-9999,1505,50224,2,1
25113,83,-9999,-9999,1505,50226,2,1
25114,83,-9999,-9999,1505,50228,2,1
25115,83,-9999,-9999,1505,50230,2,1
25116,83,-9999,-9999,1505,50232,2,1
25117,83,-9999,-9999,1505,50234,2,1
25118,83,-9999,-9999,1505,50236,2,1
25119,83,-9999,-9999,1505,50238,2,1
25120,83,485,-9999,1505,50240,2,1
25121,83,498,-9999,1505,50242,2,1
25122,83,510,-9999,1505,50244,2,1
25123,83,523.2,-9999,1505,50246,2,1
25124,83,530.6,-9999,1505,50248,2,1
25125,83,538.2,-9999,1505,50250,2,1
25126,83,546.3,-9999,1505,50252,2,1
25127,83,549.6,988.3,1505,50254,2,1
25128,83,553.3,950.4,1505,50256,2,1
25129,83,555.6,919.3,1505,50258,2,1
25130,83,556.1,896.5,1505,50260,2,1
25131,83,556,878,1505,50262,2,1
25132,83,555.8,864.4,1508,50264,2,1
25133,83,555.7,853.2,1508,50266,2,1
25134,83,555.4,848.6,1508,50268,2,1
25135,83,555,844,1508,50270,2,1
25136,83,554.6,840.9,1508,50272,2,1
25137,83,554.1,838.1,1508,50274,2,1
25138,83,553.7,836.6,1508,50276,2,1
25139,83,552.4,836.3,1508,50278,2,1
25140,83,551.2,836,1509,50280,2,1
25141,83,549.2,836.4,1509,50282,2,1
25142,83,547.2,836.8,1509,50284,2,1
25143,83,545.1,837.1,1509,50286,2,1
25144,83,543.2,837.3,1509,50288,2,1
25145,83,541.5,837.4,1509,50290,2,1
25146,83,540.5,837.3,1509,50292,2,1
25147,83,539.4,837.2,1509,50294,2,1
25148,83,539.2,837.2,1509,50296,2,1
25149,83,538.9,837.5,1509,50298,2,1
25150,83,538.6,838.1,1509,50300,2,1
25151,83,538.4,838.8,1509,50302,2,1
25152,83,538.2,839.6,1509,50304,2,1
25153,83,538,840.4,1509,50306,2,1
25154,83,537.8,841.2,1509,50308,2,1
25155,83,537.5,842,1509,50310,2,1
25156,83,537.2,842.5,1510,50312,2,1
25157,83,537,842.8,1510,50314,2,1
25158,83,536.7,843,1510,50316,2,1
25159,83,536.3,843.1,1510,50318,2,1
25160,83,536,842.9,1510,50320,2,1
25161,83,534.7,842.7,1510,50322,2,1
25162,83,533.6,842.5,1510,50324,2,1
25163,83,532.5,842.3,1510,50326,2,1
25164,83,531.4,842.5,1510,50328,2,1
25165,83,530.5,842.7,1511,50330,2,1
25166,83,529.5,843.5,1511,50332,2,1
25167,83,528.4,844.6,1511,50334,2,1
25168,83,528.3,846.1,1511,50336,2,1
25169,83,528,847.9,1511,50338,2,1
25170,83,527.7,849.7,1511,50340,2,1
25171,83,527.4,851,1511,50342,2,1
25172,83,527.1,852.1,1511,50344,2,1
25173,83,526.8,852.3,1511,50346,2,1
25174,83,526.6,852.6,1511,50348,2,1
25175,83,526.4,852.4,1511,50350,2,1
25176,83,526.4,852.3,1511,50352,2,1
25177,83,526.4,852.4,1511,50354,2,1
25178,83,526.7,852.4,1511,50356,2,1
25179,83,526.9,852.3,1511,50358,2,1
25180,83,527.2,851.9,1511,50360,2,1
25181,83,527.4,850.7,1512,50362,2,1
25182,83,529.5,848.5,1512,50364,2,1
25183,83,532.1,843.5,1512,50366,2,1
25184,83,538,835.2,1512,50368,2,1
25185,83,546.3,823.7,1512,50370,2,1
25186,83,557.1,809.9,1512,50372,2,1
25187,83,570.3,792.6,1512,50374,2,1
25188,83,586.6,772.1,1512,50376,2,1
25189,83,601.4,749.5,1512,50378,2,1
25190,83,616.8,726.5,1512,50380,2,1
25191,83,630.9,703.8,1512,50382,2,1
25192,83,642.5,683.4,1512,50384,2,1
25193,83,651.8,663.2,1512,50386,2,1
25194,83,658.8,646.9,1512,50388,2,1
25195,83,663,632.8,1512,50390,2,1
25196,83,667.5,620.8,1512,50392,2,1
25197,83,670.8,610.8,1512,50394,2,1
25198,83,673.5,602.2,1513,50396,2,1
25199,83,676,593.5,1513,50398,2,1
25200,83,678.4,585,1513,50400,2,1
25201,83,680.8,574.9,1513,50402,2,1
25202,83,683.5,565.5,1513,50404,2,1
25203,83,685.5,556.5,1513,50406,2,1
25204,83,687.6,548.1,1513,50408,2,1
25205,83,688.8,541.1,1513,50410,2,1
25206,83,690.1,535.6,1513,50412,2,1
25207,83,691.3,532.2,1513,50414,2,1
25208,83,692.5,531,1513,50416,2,1
25209,83,692.9,530.6,1513,50418,2,1
25210,83,693.3,531.3,1513,50420,2,1
25211,83,693.6,531.9,1513,50422,2,1
25212,83,693.5,532.2,1513,50424,2,1
25213,83,693.3,532.5,1513,50426,2,1
25214,83,693.3,532.3,1513,50428,2,1
25215,83,693.6,531.8,1514,50430,2,1
25216,83,694,531.1,1514,50432,2,1
25217,83,694.4,529.9,1514,50434,2,1
25218,83,695,528.9,1514,50436,2,1
25219,83,695.6,528.1,1514,50438,2,1
25220,83,696.1,526.9,1514,50440,2,1
25221,83,696.6,525.6,1514,50442,2,1
25222,83,696.8,524.7,1514,50444,2,1
25223,83,696.9,524,1514,50446,2,1
25224,83,697,523.2,1514,50448,2,1
25225,83,697.1,522.5,1514,50450,2,1
25226,83,697.3,522,1514,50452,2,1
25227,83,697.4,521.7,1514,50454,2,1
25228,83,697.6,521.5,1514,50456,2,1
25229,83,697.8,520.9,1514,50458,2,1
25230,83,697.5,520,1514,50460,2,1
25231,83,697.2,519.4,1515,50462,2,1
25232,83,696.8,518.8,1515,50464,2,1
25233,83,696.3,518.2,1515,50466,2,1
25234,83,695.9,517.4,1515,50468,2,1
25235,83,695.5,516.8,1515,50470,2,1
25236,83,695.1,516.3,1515,50472,2,1
25237,83,695.2,516,1515,50474,2,1
25238,83,695.5,515.6,1515,50476,2,1
25239,83,695.8,515.3,1515,50478,2,1
25240,83,696.1,515.2,1515,50480,2,1
25241,83,696.3,515.1,1515,50482,2,1
25242,83,696.5,515.2,1515,50484,2,1
25243,83,696.7,515.2,1515,50486,2,1
25244,83,696.9,515.2,1515,50488,2,1
25245,83,697,515.2,1515,50490,2,1
25246,83,697.1,515,1515,50492,2,1
25247,83,697.2,514.8,1515,50494,2,1
25248,83,697.1,514.6,1516,50496,2,1
25249,83,697.1,514.2,1516,50498,2,1
25250,83,697,513.8,1516,50500,2,1
25251,83,697,513.1,1516,50502,2,1
25252,83,696.9,512.5,1516,50504,2,1
25253,83,696.7,512.2,1516,50506,2,1
25254,83,696.4,511.8,1516,50508,2,1
25255,83,696.3,511.3,1516,50510,2,1
25256,83,696.2,511,1516,50512,2,1
25257,83,696.2,510.6,1516,50514,2,1
25258,83,696,510.1,1516,50516,2,1
25259,83,695.8,509.5,1516,50518,2,1
25260,83,695.6,508.9,1516,50520,2,1
25261,83,695.6,508.3,1516,50522,2,1
25262,83,695.7,508.2,1516,50524,2,1
25263,83,695.7,508.2,1516,50526,2,1
25264,83,695.8,508.3,1516,50528,2,1
25265,83,695.9,508.5,1517,50530,2,1
25266,83,696,508.7,1517,50532,2,1
25267,83,696.3,508.8,1517,50534,2,1
25268,83,696.6,508.8,1517,50536,2,1
25269,83,696.8,508.3,1517,50538,2,1
25270,83,696.9,507.7,1517,50540,2,1
25271,83,697,507.1,1517,50542,2,1
25272,83,697.1,506.6,1517,50544,2,1
25273,83,697.1,506.1,1517,50546,2,1
25274,83,697.1,505.9,1517,50548,2,1
25275,83,696.9,505.8,1517,50550,2,1
25276,83,696.7,505.8,1517,50552,2,1
25277,83,696.6,505.8,1517,50554,2,1
25278,83,696.4,505.7,1517,50556,2,1
25279,83,696.3,505.6,1517,50558,2,1
25280,83,696.1,505.4,1517,50560,2,1
25281,83,695.8,505.2,1518,50562,2,1
25282,83,695.7,505.1,1518,50564,2,1
25283,83,695.7,504.9,1518,50566,2,1
25284,83,695.7,504.8,1518,50568,2,1
25285,83,695.7,504.8,1518,50570,2,1
25286,83,695.4,505,1518,50572,2,1
25287,83,695.2,505,1518,50574,2,1
25288,83,695.3,505.3,1518,50576,2,1
25289,83,695.4,505.4,1518,50578,2,1
25290,83,695.5,505.6,1518,50580,2,1
25291,83,695.8,505.6,1518,50582,2,1
25292,83,696.2,505.5,1518,50584,2,1
25293,83,696.8,505.5,1518,50586,2,1
25294,83,697.4,505.4,1518,50588,2,1
25295,83,697.9,505.3,1518,50590,2,1
25296,83,698.1,505.3,1518,50592,2,1
25297,83,698.2,505.4,1518,50594,2,1
25298,83,697.9,505.5,1519,50596,2,1
25299,83,697.5,505.8,1519,50598,2,1
25300,83,697.2,506.1,1519,50600,2,1
25301,83,696.8,506.3,1519,50602,2,1
25302,83,697.1,506.4,1519,50604,2,1
25303,83,697.4,506.4,1519,50606,2,1
25304,83,697.7,506.4,1519,50608,2,1
25305,83,697.9,506.4,1519,50610,2,1
25306,83,698.1,506.2,1519,50612,2,1
25307,83,698.3,506,1519,50614,2,1
25308,83,698.5,505.8,1519,50616,2,1
25309,83,698.2,505.6,1519,50618,2,1
25310,83,697.9,505.5,1519,50620,2,1
25311,83,697.6,505.4,1519,50622,2,1
25312,83,697.8,505.2,1519,50624,2,1
25313,83,698,505.1,1519,50626,2,1
25314,83,698.1,505.2,1519,50628,2,1
25315,83,698.2,505.6,1520,50630,2,1
25316,83,698.1,506.3,1520,50632,2,1
25317,83,698,506.9,1520,50634,2,1
25318,83,697.9,507.7,1520,50636,2,1
25319,83,697.7,508.5,1520,50638,2,1
25320,83,697.7,509.4,1520,50640,2,1
25321,83,697.8,510,1520,50642,2,1
25322,83,698.6,508.6,1520,50644,2,1
25323,83,701.1,506.2,1520,50646,2,1
25324,83,704.5,502.2,1520,50648,2,1
25325,83,709.4,496.2,1520,50650,2,1
25326,83,716.5,489,1520,50652,2,1
25327,83,723.4,480.2,1520,50654,2,1
25328,83,730.8,471.1,1520,50656,2,1
25329,83,737.5,463.7,1520,50658,2,1
25330,83,742.6,456.6,1520,50660,2,1
25331,83,746.7,451.1,1521,50662,2,1
25332,83,749.3,447.5,1521,50664,2,1
25333,83,749.8,445.2,1521,50666,2,1
25334,83,750.3,444.3,1521,50668,2,1
25335,83,750.3,444.7,1521,50670,2,1
25336,83,750.3,445.3,1521,50672,2,1
25337,83,750.3,446.6,1521,50674,2,1
25338,83,750.3,448,1521,50676,2,1
25339,83,750.3,449.3,1521,50678,2,1
25340,83,750.5,450.5,1521,50680,2,1
25341,83,750.7,451.6,1521,50682,2,1
25342,83,750.9,451.3,1521,50684,2,1
25343,83,751.1,450.9,1521,50686,2,1
25344,83,751.3,450.2,1521,50688,2,1
25345,83,751.5,449.6,1521,50690,2,1
25346,83,751.9,448.8,1521,50692,2,1
25347,83,752.4,448.2,1521,50694,2,1
25348,83,752.8,447.5,1522,50696,2,1
25349,83,753.3,447.3,1522,50698,2,1
25350,83,754,447,1522,50700,2,1
25351,83,754.7,446.8,1522,50702,2,1
25352,83,755.5,446.7,1522,50704,2,1
25353,83,756.3,446.4,1522,50706,2,1
25354,83,756.8,446.1,1522,50708,2,1
25355,83,757.3,445.8,1522,50710,2,1
25356,83,757.2,445.4,1522,50712,2,1
25357,83,757,445.1,1522,50714,2,1
25358,83,756.8,444.8,1522,50716,2,1
25359,83,756.7,444.6,1522,50718,2,1
25360,83,756.4,444.7,1522,50720,2,1
25361,83,756.4,444.8,1522,50722,2,1
25362,83,756.5,444.9,1522,50724,2,1
25363,83,756.9,444.8,1522,50726,2,1
25364,83,757.2,444.9,1522,50728,2,1
25365,83,757.3,444.9,1523,50730,2,1
25366,83,756.9,444.8,1523,50732,2,1
25367,83,756.5,444.6,1523,50734,2,1
25368,83,755.9,444.5,1523,50736,2,1
25369,83,755.4,444.3,1523,50738,2,1
25370,83,754.9,444.2,1523,50740,2,1
25371,83,754.6,444.1,1523,50742,2,1
25372,83,754.4,443.8,1523,50744,2,1
25373,83,754.6,443.6,1523,50746,2,1
25374,83,754.6,443.3,1523,50748,2,1
25375,83,754.7,443,1523,50750,2,1
25376,83,754.8,442.7,1523,50752,2,1
25377,83,754.7,442.5,1523,50754,2,1
25378,83,754.6,442.4,1523,50756,2,1
25379,83,754.5,442.6,1523,50758,2,1
25380,83,754.5,442.8,1523,50760,2,1
25381,83,754.6,443,1524,50762,2,1
25382,83,754.6,443.2,1524,50764,2,1
25383,83,754.7,443.2,1524,50766,2,1
25384,83,754.8,443.3,1524,50768,2,1
25385,83,755,443.1,1524,50770,2,1
25386,83,755.4,442.9,1524,50772,2,1
25387,83,755.7,442.8,1524,50774,2,1
25388,83,756.1,442.6,1524,50776,2,1
25389,83,756.5,442.6,1524,50778,2,1
25390,83,756.9,442.6,1524,50780,2,1
25391,83,757.4,442.5,1524,50782,2,1
25392,83,757.8,441.9,1524,50784,2,1
25393,83,758,441.4,1524,50786,2,1
25394,83,758.2,440.8,1524,50788,2,1
25395,83,758.4,440.4,1524,50790,2,1
25396,83,758.5,440.1,1524,50792,2,1
25397,83,758.6,440,1524,50794,2,1
25398,83,758.7,440,1525,50796,2,1
25399,83,758.8,440.6,1525,50798,2,1
25400,83,758.8,441.3,1525,50800,2,1
25401,83,758.7,442,1525,50802,2,1
25402,83,758.8,442.6,1525,50804,2,1
25403,83,758.9,443,1525,50806,2,1
25404,83,759.5,443.2,1525,50808,2,1
25405,83,760.2,443.4,1525,50810,2,1
25406,83,760.8,443.5,1525,50812,2,1
25407,83,761.7,443.4,1525,50814,2,1
25408,83,762.6,443.3,1525,50816,2,1
25409,83,763.4,443.3,1525,50818,2,1
25410,83,764.1,443.3,1525,50820,2,1
25411,83,764.5,443.2,1525,50822,2,1
25412,83,765,443,1525,50824,2,1
25413,83,765.6,442.7,1525,50826,2,1
25414,83,766,442.3,1525,50828,2,1
25415,83,766.3,442,1526,50830,2,1
25416,83,766.7,441.6,1526,50832,2,1
25417,83,767,441,1526,50834,2,1
25418,83,767.2,440.8,1526,50836,2,1
25419,83,767.2,440.7,1526,50838,2,1
25420,83,767.1,441.2,1526,50840,2,1
25421,83,766.3,441.8,1526,50842,2,1
25422,83,765.4,442.2,1526,50844,2,1
25423,83,764.2,442.2,1526,50846,2,1
25424,83,763.1,442.2,1526,50848,2,1
25425,83,762,442.1,1526,50850,2,1
25426,83,761,441.9,1526,50852,2,1
25427,83,760,441.4,1526,50854,2,1
25428,83,759.7,440.9,1526,50856,2,1
25429,83,759.8,440.4,1526,50858,2,1
25430,83,760.2,440.5,1526,50860,2,1
25431,83,760.6,440.6,1527,50862,2,1
25432,83,761,440.9,1527,50864,2,1
25433,83,761.4,441.1,1527,50866,2,1
25434,83,761.9,441.2,1527,50868,2,1
25435,83,762.5,441.3,1527,50870,2,1
25436,83,762.9,441.3,1527,50872,2,1
25437,83,763.3,441.2,1527,50874,2,1
25438,83,763.5,441.2,1527,50876,2,1
25439,83,763.6,441.2,1527,50878,2,1
25440,83,763.6,441.1,1527,50880,2,1
25441,83,763.5,440.9,1527,50882,2,1
25442,83,763.2,441,1527,50884,2,1
25443,83,762.9,441.1,1527,50886,2,1
25444,83,762.6,441.5,1527,50888,2,1
25445,83,762.3,441.7,1527,50890,2,1
25446,83,762.2,442,1527,50892,2,1
25447,83,762.1,442,1527,50894,2,1
25448,83,762.1,441.9,1528,50896,2,1
25449,83,762.1,441.7,1528,50898,2,1
25450,83,761.7,441.1,1528,50900,2,1
25451,83,761.3,440.4,1528,50902,2,1
25452,83,760.9,440,1528,50904,2,1
25453,83,760.5,440,1528,50906,2,1
25454,83,760.1,440.2,1528,50908,2,1
25455,83,759.7,440.4,1528,50910,2,1
25456,83,759.9,440.5,1528,50912,2,1
25457,83,760.7,441.2,1528,50914,2,1
25458,83,761.3,441.7,1528,50916,2,1
25459,83,761.9,442.1,1528,50918,2,1
25460,83,761.9,442.2,1528,50920,2,1
25461,83,761.8,442.3,1528,50922,2,1
25462,83,761.6,442.3,1528,50924,2,1
25463,83,760.9,442.4,1528,50926,2,1
25464,83,759.9,442.4,1528,50928,2,1
25465,83,759,442.3,1529,50930,2,1
25466,83,758.2,442.3,1529,50932,2,1
25467,83,758.1,442.3,1529,50934,2,1
25468,83,757.9,442.3,1529,50936,2,1
25469,83,757.7,442.2,1529,50938,2,1
25470,83,756.9,442.1,1529,50940,2,1
25471,83,756.1,442.1,1529,50942,2,1
25472,83,755.5,442.1,1529,50944,2,1
25473,83,755,441.9,1529,50946,2,1
25474,83,755.3,441.7,1529,50948,2,1
25475,83,755.6,441.4,1529,50950,2,1
25476,83,755.9,441.1,1529,50952,2,1
25477,83,756.9,440.7,1529,50954,2,1
25478,83,757.8,440.3,1529,50956,2,1
25479,83,758.5,440,1529,50958,2,1
25480,83,759,439.9,1529,50960,2,1
25481,83,758.9,439.6,1530,50962,2,1
25482,83,758.7,439.5,1530,50964,2,1
25483,83,758.5,439.5,1530,50966,2,1
25484,83,758.1,439.5,1530,50968,2,1
25485,83,757.8,439.6,1530,50970,2,1
25486,83,757.7,439.5,1530,50972,2,1
25487,83,758,439.4,1530,50974,2,1
25488,83,758.2,439.3,1530,50976,2,1
25489,83,758.5,439.3,1530,50978,2,1
25490,83,758.9,439.2,1530,50980,2,1
25491,83,759.3,439,1530,50982,2,1
25492,83,759.7,438.9,1530,50984,2,1
25493,83,759.3,438.9,1530,50986,2,1
25494,83,758.5,438.8,1530,50988,2,1
25495,83,757.8,438.8,1530,50990,2,1
25496,83,757.2,438.8,1530,50992,2,1
25497,83,756.7,438.8,1530,50994,2,1
25498,83,756.2,438.8,1531,50996,2,1
25499,83,755.7,438.9,1531,50998,2,1
25500,83,756,438.9,1531,51000,2,1
25501,83,756.2,438.7,1531,51002,2,1
25502,83,756.3,438.4,1531,51004,2,1
25503,83,756.1,438.1,1531,51006,2,1
25504,83,756,437.8,1531,51008,2,1
25505,83,755.9,437.3,1531,51010,2,1
25506,83,756,436.8,1531,51012,2,1
25507,83,756,436.4,1531,51014,2,1
25508,83,756.1,436.2,1531,51016,2,1
25509,83,756.3,436.2,1531,51018,2,1
25510,83,756.4,436.3,1531,51020,2,1
25511,83,756.3,436.5,1531,51022,2,1
25512,83,756.2,436.7,1531,51024,2,1
25513,83,756,436.7,1531,51026,2,1
25514,83,755.8,436.3,1531,51028,2,1
25515,83,755.4,435.8,1532,51030,2,1
25516,83,754.9,435.1,1532,51032,2,1
25517,83,754.5,434.4,1532,51034,2,1
25518,83,754.3,433.6,1532,51036,2,1
25519,83,753.9,433,1532,51038,2,1
25520,83,753.7,432.8,1532,51040,2,1
25521,83,753.5,433,1532,51042,2,1
25522,83,753.6,433.3,1532,51044,2,1
25523,83,753.8,433.8,1532,51046,2,1
25524,83,754,434.2,1532,51048,2,1
25525,83,754.3,434.8,1532,51050,2,1
25526,83,754.6,435.2,1532,51052,2,1
25527,83,754.8,435.3,1532,51054,2,1
25528,83,755,435.4,1532,51056,2,1
25529,83,755,435.4,1532,51058,2,1
25530,83,755,435.5,1532,51060,2,1
25531,83,754.6,435.7,1533,51062,2,1
25532,83,754.2,435.9,1533,51064,2,1
25533,83,753.8,436.1,1533,51066,2,1
25534,83,753.5,436.6,1533,51068,2,1
25535,83,753.1,437.1,1533,51070,2,1
25536,83,752.6,437.5,1533,51072,2,1
25537,83,752.3,437.7,1533,51074,2,1
25538,83,752.2,437.7,1533,51076,2,1
25539,83,752.1,437.7,1533,51078,2,1
25540,83,752,437.7,1533,51080,2,1
25541,83,752,437.5,1533,51082,2,1
25542,83,752.1,437.3,1533,51084,2,1
25543,83,752.2,437.1,1533,51086,2,1
25544,83,752.3,436.8,1533,51088,2,1
25545,83,752.3,436.6,1533,51090,2,1
25546,83,752.3,436.3,1533,51092,2,1
25547,83,752.4,436,1533,51094,2,1
25548,83,751.9,435.9,1534,51096,2,1
25549,83,751,436,1534,51098,2,1
25550,83,750.1,436.1,1534,51100,2,1
25551,83,749.3,436.3,1534,51102,2,1
25552,83,748.5,436.9,1534,51104,2,1
25553,83,747.7,437.5,1534,51106,2,1
25554,83,747,438,1534,51108,2,1
25555,83,746.8,438.4,1534,51110,2,1
25556,83,747.2,438.6,1534,51112,2,1
25557,83,748.1,438.6,1534,51114,2,1
25558,83,748.9,438.7,1534,51116,2,1
25559,83,749.8,438.5,1534,51118,2,1
25560,83,750.6,438.3,1534,51120,2,1
25561,83,751.3,437.9,1534,51122,2,1
25562,83,751.9,437.5,1534,51124,2,1
25563,83,752.3,437.1,1534,51126,2,1
25564,83,752.3,436.8,1534,51128,2,1
25565,83,752.2,436.5,1535,51130,2,1
25566,83,752.1,436.2,1535,51132,2,1
25567,83,752,435.9,1535,51134,2,1
25568,83,752,435.2,1535,51136,2,1
25569,83,752,434.6,1535,51138,2,1
25570,83,751.9,434,1535,51140,2,1
25571,83,751.9,433.5,1535,51142,2,1
25572,83,751.9,433.2,1535,51144,2,1
25573,83,751.9,433.3,1535,51146,2,1
25574,83,752,433.4,1535,51148,2,1
25575,83,751.9,434.1,1535,51150,2,1
25576,83,751.9,434.8,1535,51152,2,1
25577,83,752,435.5,1535,51154,2,1
25578,83,752,436,1535,51156,2,1
25579,83,751.9,436.5,1535,51158,2,1
25580,83,751.7,436.5,1535,51160,2,1
25581,83,751.5,436.6,1536,51162,2,1
25582,83,751.4,437.2,1536,51164,2,1
25583,83,751.2,437.7,1536,51166,2,1
25584,83,751,438,1536,51168,2,1
25585,83,750.9,438.4,1536,51170,2,1
25586,83,751.2,438.9,1536,51172,2,1
25587,83,751.7,439.2,1536,51174,2,1
25588,83,752.3,439.4,1536,51176,2,1
25589,83,752.9,439.2,1536,51178,2,1
25590,83,753.5,439,1536,51180,2,1
25591,83,754.4,438.7,1536,51182,2,1
25592,83,755.1,438.4,1536,51184,2,1
25593,83,755.3,437.8,1536,51186,2,1
25594,83,755,437.5,1536,51188,2,1
25595,83,754.7,437.4,1536,51190,2,1
25596,83,754.3,437.3,1536,51192,2,1
25597,83,753.9,437.2,1536,51194,2,1
25598,83,753.3,437.2,1537,51196,2,1
25599,83,752.8,437.1,1537,51198,2,1
25600,83,752.4,437.3,1537,51200,2,1
25601,83,752.5,437.1,1537,51202,2,1
25602,83,752.6,436.7,1537,51204,2,1
25603,83,752.8,436.3,1537,51206,2,1
25604,83,752.8,436.1,1537,51208,2,1
25605,83,752.7,436.1,1537,51210,2,1
25606,83,752.5,436.2,1537,51212,2,1
25607,83,752.4,436.4,1537,51214,2,1
25608,83,752.2,436.8,1537,51216,2,1
25609,83,751.8,437.3,1537,51218,2,1
25610,83,751,438,1537,51220,2,1
25611,83,749.3,439.8,1537,51222,2,1
25612,83,745.2,444.5,1537,51224,2,1
25613,83,738.9,452.3,1537,51226,2,1
25614,83,728.5,461.9,1537,51228,2,1
25615,83,714.1,473,1538,51230,2,1
25616,83,696.8,486,1538,51232,2,1
25617,83,676.2,502.1,1538,51234,2,1
25618,83,654.4,519.2,1538,51236,2,1
25619,83,633,535.5,1538,51238,2,1
25620,83,610.9,549,1538,51240,2,1
25621,83,591.5,560.6,1538,51242,2,1
25622,83,574.2,571,1538,51244,2,1
25623,83,559.4,579.3,1538,51246,2,1
25624,83,547.6,584.1,1538,51248,2,1
25625,83,537.8,586.8,1538,51250,2,1
25626,83,530.2,587,1538,51252,2,1
25627,83,525.5,586.8,1538,51254,2,1
25628,83,522.2,586.3,1538,51256,2,1
25629,83,520.9,585.7,1538,51258,2,1
25630,83,520.4,585.2,1538,51260,2,1
25631,83,520.2,585.3,1539,51262,2,1
25632,83,520.1,586.2,1539,51264,2,1
25633,83,519.8,587.2,1539,51266,2,1
25634,83,519.2,588.2,1539,51268,2,1
25635,83,518.2,589.9,1539,51270,2,1
25636,83,516.8,591.9,1539,51272,2,1
25637,83,515.3,594.3,1539,51274,2,1
25638,83,513.9,596.3,1539,51276,2,1
25639,83,512.5,597.6,1539,51278,2,1
25640,83,511.4,598.9,1539,51280,2,1
25641,83,510.6,600.1,1539,51282,2,1
25642,83,510.5,600.6,1539,51284,2,1
25643,83,510.6,600.6,1539,51286,2,1
25644,83,511,600.2,1539,51288,2,1
25645,83,511.8,599.7,1539,51290,2,1
25646,83,512.9,599.2,1539,51292,2,1
25647,83,514,598.7,1539,51294,2,1
25648,83,515.1,598.4,1540,51296,2,1
25649,83,515.8,598.1,1540,51298,2,1
25650,83,516.5,598,1540,51300,2,1
25651,83,516.9,598,1540,51302,2,1
25652,83,516.9,598.1,1540,51304,2,1
25653,83,516.7,598.3,1540,51306,2,1
25654,83,516.2,598.8,1540,51308,2,1
25655,83,515.7,599.2,1540,51310,2,1
25656,83,515.2,599.5,1540,51312,2,1
25657,83,514.7,599.7,1540,51314,2,1
25658,83,514.2,600,1540,51316,2,1
25659,83,513.8,600.2,1540,51318,2,1
25660,83,513.4,600.4,1540,51320,2,1
25661,83,513.1,600.3,1540,51322,2,1
25662,83,513,600.3,1540,51324,2,1
25663,83,512.9,600.4,1540,51326,2,1
25664,83,513.3,600.5,1540,51328,2,1
25665,83,513.8,600.5,1541,51330,2,1
25666,83,514.2,600.5,1541,51332,2,1
25667,83,514.6,600.5,1541,51334,2,1
25668,83,515.3,600.6,1541,51336,2,1
25669,83,515.8,600.5,1541,51338,2,1
25670,83,516.4,600.6,1541,51340,2,1
25671,83,516.5,600.7,1541,51342,2,1
25672,83,516.5,600.8,1541,51344,2,1
25673,83,516.6,601,1541,51346,2,1
25674,83,516.5,601.1,1541,51348,2,1
25675,83,516.5,601.2,1541,51350,2,1
25676,83,516.4,601.1,1541,51352,2,1
25677,83,516.3,601,1541,51354,2,1
25678,83,516.2,600.8,1541,51356,2,1
25679,83,516.1,600.5,1541,51358,2,1
25680,83,516.2,600.2,1541,51360,2,1
25681,83,516.3,600,1542,51362,2,1
25682,83,516.4,599.6,1542,51364,2,1
25683,83,516.5,599.3,1542,51366,2,1
25684,83,516.4,598.7,1542,51368,2,1
25685,83,516.4,597.9,1542,51370,2,1
25686,83,516.3,597.2,1542,51372,2,1
25687,83,516.2,596.4,1542,51374,2,1
25688,83,516.4,595.6,1542,51376,2,1
25689,83,517,595.1,1542,51378,2,1
25690,83,517.7,594.9,1542,51380,2,1
25691,83,518.4,594.9,1542,51382,2,1
25692,83,519.2,595.2,1542,51384,2,1
25693,83,519.8,595.6,1542,51386,2,1
25694,83,520.3,596,1542,51388,2,1
25695,83,520.6,596.3,1542,51390,2,1
25696,83,520.5,596.5,1542,51392,2,1
25697,83,520.3,596.5,1542,51394,2,1
25698,83,520,596.7,1543,51396,2,1
25699,83,519.7,596.8,1543,51398,2,1
25700,83,519.4,597.3,1543,51400,2,1
25701,83,519.3,597.7,1543,51402,2,1
25702,83,519.3,598.2,1543,51404,2,1
25703,83,519.4,598.7,1543,51406,2,1
25704,83,519.6,599.1,1543,51408,2,1
25705,83,519.9,599,1543,51410,2,1
25706,83,520.2,598.6,1543,51412,2,1
25707,83,520.3,597.8,1543,51414,2,1
25708,83,520.3,597.1,1543,51416,2,1
25709,83,520.2,596.3,1543,51418,2,1
25710,83,520.2,595.6,1543,51420,2,1
25711,83,520.3,594.9,1543,51422,2,1
25712,83,520.4,594.7,1543,51424,2,1
25713,83,520.7,594.8,1543,51426,2,1
25714,83,521.2,594.9,1543,51428,2,1
25715,83,521.8,595.1,1544,51430,2,1
25716,83,522.3,595.5,1544,51432,2,1
25717,83,522.7,596.3,1544,51434,2,1
25718,83,523,597.1,1544,51436,2,1
25719,83,523.3,597.8,1544,51438,2,1
25720,83,523.6,598.3,1544,51440,2,1
25721,83,523.8,598.7,1544,51442,2,1
25722,83,523.9,599,1544,51444,2,1
25723,83,523.9,598.9,1544,51446,2,1
25724,83,523.8,598.5,1544,51448,2,1
25725,83,523.7,598.1,1544,51450,2,1
25726,83,523.5,597.9,1544,51452,2,1
25727,83,523.1,597.8,1544,51454,2,1
25728,83,522.7,598.1,1544,51456,2,1
25729,83,522.3,598.5,1544,51458,2,1
25730,83,522.1,598.8,1544,51460,2,1
25731,83,521.9,599.2,1545,51462,2,1
25732,83,522.2,599.7,1545,51464,2,1
25733,83,522.5,600,1545,51466,2,1
25734,83,522.8,600.4,1545,51468,2,1
25735,83,523.3,600.6,1545,51470,2,1
25736,83,523.7,600.9,1545,51472,2,1
25737,83,524.1,601.2,1545,51474,2,1
25738,83,524.6,601.4,1545,51476,2,1
25739,83,524.2,601.7,1545,51478,2,1
25740,83,523.7,601.9,1545,51480,2,1
25741,83,523.2,602.1,1545,51482,2,1
25742,83,522.7,602.3,1545,51484,2,1
25743,83,522,602.4,1545,51486,2,1
25744,83,521.4,602.5,1545,51488,2,1
25745,83,520.7,602.7,1545,51490,2,1
25746,83,520.4,602.7,1545,51492,2,1
25747,83,520.2,602.8,1545,51494,2,1
25748,83,520.1,602.9,1546,51496,2,1
25749,83,520,602.9,1546,51498,2,1
25750,83,520,602.9,1546,51500,2,1
25751,83,520,602.8,1546,51502,2,1
25752,83,520.2,602.8,1546,51504,2,1
25753,83,520.1,602.5,1546,51506,2,1
25754,83,519.9,602.3,1546,51508,2,1
25755,83,519.6,602.1,1546,51510,2,1
25756,83,519.2,602,1546,51512,2,1
25757,83,518.2,601.9,1546,51514,2,1
25758,83,517.3,601.9,1546,51516,2,1
25759,83,516.3,601.9,1546,51518,2,1
25760,83,515.8,602.1,1546,51520,2,1
25761,83,515.6,602.4,1546,51522,2,1
25762,83,515.6,602.7,1546,51524,2,1
25763,83,515.8,603,1546,51526,2,1
25764,83,516.6,603.2,1546,51528,2,1
25765,83,517.9,603.3,1547,51530,2,1
25766,83,519.2,603.4,1547,51532,2,1
25767,83,520.1,603.3,1547,51534,2,1
25768,83,520.5,603.2,1547,51536,2,1
25769,83,520.8,603.1,1547,51538,2,1
25770,83,520.9,602.9,1547,51540,2,1
25771,83,521.2,602.8,1547,51542,2,1
25772,83,521.1,603,1547,51544,2,1
25773,83,521.5,603.9,1547,51546,2,1
25774,83,521.8,606.4,1547,51548,2,1
25775,83,524,609.6,1547,51550,2,1
25776,83,528.2,615.2,1547,51552,2,1
25777,83,533.3,622.4,1547,51554,2,1
25778,83,540.5,629.6,1547,51556,2,1
25779,83,548.6,637.4,1547,51558,2,1
25780,83,556.3,644.7,1547,51560,2,1
25781,83,564.1,650.5,1548,51562,2,1
25782,83,570.5,655.6,1548,51564,2,1
25783,83,575,658,1548,51566,2,1
25784,83,578.4,658.5,1548,51568,2,1
25785,83,579.6,658.9,1548,51570,2,1
25786,83,579.7,658.4,1548,51572,2,1
25787,83,579.9,657.1,1548,51574,2,1
25788,83,579.9,655.7,1548,51576,2,1
25789,83,579.9,654.4,1548,51578,2,1
25790,83,579.9,653.3,1548,51580,2,1
25791,83,580,653.2,1548,51582,2,1
25792,83,580.1,653.1,1548,51584,2,1
25793,83,580.6,653.4,1548,51586,2,1
25794,83,581.1,654.5,1548,51588,2,1
25795,83,581.7,655.6,1548,51590,2,1
25796,83,582.3,656.6,1548,51592,2,1
25797,83,582.8,657.6,1548,51594,2,1
25798,83,583.3,658,1549,51596,2,1
25799,83,583.7,658.6,1549,51598,2,1
25800,83,583.8,658.9,1549,51600,2,1
25801,83,584.1,659.3,1549,51602,2,1
25802,83,584.7,659.5,1549,51604,2,1
25803,83,585.5,659.9,1549,51606,2,1
25804,83,586.3,660.1,1549,51608,2,1
25805,83,587.1,660.3,1549,51610,2,1
25806,83,587.8,660.1,1549,51612,2,1
25807,83,588.3,659.8,1549,51614,2,1
25808,83,588.7,659.5,1549,51616,2,1
25809,83,588.7,659.4,1549,51618,2,1
25810,83,588.6,659.4,1549,51620,2,1
25811,83,588.5,659.5,1549,51622,2,1
25812,83,588.4,659.5,1549,51624,2,1
25813,83,588.4,659.7,1549,51626,2,1
25814,83,588.5,659.8,1549,51628,2,1
25815,83,588.6,659.9,1550,51630,2,1
25816,83,588.6,659.7,1550,51632,2,1
25817,83,588.3,659.4,1550,51634,2,1
25818,83,587.4,659.2,1550,51636,2,1
25819,83,586.3,659.1,1550,51638,2,1
25820,83,585.2,659.1,1550,51640,2,1
25821,83,584.1,659.3,1550,51642,2,1
25822,83,583,659.5,1550,51644,2,1
25823,83,582.1,659.8,1550,51646,2,1
25824,83,581.5,660.1,1550,51648,2,1
25825,83,581.7,660.2,1550,51650,2,1
25826,83,582.1,660.3,1550,51652,2,1
25827,83,582.4,660.2,1550,51654,2,1
25828,83,582.7,660.1,1550,51656,2,1
25829,83,583,659.9,1550,51658,2,1
25830,83,583.2,659.8,1550,51660,2,1
25831,83,583.2,659.6,1551,51662,2,1
25832,83,583,659.4,1551,51664,2,1
25833,83,582.8,659.3,1551,51666,2,1
25834,83,582.6,659.2,1551,51668,2,1
25835,83,582.5,659.1,1551,51670,2,1
25836,83,582.4,659,1551,51672,2,1
25837,83,582.4,658.9,1551,51674,2,1
25838,83,582.5,658.6,1551,51676,2,1
25839,83,582.7,658.2,1551,51678,2,1
25840,83,582.9,657.6,1551,51680,2,1
25841,83,583,657,1551,51682,2,1
25842,83,583.2,656.2,1551,51684,2,1
25843,83,583.4,655.4,1551,51686,2,1
25844,83,583.6,654.7,1551,51688,2,1
25845,83,583.8,654.3,1551,51690,2,1
25846,83,583.9,654.4,1551,51692,2,1
25847,83,584.1,654.8,1551,51694,2,1
25848,83,584.2,655.1,1552,51696,2,1
25849,83,584.3,655.5,1552,51698,2,1
25850,83,584.5,656.1,1552,51700,2,1
25851,83,584.6,656.6,1552,51702,2,1
25852,83,584.7,657.2,1552,51704,2,1
25853,83,584.9,657.5,1552,51706,2,1
25854,83,585.2,657.8,1552,51708,2,1
25855,83,585.4,658,1552,51710,2,1
25856,83,585.7,658.3,1552,51712,2,1
25857,83,585.9,658.8,1552,51714,2,1
25858,83,586,659.2,1552,51716,2,1
25859,83,586.2,659.6,1552,51718,2,1
25860,83,586.3,659.9,1552,51720,2,1
25861,83,586.4,660.2,1552,51722,2,1
25862,83,586.6,660.4,1552,51724,2,1
25863,83,586.8,660.6,1552,51726,2,1
25864,83,587,660.5,1552,51728,2,1
25865,83,587.4,660.3,1553,51730,2,1
25866,83,588.1,660.1,1553,51732,2,1
25867,83,588.7,659.9,1553,51734,2,1
25868,83,589.3,659.8,1553,51736,2,1
25869,83,589.6,659.8,1553,51738,2,1
25870,83,589.9,659.9,1553,51740,2,1
25871,83,590.2,659.8,1553,51742,2,1
25872,83,590.3,659.7,1553,51744,2,1
25873,83,590.1,659.3,1553,51746,2,1
25874,83,590,659,1553,51748,2,1
25875,83,589.8,658.9,1553,51750,2,1
25876,83,589.8,658.7,1553,51752,2,1
25877,83,589.7,658.4,1553,51754,2,1
25878,83,589.6,658.4,1553,51756,2,1
25879,83,589.5,658.3,1553,51758,2,1
25880,83,589.4,658.7,1553,51760,2,1
25881,83,589.5,659.1,1554,51762,2,1
25882,83,589.6,659.4,1554,51764,2,1
25883,83,589.7,659.7,1554,51766,2,1
25884,83,589.8,659.9,1554,51768,2,1
25885,83,589.9,659.8,1554,51770,2,1
25886,83,589.9,659.8,1554,51772,2,1
25887,83,589.9,659.9,1554,51774,2,1
25888,83,589.9,659.8,1554,51776,2,1
25889,83,589.9,659.7,1554,51778,2,1
25890,83,590,659.5,1554,51780,2,1
25891,83,590.2,659.2,1554,51782,2,1
25892,83,590.4,658.8,1554,51784,2,1
25893,83,590.6,658.4,1554,51786,2,1
25894,83,590.7,658,1554,51788,2,1
25895,83,590.3,657.7,1554,51790,2,1
25896,83,589.4,657.5,1554,51792,2,1
25897,83,588.5,657.3,1554,51794,2,1
25898,83,587.7,657.2,1555,51796,2,1
25899,83,587.3,657.1,1555,51798,2,1
25900,83,587,656.9,1555,51800,2,1
25901,83,587,656.8,1555,51802,2,1
25902,83,587.4,656.6,1555,51804,2,1
25903,83,588.3,656.5,1555,51806,2,1
25904,83,589.1,656.4,1555,51808,2,1
25905,83,589.9,656.4,1555,51810,2,1
25906,83,590.1,656.4,1555,51812,2,1
25907,83,590.5,656.6,1555,51814,2,1
25908,83,590.6,656.7,1555,51816,2,1
25909,83,590.5,656.8,1555,51818,2,1
25910,83,590.3,656.9,1555,51820,2,1
25911,83,590.1,657,1555,51822,2,1
25912,83,589.8,657.2,1555,51824,2,1
25913,83,589.7,657.7,1555,51826,2,1
25914,83,589.4,658.2,1555,51828,2,1
25915,83,589.2,658.7,1556,51830,2,1
25916,83,589,659.2,1556,51832,2,1
25917,83,589,659.8,1556,51834,2,1
25918,83,588.9,660.2,1556,51836,2,1
25919,83,588.8,660.5,1556,51838,2,1
25920,83,588.7,660.4,1556,51840,2,1
25921,83,588.6,660.2,1556,51842,2,1
25922,83,588.6,659.9,1556,51844,2,1
25923,83,588.7,659.4,1556,51846,2,1
25924,83,588.8,658.8,1556,51848,2,1
25925,83,589,658,1556,51850,2,1
25926,83,589.1,657.2,1556,51852,2,1
25927,83,589.2,656.3,1556,51854,2,1
25928,83,589.3,655.6,1556,51856,2,1
25929,83,589.5,655,1556,51858,2,1
25930,83,590,654.8,1556,51860,2,1
25931,83,590.6,654.8,1557,51862,2,1
25932,83,591.2,655,1557,51864,2,1
25933,83,591.8,655,1557,51866,2,1
25934,83,592.4,655.2,1557,51868,2,1
25935,83,592.9,655.4,1557,51870,2,1
25936,83,593.4,656,1557,51872,2,1
25937,83,593.6,656.5,1557,51874,2,1
25938,83,593.6,656.9,1557,51876,2,1
25939,83,593.7,657.3,1557,51878,2,1
25940,83,593.8,657.9,1557,51880,2,1
25941,83,594,658.4,1557,51882,2,1
25942,83,594.3,658.9,1557,51884,2,1
25943,83,594.5,659.2,1557,51886,2,1
25944,83,594.6,659.6,1557,51888,2,1
25945,83,594.8,660,1557,51890,2,1
25946,83,595,660.3,1557,51892,2,1
25947,83,595.1,660.3,1557,51894,2,1
25948,83,594.7,660,1558,51896,2,1
25949,83,594.3,659.6,1558,51898,2,1
25950,83,593.8,659.2,1558,51900,2,1
25951,83,593.3,658.7,1558,51902,2,1
25952,83,592.9,658.2,1558,51904,2,1
25953,83,592.4,657.8,1558,51906,2,1
25954,83,591.9,657.5,1558,51908,2,1
25955,83,592.1,657.4,1558,51910,2,1
25956,83,592.5,657.4,1558,51912,2,1
25957,83,593,657.3,1558,51914,2,1
25958,83,593.7,657.4,1558,51916,2,1
25959,83,594.4,657.5,1558,51918,2,1
25960,83,595,657.7,1558,51920,2,1
25961,83,595.8,657.9,1558,51922,2,1
25962,83,596.2,658.4,1558,51924,2,1
25963,83,596.7,658.8,1558,51926,2,1
25964,83,597.2,659.2,1558,51928,2,1
25965,83,597.6,659.8,1559,51930,2,1
25966,83,598.1,660.5,1559,51932,2,1
25967,83,598.7,661.2,1559,51934,2,1
25968,83,599.4,661.6,1559,51936,2,1
25969,83,600,661.8,1559,51938,2,1
25970,83,600.4,661.9,1559,51940,2,1
25971,83,600.8,661.9,1559,51942,2,1
25972,83,601,661.4,1559,51944,2,1
25973,83,601.2,660.8,1559,51946,2,1
25974,83,601.4,659.5,1559,51948,2,1
25975,83,601.3,658.4,1559,51950,2,1
25976,83,601.2,657.3,1559,51952,2,1
25977,83,600.8,656.4,1559,51954,2,1
25978,83,600.6,655.5,1559,51956,2,1
25979,83,600.4,654.9,1559,51958,2,1
25980,83,600.5,654.6,1559,51960,2,1
25981,83,600.6,655,1560,51962,2,1
25982,83,601.3,655.4,1560,51964,2,1
25983,83,602,656,1560,51966,2,1
25984,83,602.9,656.5,1560,51968,2,1
25985,83,603.8,656.9,1560,51970,2,1
25986,83,604.8,657.2,1560,51972,2,1
25987,83,605.6,657.3,1560,51974,2,1
25988,83,606.4,657.3,1560,51976,2,1
25989,83,606.8,657.4,1560,51978,2,1
25990,83,607.1,657.4,1560,51980,2,1
25991,83,607.4,657.5,1560,51982,2,1
25992,83,608.6,659,1560,51984,2,1
25993,83,610.4,660.8,1560,51986,2,1
25994,83,612.9,662.9,1560,51988,2,1
25995,83,615.4,665,1560,51990,2,1
25996,83,618.2,667.2,1560,51992,2,1
25997,83,621,669.4,1560,51994,2,1
25998,83,623.9,671.9,1561,51996,2,1
25999,83,626,673,1561,51998,2,1
26000,83,627.6,673.7,1561,52000,2,1
26001,83,628.3,674.4,1561,52002,2,1
26002,83,629,675.1,1561,52004,2,1
26003,83,629.6,675.7,1561,52006,2,1
26004,83,630,676,1561,52008,2,1
26005,83,630.5,676.2,1561,52010,2,1
26006,83,631.4,676.3,1561,52012,2,1
26007,83,632,676.3,1561,52014,2,1
26008,83,632.7,676,1561,52016,2,1
26009,83,633.3,675.7,1561,52018,2,1
26010,83,634,675.4,1561,52020,2,1
26011,83,634.5,675,1561,52022,2,1
26012,83,635,674.7,1561,52024,2,1
26013,83,635,674.4,1561,52026,2,1
26014,83,635.1,674.1,1561,52028,2,1
26015,83,635.3,674,1562,52030,2,1
26016,83,635.6,673.8,1562,52032,2,1
26017,83,636,673.6,1562,52034,2,1
26018,83,637,673.3,1562,52036,2,1
26019,83,638,673,1562,52038,2,1
26020,83,639,672.7,1562,52040,2,1
26021,83,639.9,672.5,1562,52042,2,1
26022,83,640.7,672.2,1562,52044,2,1
26023,83,641.3,672,1562,52046,2,1
26024,83,641.5,672,1562,52048,2,1
26025,83,641.3,672.1,1562,52050,2,1
26026,83,641,672.2,1562,52052,2,1
26027,83,640.9,672.3,1562,52054,2,1
26028,83,640.6,672.4,1562,52056,2,1
26029,83,640.3,672.4,1562,52058,2,1
26030,83,640.1,672.3,1562,52060,2,1
26031,83,640.1,671.7,1563,52062,2,1
26032,83,640.3,671.1,1563,52064,2,1
26033,83,640.4,670.3,1563,52066,2,1
26034,83,640.4,669.6,1563,52068,2,1
26035,83,640.6,668.9,1563,52070,2,1
26036,83,641.1,668.1,1563,52072,2,1
26037,83,641.5,667.5,1563,52074,2,1
26038,83,642.1,667.4,1563,52076,2,1
26039,83,642.8,667.6,1563,52078,2,1
26040,83,643.6,667.9,1563,52080,2,1
26041,83,644.4,668.3,1563,52082,2,1
26042,83,645.1,668.6,1563,52084,2,1
26043,83,645.7,668.9,1563,52086,2,1
26044,83,646.2,668.8,1563,52088,2,1
26045,83,646.6,668.7,1563,52090,2,1
26046,83,646.8,668.2,1563,52092,2,1
26047,83,647.2,667.6,1563,52094,2,1
26048,83,647.5,667.1,1564,52096,2,1
26049,83,647.9,666.7,1564,52098,2,1
26050,83,648.4,666.6,1564,52100,2,1
26051,83,648.9,666.9,1564,52102,2,1
26052,83,649.4,667.1,1564,52104,2,1
26053,83,649.9,667.2,1564,52106,2,1
26054,83,650.3,666.9,1564,52108,2,1
26055,83,650.7,666.3,1564,52110,2,1
26056,83,651.1,665.7,1564,52112,2,1
26057,83,651.3,664.9,1564,52114,2,1
26058,83,651.4,664.1,1564,52116,2,1
26059,83,651.4,663.5,1564,52118,2,1
26060,83,651.2,663,1564,52120,2,1
26061,83,651,663.1,1564,52122,2,1
26062,83,650.8,663.4,1564,52124,2,1
26063,83,650.6,663.7,1564,52126,2,1
26064,83,650.5,664.1,1564,52128,2,1
26065,83,650.5,664.5,1565,52130,2,1
26066,83,650.6,664.9,1565,52132,2,1
26067,83,650.7,665.2,1565,52134,2,1
26068,83,650.8,665.3,1565,52136,2,1
26069,83,651,665.2,1565,52138,2,1
26070,83,651.3,665.1,1565,52140,2,1
26071,83,651.9,664.9,1565,52142,2,1
26072,83,652.5,664.7,1565,52144,2,1
26073,83,653.1,664.4,1565,52146,2,1
26074,83,653.7,664.1,1565,52148,2,1
26075,83,654.1,663.8,1565,52150,2,1
26076,83,654.6,663.7,1565,52152,2,1
26077,83,655,663.3,1565,52154,2,1
26078,83,654.9,663.1,1565,52156,2,1
26079,83,654.8,662.9,1565,52158,2,1
26080,83,654.7,662.6,1565,52160,2,1
26081,83,654.6,662.2,1566,52162,2,1
26082,83,654.5,661.9,1566,52164,2,1
26083,83,654.4,661.7,1566,52166,2,1
26084,83,654.2,661.5,1566,52168,2,1
26085,83,654.1,661.4,1566,52170,2,1
26086,83,653.9,661.2,1566,52172,2,1
26087,83,653.9,660.8,1566,52174,2,1
26088,83,653.8,660.5,1566,52176,2,1
26089,83,653.7,660.1,1566,52178,2,1
26090,83,653.7,659.9,1566,52180,2,1
26091,83,653.6,659.6,1566,52182,2,1
26092,83,653.6,659.5,1566,52184,2,1
26093,83,653.6,659.4,1566,52186,2,1
26094,83,653.7,659.5,1566,52188,2,1
26095,83,653.7,659.7,1566,52190,2,1
26096,83,653.8,659.9,1566,52192,2,1
26097,83,653.8,659.9,1566,52194,2,1
26098,83,653.8,660.1,1567,52196,2,1
26099,83,653.8,660.3,1567,52198,2,1
26100,83,653.9,660.5,1567,52200,2,1
26101,83,654,660.6,1567,52202,2,1
26102,83,654.1,660.8,1567,52204,2,1
26103,83,654.2,660.9,1567,52206,2,1
26104,83,654.2,661,1567,52208,2,1
26105,83,654.3,661.2,1567,52210,2,1
26106,83,654.1,661.3,1567,52212,2,1
26107,83,653.9,661.4,1567,52214,2,1
26108,83,653.9,661.6,1567,52216,2,1
26109,83,654.2,661.6,1567,52218,2,1
26110,83,654.7,661.4,1567,52220,2,1
26111,83,655.2,661.2,1567,52222,2,1
26112,83,655.9,660.9,1567,52224,2,1
26113,83,656.7,660.9,1567,52226,2,1
26114,83,657.4,660.8,1567,52228,2,1
26115,83,658,660.7,1568,52230,2,1
26116,83,658.3,660.8,1568,52232,2,1
26117,83,658.5,661.1,1568,52234,2,1
26118,83,658.7,661.4,1568,52236,2,1
26119,83,658.8,661.7,1568,52238,2,1
26120,83,659.2,661.7,1568,52240,2,1
26121,83,659.5,661.7,1568,52242,2,1
26122,83,659.5,661.4,1568,52244,2,1
26123,83,659.5,661.2,1568,52246,2,1
26124,83,659.2,661,1568,52248,2,1
26125,83,659,660.7,1568,52250,2,1
26126,83,658.9,660.3,1568,52252,2,1
26127,83,658.5,660,1568,52254,2,1
26128,83,658.3,659.7,1568,52256,2,1
26129,83,658.1,659.5,1568,52258,2,1
26130,83,658.2,659.4,1568,52260,2,1
26131,83,658.4,659.2,1569,52262,2,1
26132,83,658.6,659.2,1569,52264,2,1
26133,83,658.7,659.2,1569,52266,2,1
26134,83,658.7,659.1,1569,52268,2,1
26135,83,658.6,659.1,1569,52270,2,1
26136,83,658.5,659.2,1569,52272,2,1
26137,83,658.2,659.3,1569,52274,2,1
26138,83,657.9,659.9,1569,52276,2,1
26139,83,657.7,660.4,1569,52278,2,1
26140,83,657.6,660.9,1569,52280,2,1
26141,83,657.4,661.4,1569,52282,2,1
26142,83,657.4,661.5,1569,52284,2,1
26143,83,657.4,661.4,1569,52286,2,1
26144,83,657.6,661.2,1569,52288,2,1
26145,83,657.9,660.5,1569,52290,2,1
26146,83,658.6,659.1,1569,52292,2,1
26147,83,659.3,657.6,1569,52294,2,1
26148,83,660,656.1,1570,52296,2,1
26149,83,660.6,656,1570,52298,2,1
26150,83,661.3,655.9,1570,52300,2,1
26151,83,661.7,655.9,1570,52302,2,1
26152,83,662,655.9,1570,52304,2,1
26153,83,661.4,656.9,1570,52306,2,1
26154,83,660.8,657.7,1570,52308,2,1
26155,83,660.2,658.5,1570,52310,2,1
26156,83,659.8,658.5,1570,52312,2,1
26157,83,659.6,658.4,1570,52314,2,1
26158,83,659.2,658.3,1570,52316,2,1
26159,83,658.9,658.2,1570,52318,2,1
26160,83,659,658.2,1570,52320,2,1
26161,83,659.3,658,1570,52322,2,1
26162,83,660.2,657.8,1570,52324,2,1
26163,83,661,657.3,1570,52326,2,1
26164,83,661.7,656.8,1570,52328,2,1
26165,83,661.8,656.4,1571,52330,2,1
26166,83,661.9,656,1571,52332,2,1
26167,83,661.9,655.5,1571,52334,2,1
26168,83,661.8,655.1,1571,52336,2,1
26169,83,661.1,655.1,1571,52338,2,1
26170,83,660.4,655.4,1571,52340,2,1
26171,83,660.1,655.5,1571,52342,2,1
26172,83,660.6,655.6,1571,52344,2,1
26173,83,661.1,655.6,1571,52346,2,1
26174,83,661.4,655.7,1571,52348,2,1
26175,83,661.7,655.6,1571,52350,2,1
26176,83,662,655.3,1571,52352,2,1
26177,83,662.3,655,1571,52354,2,1
26178,83,662.2,654.8,1571,52356,2,1
26179,83,662.2,654.7,1571,52358,2,1
26180,83,662.2,654.8,1571,52360,2,1
26181,83,662.4,655,1572,52362,2,1
26182,83,662.5,655.2,1572,52364,2,1
26183,83,662.6,655.5,1572,52366,2,1
26184,83,662.8,655.7,1572,52368,2,1
26185,83,662.9,655.8,1572,52370,2,1
26186,83,663,656,1572,52372,2,1
26187,83,663.1,656.1,1572,52374,2,1
26188,83,663.3,656.2,1572,52376,2,1
26189,83,663.5,656.3,1572,52378,2,1
26190,83,663.7,656.4,1572,52380,2,1
26191,83,664.1,656.5,1572,52382,2,1
26192,83,664.6,656.5,1572,52384,2,1
26193,83,665,656.5,1572,52386,2,1
26194,83,665.2,656.5,1572,52388,2,1
26195,83,665.3,656.3,1572,52390,2,1
26196,83,665.4,656.1,1572,52392,2,1
26197,83,665.5,656.1,1572,52394,2,1
26198,83,665.4,656.6,1573,52396,2,1
26199,83,665,657.1,1573,52398,2,1
26200,83,664.7,657.6,1573,52400,2,1
26201,83,664.5,658.1,1573,52402,2,1
26202,83,664.3,658.7,1573,52404,2,1
26203,83,664,658.9,1573,52406,2,1
26204,83,663.8,659.3,1573,52408,2,1
26205,83,663.6,659.3,1573,52410,2,1
26206,83,663.6,659.9,1573,52412,2,1
26207,83,663.7,660.5,1573,52414,2,1
26208,83,664,661.1,1573,52416,2,1
26209,83,664.2,661.9,1573,52418,2,1
26210,83,664.8,662.7,1573,52420,2,1
26211,83,665.3,663.4,1573,52422,2,1
26212,83,665.9,663.4,1573,52424,2,1
26213,83,666.5,662.8,1573,52426,2,1
26214,83,667.1,662,1573,52428,2,1
26215,83,667.7,660.7,1574,52430,2,1
26216,83,668.2,659.6,1574,52432,2,1
26217,83,668.5,658.4,1574,52434,2,1
26218,83,668.8,657.7,1574,52436,2,1
26219,83,668.4,657.5,1574,52438,2,1
26220,83,667.9,657.4,1574,52440,2,1
26221,83,667.3,657.6,1574,52442,2,1
26222,83,666.8,658.3,1574,52444,2,1
26223,83,666.7,659.3,1574,52446,2,1
26224,83,666.7,660.2,1574,52448,2,1
26225,83,666.7,660.8,1574,52450,2,1
26226,83,667.4,661.1,1574,52452,2,1
26227,83,668.1,661.4,1574,52454,2,1
26228,83,668.8,661.5,1574,52456,2,1
26229,83,669.3,661.6,1574,52458,2,1
26230,83,669.5,661.2,1574,52460,2,1
26231,83,669.7,660.9,1575,52462,2,1
26232,83,670,660.6,1575,52464,2,1
26233,83,670.1,660.4,1575,52466,2,1
26234,83,670.4,660.2,1575,52468,2,1
26235,83,670.6,660,1575,52470,2,1
26236,83,670.9,659.8,1575,52472,2,1
26237,83,671.1,659.7,1575,52474,2,1
26238,83,671.2,659.5,1575,52476,2,1
26239,83,671.2,659.3,1575,52478,2,1
26240,83,671.2,659.1,1575,52480,2,1
26241,83,670.9,659,1575,52482,2,1
26242,83,670.7,659,1575,52484,2,1
26243,83,670.4,659.1,1575,52486,2,1
26244,83,670.3,659.4,1575,52488,2,1
26245,83,670.1,659.7,1575,52490,2,1
26246,83,670.1,660.3,1575,52492,2,1
26247,83,670,661,1575,52494,2,1
26248,83,669.9,661.6,1576,52496,2,1
26249,83,669.9,662.2,1576,52498,2,1
26250,83,669.8,662.5,1576,52500,2,1
26251,83,669.7,662.7,1576,52502,2,1
26252,83,669.5,662.9,1576,52504,2,1
26253,83,669,663,1576,52506,2,1
26254,83,668.7,663,1576,52508,2,1
26255,83,668.6,662.9,1576,52510,2,1
26256,83,669.1,663,1576,52512,2,1
26257,83,669.6,663.1,1576,52514,2,1
26258,83,670.2,663.4,1576,52516,2,1
26259,83,670.8,663.7,1576,52518,2,1
26260,83,671.8,663.9,1576,52520,2,1
26261,83,672.7,664.2,1576,52522,2,1
26262,83,673.4,664.5,1576,52524,2,1
26263,83,673.5,664.8,1576,52526,2,1
26264,83,673.5,665.2,1576,52528,2,1
26265,83,673.4,665.3,1577,52530,2,1
26266,83,673.3,665.4,1577,52532,2,1
26267,83,673.1,665.3,1577,52534,2,1
26268,83,672.7,665.1,1577,52536,2,1
26269,83,672.2,664.9,1577,52538,2,1
26270,83,671.6,664.6,1577,52540,2,1
26271,83,671.1,664.3,1577,52542,2,1
26272,83,670.6,664,1577,52544,2,1
26273,83,670.2,663.8,1577,52546,2,1
26274,83,669.7,663.7,1577,52548,2,1
26275,83,669.5,663.6,1577,52550,2,1
26276,83,669.3,663.5,1577,52552,2,1
26277,83,669.2,663.5,1577,52554,2,1
26278,83,668.7,663.5,1577,52556,2,1
26279,83,668.2,663.5,1577,52558,2,1
26280,83,667.5,663.4,1577,52560,2,1
26281,83,667,663.4,1578,52562,2,1
26282,83,666.5,663.3,1578,52564,2,1
26283,83,666.2,663.2,1578,52566,2,1
26284,83,665.9,663.2,1578,52568,2,1
26285,83,666.2,663.2,1578,52570,2,1
26286,83,666.4,663.2,1578,52572,2,1
26287,83,666.8,663.3,1578,52574,2,1
26288,83,667,663.3,1578,52576,2,1
26289,83,667.2,663.4,1578,52578,2,1
26290,83,667.2,663.5,1578,52580,2,1
26291,83,667.2,663.3,1578,52582,2,1
26292,83,667.1,663.4,1578,52584,2,1
26293,83,667.1,663.6,1578,52586,2,1
26294,83,667.1,663.8,1578,52588,2,1
26295,83,667.1,664,1578,52590,2,1
26296,83,667.1,664,1578,52592,2,1
26297,83,667.1,664.2,1578,52594,2,1
26298,83,667.1,664.4,1579,52596,2,1
26299,83,667.1,664.5,1579,52598,2,1
26300,83,667,664.5,1579,52600,2,1
26301,83,666.9,664.7,1579,52602,2,1
26302,83,666.7,664.9,1579,52604,2,1
26303,83,666.5,665.2,1579,52606,2,1
26304,83,666.2,665.4,1579,52608,2,1
26305,83,666,665.7,1579,52610,2,1
26306,83,665.8,665.7,1579,52612,2,1
26307,83,665.6,665.7,1579,52614,2,1
26308,83,665.2,665.4,1579,52616,2,1
26309,83,664.8,665.1,1579,52618,2,1
26310,83,664.4,664.9,1579,52620,2,1
26311,83,664,664.7,1579,52622,2,1
26312,83,663.5,664.7,1579,52624,2,1
26313,83,663.1,664.9,1579,52626,2,1
26314,83,662.6,665,1579,52628,2,1
26315,83,662.5,665.3,1580,52630,2,1
26316,83,662.3,665.5,1580,52632,2,1
26317,83,662.2,665.6,1580,52634,2,1
26318,83,661.9,665.6,1580,52636,2,1
26319,83,661.7,665.6,1580,52638,2,1
26320,83,661.5,665.5,1580,52640,2,1
26321,83,661.3,665.5,1580,52642,2,1
26322,83,661.2,665.6,1580,52644,2,1
26323,83,661.1,665.7,1580,52646,2,1
26324,83,661,665.9,1580,52648,2,1
26325,83,661.3,666.1,1580,52650,2,1
26326,83,661.6,666.2,1580,52652,2,1
26327,83,661.9,666.3,1580,52654,2,1
26328,83,662.2,666.2,1580,52656,2,1
26329,83,662.5,666.1,1580,52658,2,1
26330,83,662.9,666.1,1580,52660,2,1
26331,83,663.2,666.1,1581,52662,2,1
26332,83,663.4,666.1,1581,52664,2,1
26333,83,663.5,666,1581,52666,2,1
26334,83,663.6,665.9,1581,52668,2,1
26335,83,663.6,665.5,1581,52670,2,1
26336,83,663.5,665.2,1581,52672,2,1
26337,83,663.5,664.8,1581,52674,2,1
26338,83,663.5,664.5,1581,52676,2,1
26339,83,663.5,664.2,1581,52678,2,1
26340,83,663.9,664.2,1581,52680,2,1
26341,83,664.3,664.4,1581,52682,2,1
26342,83,664.8,664.8,1581,52684,2,1
26343,83,665.2,665.2,1581,52686,2,1
26344,83,665.6,665.5,1581,52688,2,1
26345,83,665.9,665.8,1581,52690,2,1
26346,83,666.1,666,1581,52692,2,1
26347,83,666.1,665.9,1581,52694,2,1
26348,83,666,665.6,1582,52696,2,1
26349,83,665.8,665.5,1582,52698,2,1
26350,83,665.7,665.4,1582,52700,2,1
26351,83,665.7,665.3,1582,52702,2,1
26352,83,665.6,665.3,1582,52704,2,1
26353,83,665.6,665.3,1582,52706,2,1
26354,83,665.4,665.2,1582,52708,2,1
26355,83,665.3,665.3,1582,52710,2,1
26356,83,665.2,665.4,1582,52712,2,1
26357,83,665.2,665.4,1582,52714,2,1
26358,83,665.1,665.4,1582,52716,2,1
26359,83,665,665.4,1582,52718,2,1
26360,83,664.5,665.4,1582,52720,2,1
26361,83,664.2,665.5,1582,52722,2,1
26362,83,663.8,665.6,1582,52724,2,1
26363,83,663.5,665.9,1582,52726,2,1
26364,83,663.1,666.2,1582,52728,2,1
26365,83,662.8,666.6,1583,52730,2,1
26366,83,662.6,666.9,1583,52732,2,1
26367,83,662.7,667,1583,52734,2,1
26368,83,662.8,667,1583,52736,2,1
26369,83,662.8,666.9,1583,52738,2,1
26370,83,662.8,666.4,1583,52740,2,1
26371,83,662.6,665.9,1583,52742,2,1
26372,83,662.5,665.4,1583,52744,2,1
26373,83,662.3,665.1,1583,52746,2,1
26374,83,662.1,665,1583,52748,2,1
26375,83,662,664.9,1583,52750,2,1
26376,83,661.8,665.1,1583,52752,2,1
26377,83,661.7,665.4,1583,52754,2,1
26378,83,661.7,665.6,1583,52756,2,1
26379,83,661.7,665.7,1583,52758,2,1
26380,83,661.7,665.9,1583,52760,2,1
26381,83,661.6,666,1584,52762,2,1
26382,83,661.6,666.2,1584,52764,2,1
26383,83,661.3,666.3,1584,52766,2,1
26384,83,661,666.4,1584,52768,2,1
26385,83,660.7,666.5,1584,52770,2,1
26386,83,660.5,666.5,1584,52772,2,1
26387,83,660.3,666.6,1584,52774,2,1
26388,83,660.2,666.7,1584,52776,2,1
26389,83,660.2,666.8,1584,52778,2,1
26390,83,660.4,666.7,1584,52780,2,1
26391,83,660.7,666.6,1584,52782,2,1
26392,83,661.1,666.4,1584,52784,2,1
26393,83,661.4,666.2,1584,52786,2,1
26394,83,661.7,666.1,1584,52788,2,1
26395,83,662.1,666,1584,52790,2,1
26396,83,662.4,665.8,1584,52792,2,1
26397,83,662.6,665.5,1584,52794,2,1
26398,83,662.7,664.7,1585,52796,2,1
26399,83,661.8,663.9,1585,52798,2,1
26400,83,660.6,662.9,1585,52800,2,1
26401,83,658.4,660.9,1585,52802,2,1
26402,83,654,657.8,1585,52804,2,1
26403,83,649.1,653.8,1585,52806,2,1
26404,83,643.5,650.1,1585,52808,2,1
26405,83,637.6,646,1585,52810,2,1
26406,83,632.6,641.7,1585,52812,2,1
26407,83,627.9,637.5,1585,52814,2,1
26408,83,624.1,634.6,1585,52816,2,1
26409,83,622.3,632.8,1585,52818,2,1
26410,83,621.1,632.3,1585,52820,2,1
26411,83,620.8,632.1,1585,52822,2,1
26412,83,621,632.8,1585,52824,2,1
26413,83,621.1,633.8,1585,52826,2,1
26414,83,621.3,634.8,1585,52828,2,1
26415,83,621.5,636,1586,52830,2,1
26416,83,621.6,637,1586,52832,2,1
26417,83,621.6,637.6,1586,52834,2,1
26418,83,621.6,638,1586,52836,2,1
26419,83,621.5,638,1586,52838,2,1
26420,83,621.4,637.7,1586,52840,2,1
26421,83,621.3,637.3,1586,52842,2,1
26422,83,621.3,636.8,1586,52844,2,1
26423,83,621.5,636.2,1586,52846,2,1
26424,83,621.6,635.7,1586,52848,2,1
26425,83,621.8,635.3,1586,52850,2,1
26426,83,622,635.2,1586,52852,2,1
26427,83,622.2,635.3,1586,52854,2,1
26428,83,622.4,635.5,1586,52856,2,1
26429,83,622.5,635.6,1586,52858,2,1
26430,83,622.6,635.8,1586,52860,2,1
26431,83,622.8,635.9,1587,52862,2,1
26432,83,622.9,636,1587,52864,2,1
26433,83,623,636,1587,52866,2,1
26434,83,623.2,636,1587,52868,2,1
26435,83,623.3,636,1587,52870,2,1
26436,83,623.5,636.3,1587,52872,2,1
26437,83,623.6,636.6,1587,52874,2,1
26438,83,623.7,636.8,1587,52876,2,1
26439,83,623.7,636.9,1587,52878,2,1
26440,83,623.7,637,1587,52880,2,1
26441,83,623.6,636.9,1587,52882,2,1
26442,83,623.5,636.8,1587,52884,2,1
26443,83,623.8,636.5,1587,52886,2,1
26444,83,624.1,636.3,1587,52888,2,1
26445,83,624.5,636.2,1587,52890,2,1
26446,83,624.8,636.2,1587,52892,2,1
26447,83,624.7,636.3,1587,52894,2,1
26448,83,624.8,636.4,1588,52896,2,1
26449,83,625.1,636.2,1588,52898,2,1
26450,83,625.1,636.2,1588,52900,2,1
26451,83,625.1,636.2,1588,52902,2,1
26452,83,625.1,636.3,1588,52904,2,1
26453,83,625.1,636.4,1588,52906,2,1
26454,83,625.6,636.6,1588,52908,2,1
26455,83,625.9,636.7,1588,52910,2,1
26456,83,625.9,637.1,1588,52912,2,1
26457,83,625.8,637.4,1588,52914,2,1
26458,83,625.8,637.4,1588,52916,2,1
26459,83,625.7,637.1,1588,52918,2,1
26460,83,625.8,636.8,1588,52920,2,1
26461,83,625.9,636.4,1588,52922,2,1
26462,83,626.1,636,1588,52924,2,1
26463,83,626.5,635.6,1588,52926,2,1
26464,83,626.9,635,1588,52928,2,1
26465,83,627.3,634.9,1589,52930,2,1
26466,83,627.6,635.2,1589,52932,2,1
26467,83,627.9,635.6,1589,52934,2,1
26468,83,627.9,635.9,1589,52936,2,1
26469,83,628,636.3,1589,52938,2,1
26470,83,627.9,636.6,1589,52940,2,1
26471,83,627.4,637,1589,52942,2,1
26472,83,626.9,637.3,1589,52944,2,1
26473,83,626.5,637.3,1589,52946,2,1
26474,83,626,637.4,1589,52948,2,1
26475,83,626.3,637.4,1589,52950,2,1
26476,83,626.5,637.5,1589,52952,2,1
26477,83,626.8,637.6,1589,52954,2,1
26478,83,627.3,637.6,1589,52956,2,1
26479,83,627.9,637.6,1589,52958,2,1
26480,83,628.5,637.7,1589,52960,2,1
26481,83,629.1,637.7,1590,52962,2,1
26482,83,629.1,637.8,1590,52964,2,1
26483,83,629,637.9,1590,52966,2,1
26484,83,628.7,638,1590,52968,2,1
26485,83,628.5,638.2,1590,52970,2,1
26486,83,628.1,638.4,1590,52972,2,1
26487,83,627.7,638.5,1590,52974,2,1
26488,83,627.2,638.7,1590,52976,2,1
26489,83,626.7,638.9,1590,52978,2,1
26490,83,626.4,639.3,1590,52980,2,1
26491,83,626.6,639.5,1590,52982,2,1
26492,83,626.9,639.6,1590,52984,2,1
26493,83,627.4,639.6,1590,52986,2,1
26494,83,627.9,639.3,1590,52988,2,1
26495,83,628.5,639,1590,52990,2,1
26496,83,628.6,638.8,1590,52992,2,1
26497,83,628.7,638.2,1590,52994,2,1
26498,83,628.3,637.5,1591,52996,2,1
26499,83,627.8,636.8,1591,52998,2,1
26500,83,627.3,636.2,1591,53000,2,1
26501,83,626.8,635.7,1591,53002,2,1
26502,83,626.3,635.3,1591,53004,2,1
26503,83,626.4,635,1591,53006,2,1
26504,83,626.5,634.8,1591,53008,2,1
26505,83,626.6,634.9,1591,53010,2,1
26506,83,626.7,635.1,1591,53012,2,1
26507,83,626.9,635.5,1591,53014,2,1
26508,83,627.3,635.9,1591,53016,2,1
26509,83,627.7,636.2,1591,53018,2,1
26510,83,628.2,636.4,1591,53020,2,1
26511,83,628.8,636.6,1591,53022,2,1
26512,83,629.3,636.7,1591,53024,2,1
26513,83,629.6,636.7,1591,53026,2,1
26514,83,629.8,636.6,1591,53028,2,1
26515,83,629.7,636.4,1592,53030,2,1
26516,83,629.5,636.5,1592,53032,2,1
26517,83,629.2,636.7,1592,53034,2,1
26518,83,628.9,637,1592,53036,2,1
26519,83,628.7,637.2,1592,53038,2,1
26520,83,628.7,637.4,1592,53040,2,1
26521,83,628.9,637.6,1592,53042,2,1
26522,83,629.1,637.9,1592,53044,2,1
26523,83,629.3,638,1592,53046,2,1
26524,83,629.5,638.2,1592,53048,2,1
26525,83,629.8,638.2,1592,53050,2,1
26526,83,630,638.2,1592,53052,2,1
26527,83,630.1,638.2,1592,53054,2,1
26528,83,630.3,638.1,1592,53056,2,1
26529,83,630.4,638,1592,53058,2,1
26530,83,630.4,637.9,1592,53060,2,1
26531,83,630.4,637.8,1593,53062,2,1
26532,83,630.1,637.7,1593,53064,2,1
26533,83,629.8,637.7,1593,53066,2,1
26534,83,629.4,637.7,1593,53068,2,1
26535,83,628.9,637.5,1593,53070,2,1
26536,83,628.5,637.1,1593,53072,2,1
26537,83,628.2,636.9,1593,53074,2,1
26538,83,628,636.7,1593,53076,2,1
26539,83,628,636.5,1593,53078,2,1
26540,83,628.1,636.3,1593,53080,2,1
26541,83,628.3,636.2,1593,53082,2,1
26542,83,628.5,636.3,1593,53084,2,1
26543,83,628.6,636.4,1593,53086,2,1
26544,83,628.6,636.5,1593,53088,2,1
26545,83,628.5,636.8,1593,53090,2,1
26546,83,628.4,637.1,1593,53092,2,1
26547,83,628.2,637.4,1593,53094,2,1
26548,83,628.1,637.6,1594,53096,2,1
26549,83,627.9,637.7,1594,53098,2,1
26550,83,627.7,637.7,1594,53100,2,1
26551,83,627.6,637.9,1594,53102,2,1
26552,83,627.6,638,1594,53104,2,1
26553,83,627.6,638,1594,53106,2,1
26554,83,627.7,638.2,1594,53108,2,1
26555,83,627.8,638.3,1594,53110,2,1
26556,83,627.9,638.3,1594,53112,2,1
26557,83,628.2,638.4,1594,53114,2,1
26558,83,628.5,638.3,1594,53116,2,1
26559,83,628.9,638.1,1594,53118,2,1
26560,83,629.1,638,1594,53120,2,1
26561,83,629.4,638.1,1594,53122,2,1
26562,83,629.6,638.6,1594,53124,2,1
26563,83,629.7,639,1594,53126,2,1
26564,83,629.8,639.4,1594,53128,2,1
26565,83,629.7,639.8,1595,53130,2,1
26566,83,629.6,640.1,1595,53132,2,1
26567,83,629.4,640.4,1595,53134,2,1
26568,83,629.3,640.6,1595,53136,2,1
26569,83,629.2,640.3,1595,53138,2,1
26570,83,629,640,1595,53140,2,1
26571,83,629,639.4,1595,53142,2,1
26572,83,629.1,638.9,1595,53144,2,1
26573,83,629.1,638.3,1595,53146,2,1
26574,83,629.2,637.8,1595,53148,2,1
26575,83,629.3,637.2,1595,53150,2,1
26576,83,629.3,636.8,1595,53152,2,1
26577,83,629.3,636.6,1595,53154,2,1
26578,83,629.3,636.8,1595,53156,2,1
26579,83,629.3,637,1595,53158,2,1
26580,83,629.2,637.2,1595,53160,2,1
26581,83,629.1,637.4,1596,53162,2,1
26582,83,629,637.6,1596,53164,2,1
26583,83,629,637.9,1596,53166,2,1
26584,83,629.1,637.9,1596,53168,2,1
26585,83,629.1,637.9,1596,53170,2,1
26586,83,629.3,637.6,1596,53172,2,1
26587,83,629.5,637.3,1596,53174,2,1
26588,83,629.7,636.9,1596,53176,2,1
26589,83,629.9,636.5,1596,53178,2,1
26590,83,630.1,636.1,1596,53180,2,1
26591,83,630.2,635.9,1596,53182,2,1
26592,83,630.2,635.8,1596,53184,2,1
26593,83,630.1,636,1596,53186,2,1
26594,83,630.1,636.2,1596,53188,2,1
26595,83,630,636.4,1596,53190,2,1
26596,83,630.1,636.4,1596,53192,2,1
26597,83,630.1,636.3,1596,53194,2,1
26598,83,630.2,636.2,1597,53196,2,1
26599,83,630.3,636,1597,53198,2,1
26600,83,630.5,635.8,1597,53200,2,1
26601,83,630.5,635.6,1597,53202,2,1
26602,83,630.5,635.5,1597,53204,2,1
26603,83,630.4,635.4,1597,53206,2,1
26604,83,630.3,635.3,1597,53208,2,1
26605,83,630.1,635.2,1597,53210,2,1
26606,83,630,635.3,1597,53212,2,1
26607,83,629.8,635.5,1597,53214,2,1
26608,83,629.7,635.7,1597,53216,2,1
26609,83,629.7,636,1597,53218,2,1
26610,83,629.8,636.3,1597,53220,2,1
26611,83,630,636.6,1597,53222,2,1
26612,83,630.1,636.8,1597,53224,2,1
26613,83,630.4,636.8,1597,53226,2,1
26614,83,630.6,636.8,1597,53228,2,1
26615,83,630.8,636.8,1598,53230,2,1
26616,83,630.9,636.7,1598,53232,2,1
26617,83,630.9,636.7,1598,53234,2,1
26618,83,630.8,636.6,1598,53236,2,1
26619,83,630.6,636.6,1598,53238,2,1
26620,83,630.4,636.6,1598,53240,2,1
26621,83,630.2,636.6,1598,53242,2,1
26622,83,630,636.6,1598,53244,2,1
26623,83,630,636.7,1598,53246,2,1
26624,83,630.3,636.8,1598,53248,2,1
26625,83,630.9,636.8,1598,53250,2,1
26626,83,631.7,636.9,1598,53252,2,1
26627,83,632.5,636.9,1598,53254,2,1
26628,83,633.4,636.8,1598,53256,2,1
26629,83,634.2,636.8,1598,53258,2,1
26630,83,634.9,636.6,1598,53260,2,1
26631,83,635.2,636.4,1599,53262,2,1
26632,83,635.3,636,1599,53264,2,1
26633,83,635.3,635.9,1599,53266,2,1
26634,83,635.4,635.9,1599,53268,2,1
26635,83,635.4,635.9,1599,53270,2,1
26636,83,635.3,636.1,1599,53272,2,1
26637,83,635.3,636.3,1599,53274,2,1
26638,83,635.2,636.7,1599,53276,2,1
26639,83,635.3,637.1,1599,53278,2,1
26640,83,635.2,637.5,1599,53280,2,1
26641,83,634.9,637.7,1599,53282,2,1
26642,83,634.5,637.9,1599,53284,2,1
26643,83,634.1,638,1599,53286,2,1
26644,83,633.5,638,1599,53288,2,1
26645,83,632.9,638,1599,53290,2,1
26646,83,632.3,638.1,1599,53292,2,1
26647,83,632.2,638.4,1599,53294,2,1
26648,83,632.3,638.7,1600,53296,2,1
26649,83,632.7,638.9,1600,53298,2,1
26650,83,633.1,639,1600,53300,2,1
26651,83,633.9,639.1,1600,53302,2,1
26652,83,634.7,639,1600,53304,2,1
26653,83,635.4,638.9,1600,53306,2,1
26654,83,635.6,638.7,1600,53308,2,1
26655,83,635.7,638.5,1600,53310,2,1
26656,83,635.5,638.4,1600,53312,2,1
26657,83,635.2,638.3,1600,53314,2,1
26658,83,634.9,638.3,1600,53316,2,1
26659,83,634.6,638.3,1600,53318,2,1
26660,83,634.3,638.4,1600,53320,2,1
26661,83,634.1,638.5,1600,53322,2,1
26662,83,634,638.7,1600,53324,2,1
26663,83,633.9,638.9,1600,53326,2,1
26664,83,633.7,639.3,1600,53328,2,1
26665,83,633.6,639.6,1601,53330,2,1
26666,83,633.6,640,1601,53332,2,1
26667,83,633.4,640.3,1601,53334,2,1
26668,83,633.2,640.4,1601,53336,2,1
26669,83,633.1,640.1,1601,53338,2,1
26670,83,633,639.9,1601,53340,2,1
26671,83,633,639.6,1601,53342,2,1
26672,83,632.9,639.5,1601,53344,2,1
26673,83,632.9,639.4,1601,53346,2,1
26674,83,632.9,639.3,1601,53348,2,1
26675,83,632.9,639.3,1601,53350,2,1
26676,83,632.8,639.4,1601,53352,2,1
26677,83,632.8,639.5,1601,53354,2,1
26678,83,632.6,639.6,1601,53356,2,1
26679,83,632.5,639.6,1601,53358,2,1
26680,83,632.4,639.6,1601,53360,2,1
26681,83,632.2,639.6,1602,53362,2,1
26682,83,632.1,639.6,1602,53364,2,1
26683,83,631.9,639.6,1602,53366,2,1
26684,83,631.7,639.5,1602,53368,2,1
26685,83,631.5,639.3,1602,53370,2,1
26686,83,631.3,639,1602,53372,2,1
26687,83,631.1,638,1602,53374,2,1
26688,83,630.8,637,1602,53376,2,1
26689,83,630.5,636,1602,53378,2,1
26690,83,630.2,635,1602,53380,2,1
26691,83,629.8,634.7,1602,53382,2,1
26692,83,629.6,634.5,1602,53384,2,1
26693,83,629.3,634.6,1602,53386,2,1
26694,83,629.2,635.2,1602,53388,2,1
26695,83,629.2,635.8,1602,53390,2,1
26696,83,629.9,636.5,1602,53392,2,1
26697,83,630.6,637.1,1602,53394,2,1
26698,83,631.3,636.9,1603,53396,2,1
26699,83,631.6,636.8,1603,53398,2,1
26700,83,631.9,636.6,1603,53400,2,1
26701,83,632.1,636.4,1603,53402,2,1
26702,83,632.1,636.1,1603,53404,2,1
26703,83,631.6,635.9,1603,53406,2,1
26704,83,630.9,636,1603,53408,2,1
26705,83,630.3,636.4,1603,53410,2,1
26706,83,629.9,636.9,1603,53412,2,1
26707,83,629.5,637.6,1603,53414,2,1
26708,83,629.1,638.4,1603,53416,2,1
26709,83,628.7,639.2,1603,53418,2,1
26710,83,628.3,639.9,1603,53420,2,1
26711,83,628.1,640.2,1603,53422,2,1
26712,83,627.9,640,1603,53424,2,1
26713,83,627.9,639.5,1603,53426,2,1
26714,83,627.9,638,1603,53428,2,1
26715,83,627.9,634.1,1604,53430,2,1
26716,83,627.9,628.4,1604,53432,2,1
26717,83,628,619.2,1604,53434,2,1
26718,83,628.5,604.6,1604,53436,2,1
26719,83,629.4,586.7,1604,53438,2,1
26720,83,630.7,564.3,1604,53440,2,1
26721,83,633.2,538.2,1604,53442,2,1
26722,83,635.8,510.7,1604,53444,2,1
26723,83,638.5,483.7,1604,53446,2,1
26724,83,640.9,459.7,1604,53448,2,1
26725,83,642.8,441.1,1604,53450,2,1
26726,83,644.3,426,1604,53452,2,1
26727,83,644.5,414.7,1604,53454,2,1
26728,83,643.6,408.2,1604,53456,2,1
26729,83,640.1,405.3,1604,53458,2,1
26730,83,636.6,403.8,1604,53460,2,1
26731,83,632.3,402.4,1605,53462,2,1
26732,83,628.2,400.1,1605,53464,2,1
26733,83,624.2,398,1605,53466,2,1
26734,83,621,396.6,1605,53468,2,1
26735,83,617.9,395.2,1605,53470,2,1
26736,83,617.6,393.6,1605,53472,2,1
26737,83,617.3,391.6,1605,53474,2,1
26738,83,618.1,389.2,1605,53476,2,1
26739,83,618.7,387.5,1605,53478,2,1
26740,83,619.3,385.6,1605,53480,2,1
26741,83,619.4,383.9,1605,53482,2,1
26742,83,619.4,382.1,1605,53484,2,1
26743,83,619,380.7,1605,53486,2,1
26744,83,618.5,379.6,1605,53488,2,1
26745,83,617.8,379.3,1605,53490,2,1
26746,83,617.2,379.1,1605,53492,2,1
26747,83,616.5,379.7,1605,53494,2,1
26748,83,616.2,380.4,1606,53496,2,1
26749,83,615.8,380.9,1606,53498,2,1
26750,83,615.4,381.4,1606,53500,2,1
26751,83,615,381.9,1606,53502,2,1
26752,83,614.4,382.6,1606,53504,2,1
26753,83,613.8,383.3,1606,53506,2,1
26754,83,613.2,383.7,1606,53508,2,1
26755,83,612.6,384.2,1606,53510,2,1
26756,83,611.9,384.5,1606,53512,2,1
26757,83,611,384.7,1606,53514,2,1
26758,83,610,384.9,1606,53516,2,1
26759,83,609.4,384.9,1606,53518,2,1
26760,83,608.8,385,1606,53520,2,1
26761,83,608.3,384.9,1606,53522,2,1
26762,83,607.9,384.9,1606,53524,2,1
26763,83,607.6,384.6,1606,53526,2,1
26764,83,607.7,384.3,1606,53528,2,1
26765,83,607.7,384.1,1607,53530,2,1
26766,83,607.5,384,1607,53532,2,1
26767,83,607.3,384.1,1607,53534,2,1
26768,83,607.1,384.1,1607,53536,2,1
26769,83,606.9,384.2,1607,53538,2,1
26770,83,606.9,384.3,1607,53540,2,1
26771,83,606.9,384.3,1607,53542,2,1
26772,83,606.9,384.1,1607,53544,2,1
26773,83,607,384,1607,53546,2,1
26774,83,607.4,383.9,1607,53548,2,1
26775,83,607.7,383.7,1607,53550,2,1
26776,83,608,383.5,1607,53552,2,1
26777,83,608.3,383.5,1607,53554,2,1
26778,83,608.6,383.5,1607,53556,2,1
26779,83,608.9,383.7,1607,53558,2,1
26780,83,609.1,383.5,1607,53560,2,1
26781,83,609.2,383.2,1608,53562,2,1
26782,83,609.2,382.9,1608,53564,2,1
26783,83,609.1,382.6,1608,53566,2,1
26784,83,608.9,382.4,1608,53568,2,1
26785,83,608.8,382.1,1608,53570,2,1
26786,83,608.7,381.9,1608,53572,2,1
26787,83,608.5,382,1608,53574,2,1
26788,83,608.3,382.2,1608,53576,2,1
26789,83,607.9,382.5,1608,53578,2,1
26790,83,607.5,382.8,1608,53580,2,1
26791,83,607.1,382.8,1608,53582,2,1
26792,83,606.7,382.8,1608,53584,2,1
26793,83,606.1,382.4,1608,53586,2,1
26794,83,605.7,381.9,1608,53588,2,1
26795,83,605.3,381.3,1608,53590,2,1
26796,83,605.2,380.6,1608,53592,2,1
26797,83,605.2,379.8,1608,53594,2,1
26798,83,605.2,379.2,1609,53596,2,1
26799,83,605.2,378.6,1609,53598,2,1
26800,83,605.3,378.2,1609,53600,2,1
26801,83,605.4,377.9,1609,53602,2,1
26802,83,605.5,377.6,1609,53604,2,1
26803,83,605.5,377.4,1609,53606,2,1
26804,83,605.3,377.3,1609,53608,2,1
26805,83,604.9,377.3,1609,53610,2,1
26806,83,604.4,377.5,1609,53612,2,1
26807,83,603.8,377.8,1609,53614,2,1
26808,83,603.2,378.7,1609,53616,2,1
26809,83,602.6,379.7,1609,53618,2,1
26810,83,601.9,380.6,1609,53620,2,1
26811,83,601.3,381.3,1609,53622,2,1
26812,83,600.9,382,1609,53624,2,1
26813,83,600.7,381.5,1609,53626,2,1
26814,83,600.7,379.9,1609,53628,2,1
26815,83,601.1,375.7,1610,53630,2,1
26816,83,601.6,370.6,1610,53632,2,1
26817,83,602.3,363.8,1610,53634,2,1
26818,83,603.2,356.3,1610,53636,2,1
26819,83,604.4,347.6,1610,53638,2,1
26820,83,605.5,339.9,1610,53640,2,1
26821,83,606.5,333.2,1610,53642,2,1
26822,83,607.4,329.9,1610,53644,2,1
26823,83,608.1,328.2,1610,53646,2,1
26824,83,608.7,328.6,1610,53648,2,1
26825,83,608.9,330.1,1610,53650,2,1
26826,83,608.6,333.2,1610,53652,2,1
26827,83,608.4,336.3,1610,53654,2,1
26828,83,608.2,339.5,1610,53656,2,1
26829,83,608,341.1,1610,53658,2,1
26830,83,608.1,341.9,1610,53660,2,1
26831,83,608.3,341.8,1611,53662,2,1
26832,83,608.7,340.4,1611,53664,2,1
26833,83,609.5,337.7,1611,53666,2,1
26834,83,610.2,335,1611,53668,2,1
26835,83,610.9,332.2,1611,53670,2,1
26836,83,611.6,329.6,1611,53672,2,1
26837,83,611.9,327.3,1611,53674,2,1
26838,83,612,325.7,1611,53676,2,1
26839,83,611.8,325.2,1611,53678,2,1
26840,83,611.5,326,1611,53680,2,1
26841,83,611,327.1,1611,53682,2,1
26842,83,610.2,328.5,1611,53684,2,1
26843,83,609.4,330.1,1611,53686,2,1
26844,83,608.5,331.6,1611,53688,2,1
26845,83,607.8,333,1611,53690,2,1
26846,83,607.4,334.1,1611,53692,2,1
26847,83,607,334.6,1611,53694,2,1
26848,83,606.7,335,1612,53696,2,1
26849,83,606.5,335.2,1612,53698,2,1
26850,83,606.3,335.1,1612,53700,2,1
26851,83,606,334.8,1612,53702,2,1
26852,83,605.8,334.5,1612,53704,2,1
26853,83,606.1,333.9,1612,53706,2,1
26854,83,606.4,333.6,1612,53708,2,1
26855,83,606.9,333.3,1612,53710,2,1
26856,83,607.7,332.9,1612,53712,2,1
26857,83,608.5,332.5,1612,53714,2,1
26858,83,609.2,332,1612,53716,2,1
26859,83,609.7,331.7,1612,53718,2,1
26860,83,609.3,331.5,1612,53720,2,1
26861,83,608.9,331.4,1612,53722,2,1
26862,83,608.3,331.3,1612,53724,2,1
26863,83,607.6,331,1612,53726,2,1
26864,83,606.9,330.7,1612,53728,2,1
26865,83,606.2,330.5,1613,53730,2,1
26866,83,605.6,330.4,1613,53732,2,1
26867,83,605.5,330.2,1613,53734,2,1
26868,83,605.5,330.1,1613,53736,2,1
26869,83,605.5,330,1613,53738,2,1
26870,83,605.7,330.2,1613,53740,2,1
26871,83,605.9,330.8,1613,53742,2,1
26872,83,606.2,331.6,1613,53744,2,1
26873,83,606.5,332.1,1613,53746,2,1
26874,83,606.8,332.8,1613,53748,2,1
26875,83,606.7,333.5,1613,53750,2,1
26876,83,606,333.9,1613,53752,2,1
26877,83,605.2,333.9,1613,53754,2,1
26878,83,604.5,333.3,1613,53756,2,1
26879,83,603.9,332.8,1613,53758,2,1
26880,83,603.3,332.2,1613,53760,2,1
26881,83,602.8,331.6,1614,53762,2,1
26882,83,602.3,330.9,1614,53764,2,1
26883,83,602.5,330.5,1614,53766,2,1
26884,83,602.7,330.4,1614,53768,2,1
26885,83,602.7,330.3,1614,53770,2,1
26886,83,602.7,329.9,1614,53772,2,1
26887,83,602.7,329.6,1614,53774,2,1
26888,83,602.7,329.4,1614,53776,2,1
26889,83,602.7,329.2,1614,53778,2,1
26890,83,602.6,329.1,1614,53780,2,1
26891,83,602.6,329.1,1614,53782,2,1
26892,83,602.6,329,1614,53784,2,1
26893,83,602.5,329.2,1614,53786,2,1
26894,83,602.5,329.4,1614,53788,2,1
26895,83,602.3,329.4,1614,53790,2,1
26896,83,602.1,329.4,1614,53792,2,1
26897,83,601.9,329.2,1614,53794,2,1
26898,83,601.5,329.1,1615,53796,2,1
26899,83,601.2,328.9,1615,53798,2,1
26900,83,600.9,328.9,1615,53800,2,1
26901,83,600.6,329,1615,53802,2,1
26902,83,600.5,329.2,1615,53804,2,1
26903,83,600.4,329.2,1615,53806,2,1
26904,83,600.2,329.3,1615,53808,2,1
26905,83,600.2,329.2,1615,53810,2,1
26906,83,600.1,328.7,1615,53812,2,1
26907,83,600.1,328.2,1615,53814,2,1
26908,83,599.9,327.5,1615,53816,2,1
26909,83,599.6,327,1615,53818,2,1
26910,83,599.4,326.7,1615,53820,2,1
26911,83,599.3,326.5,1615,53822,2,1
26912,83,599.2,326.6,1615,53824,2,1
26913,83,599,327,1615,53826,2,1
26914,83,598.8,328,1615,53828,2,1
26915,83,598.6,328.8,1616,53830,2,1
26916,83,598.5,329.7,1616,53832,2,1
26917,83,598.4,330.5,1616,53834,2,1
26918,83,598.2,331.2,1616,53836,2,1
26919,83,598.1,331.8,1616,53838,2,1
26920,83,597.9,332.3,1616,53840,2,1
26921,83,597.8,332.4,1616,53842,2,1
26922,83,597.7,332.8,1616,53844,2,1
26923,83,597.6,333.1,1616,53846,2,1
26924,83,597.7,333.3,1616,53848,2,1
26925,83,597.7,333.5,1616,53850,2,1
26926,83,597.7,333.5,1616,53852,2,1
26927,83,597.9,333.6,1616,53854,2,1
26928,83,598.1,333.7,1616,53856,2,1
26929,83,598.3,333.9,1616,53858,2,1
26930,83,598.4,333.6,1616,53860,2,1
26931,83,598.5,333.1,1617,53862,2,1
26932,83,598.5,332.6,1617,53864,2,1
26933,83,598.5,332.3,1617,53866,2,1
26934,83,598.6,332.1,1617,53868,2,1
26935,83,598.7,331.9,1617,53870,2,1
26936,83,599.2,331.9,1617,53872,2,1
26937,83,600,331.6,1617,53874,2,1
26938,83,600.8,331.9,1617,53876,2,1
26939,83,601.5,332.2,1617,53878,2,1
26940,83,602.2,332.4,1617,53880,2,1
26941,83,602.7,332.6,1617,53882,2,1
26942,83,603.2,333.1,1617,53884,2,1
26943,83,603.4,333.7,1617,53886,2,1
26944,83,603.1,334.2,1617,53888,2,1
26945,83,602.9,334.7,1617,53890,2,1
26946,83,602.8,335.1,1617,53892,2,1
26947,83,602.7,335.6,1617,53894,2,1
26948,83,602.8,336.2,1618,53896,2,1
26949,83,602.9,336.7,1618,53898,2,1
26950,83,603.2,337.2,1618,53900,2,1
26951,83,603.6,337.3,1618,53902,2,1
26952,83,604,337.3,1618,53904,2,1
26953,83,604.4,337.2,1618,53906,2,1
26954,83,604.8,337,1618,53908,2,1
26955,83,605.1,336.9,1618,53910,2,1
26956,83,605.4,336.4,1618,53912,2,1
26957,83,605.5,335.8,1618,53914,2,1
26958,83,605.6,335.3,1618,53916,2,1
26959,83,605.8,334.8,1618,53918,2,1
26960,83,606.2,334.5,1618,53920,2,1
26961,83,606.7,334.3,1618,53922,2,1
26962,83,607.1,334.4,1618,53924,2,1
26963,83,607.6,334.6,1618,53926,2,1
26964,83,608.1,334.7,1618,53928,2,1
26965,83,608.5,334.7,1619,53930,2,1
26966,83,608.7,334.7,1619,53932,2,1
26967,83,608.4,334.7,1619,53934,2,1
26968,83,608.2,334.6,1619,53936,2,1
26969,83,607.9,334.5,1619,53938,2,1
26970,83,607.7,334.3,1619,53940,2,1
26971,83,607.4,334.3,1619,53942,2,1
26972,83,607.2,334.4,1619,53944,2,1
26973,83,607.1,334.5,1619,53946,2,1
26974,83,607.1,334.8,1619,53948,2,1
26975,83,607.9,335,1619,53950,2,1
26976,83,608.7,335.4,1619,53952,2,1
26977,83,609.4,335.8,1619,53954,2,1
26978,83,610.1,336.2,1619,53956,2,1
26979,83,610.8,336.7,1619,53958,2,1
26980,83,611.4,337.2,1619,53960,2,1
26981,83,612.1,337.6,1620,53962,2,1
26982,83,612,337.8,1620,53964,2,1
26983,83,611.9,338,1620,53966,2,1
26984,83,611.7,338.2,1620,53968,2,1
26985,83,611,338.4,1620,53970,2,1
26986,83,610.4,338.5,1620,53972,2,1
26987,83,610,338.6,1620,53974,2,1
26988,83,609.7,338.8,1620,53976,2,1
26989,83,609.5,338.9,1620,53978,2,1
26990,83,609.6,338.8,1620,53980,2,1
26991,83,609.8,338.3,1620,53982,2,1
26992,83,610.5,337.7,1620,53984,2,1
26993,83,611,337.1,1620,53986,2,1
26994,83,611.3,336.5,1620,53988,2,1
26995,83,611.4,336.1,1620,53990,2,1
26996,83,611.5,335.7,1620,53992,2,1
26997,83,611.1,335.5,1620,53994,2,1
26998,83,610.7,335.4,1621,53996,2,1
26999,83,610.3,335.5,1621,53998,2,1
27000,83,610.1,335.6,1621,54000,2,1
27001,83,609.9,335.9,1621,54002,2,1
27002,83,610,335.9,1621,54004,2,1
27003,83,610,336,1621,54006,2,1
27004,83,610,336.3,1621,54008,2,1
27005,83,610.3,336.5,1621,54010,2,1
27006,83,610.6,336.7,1621,54012,2,1
27007,83,610.8,336.5,1621,54014,2,1
27008,83,611.6,336.4,1621,54016,2,1
27009,83,612.3,336.1,1621,54018,2,1
27010,83,613,335.9,1621,54020,2,1
27011,83,613.8,335.5,1621,54022,2,1
27012,83,614.6,335.3,1621,54024,2,1
27013,83,615.3,335.1,1621,54026,2,1
27014,83,616.1,335.2,1621,54028,2,1
27015,83,616.2,335.4,1622,54030,2,1
27016,83,617.3,335.6,1622,54032,2,1
27017,83,618.4,337.8,1622,54034,2,1
27018,83,619.5,341.3,1622,54036,2,1
27019,83,620.5,345.1,1622,54038,2,1
27020,83,622.4,349.6,1622,54040,2,1
27021,83,624.3,354.1,1622,54042,2,1
27022,83,626,358.6,1622,54044,2,1
27023,83,626.9,363.1,1622,54046,2,1
27024,83,627.7,365.3,1622,54048,2,1
27025,83,628.5,366.1,1622,54050,2,1
27026,83,629.2,365.9,1622,54052,2,1
27027,83,629.1,365.1,1622,54054,2,1
27028,83,629.1,364.3,1622,54056,2,1
27029,83,628.9,363.5,1622,54058,2,1
27030,83,628.7,362.7,1622,54060,2,1
27031,83,628.5,362.4,1623,54062,2,1
27032,83,628.3,362,1623,54064,2,1
27033,83,628,361.9,1623,54066,2,1
27034,83,627.8,361.8,1623,54068,2,1
27035,83,627.5,361.8,1623,54070,2,1
27036,83,627.3,361.8,1623,54072,2,1
27037,83,627.3,361.8,1623,54074,2,1
27038,83,627.3,361.9,1623,54076,2,1
27039,83,627.5,362.1,1623,54078,2,1
27040,83,627.5,362.3,1623,54080,2,1
27041,83,627.8,362.6,1623,54082,2,1
27042,83,628.2,362.7,1623,54084,2,1
27043,83,628.6,362.8,1623,54086,2,1
27044,83,629.1,362.9,1623,54088,2,1
27045,83,629.5,362.9,1623,54090,2,1
27046,83,629.9,362.4,1623,54092,2,1
27047,83,630.3,361.9,1623,54094,2,1
27048,83,630.5,361.6,1624,54096,2,1
27049,83,630.6,361.7,1624,54098,2,1
27050,83,630.6,362.9,1624,54100,2,1
27051,83,630.5,364.3,1624,54102,2,1
27052,83,630.4,365.6,1624,54104,2,1
27053,83,630.3,366.3,1624,54106,2,1
27054,83,630.3,367.1,1624,54108,2,1
27055,83,630.2,367.6,1624,54110,2,1
27056,83,630.1,367.9,1624,54112,2,1
27057,83,630.2,367,1624,54114,2,1
27058,83,630.1,366.2,1624,54116,2,1
27059,83,630.1,365.4,1624,54118,2,1
27060,83,629.9,365.4,1624,54120,2,1
27061,83,629.8,365.5,1624,54122,2,1
27062,83,629.9,365.5,1624,54124,2,1
27063,83,630.3,365.4,1624,54126,2,1
27064,83,630.6,365.1,1624,54128,2,1
27065,83,630.9,364.5,1625,54130,2,1
27066,83,631.2,363.9,1625,54132,2,1
27067,83,631.5,363.3,1625,54134,2,1
27068,83,631.8,362.8,1625,54136,2,1
27069,83,632.1,362.2,1625,54138,2,1
27070,83,632.2,361.7,1625,54140,2,1
27071,83,632.4,361.4,1625,54142,2,1
27072,83,632.5,361.5,1625,54144,2,1
27073,83,632.6,361.6,1625,54146,2,1
27074,83,632.8,361.9,1625,54148,2,1
27075,83,632.9,362,1625,54150,2,1
27076,83,632.9,362.1,1625,54152,2,1
27077,83,632.7,362.2,1625,54154,2,1
27078,83,632.6,362.3,1625,54156,2,1
27079,83,632.5,362.6,1625,54158,2,1
27080,83,632.4,363,1625,54160,2,1
27081,83,632.3,363.1,1626,54162,2,1
27082,83,632.2,363.2,1626,54164,2,1
27083,83,631.9,363.3,1626,54166,2,1
27084,83,631.8,363.4,1626,54168,2,1
27085,83,631.7,363.6,1626,54170,2,1
27086,83,631.7,363.7,1626,54172,2,1
27087,83,631.6,363.6,1626,54174,2,1
27088,83,631.5,363.5,1626,54176,2,1
27089,83,631.6,363.3,1626,54178,2,1
27090,83,631.7,363,1626,54180,2,1
27091,83,631.7,362.9,1626,54182,2,1
27092,83,631.6,362.8,1626,54184,2,1
27093,83,631.5,362.9,1626,54186,2,1
27094,83,631.3,363.3,1626,54188,2,1
27095,83,631.2,363.7,1626,54190,2,1
27096,83,630.8,364.4,1626,54192,2,1
27097,83,630.4,365.1,1626,54194,2,1
27098,83,630,365.8,1627,54196,2,1
27099,83,629.7,366.4,1627,54198,2,1
27100,83,629.4,367.2,1627,54200,2,1
27101,83,629.3,367.3,1627,54202,2,1
27102,83,629.1,367.3,1627,54204,2,1
27103,83,629.2,367.1,1627,54206,2,1
27104,83,629.4,366.7,1627,54208,2,1
27105,83,629.5,366.4,1627,54210,2,1
27106,83,629.5,366.2,1627,54212,2,1
27107,83,629.6,366.3,1627,54214,2,1
27108,83,629.5,366.3,1627,54216,2,1
27109,83,629.5,366.3,1627,54218,2,1
27110,83,629.6,366.4,1627,54220,2,1
27111,83,630,366.6,1627,54222,2,1
27112,83,630.5,366.6,1627,54224,2,1
27113,83,630.9,366.2,1627,54226,2,1
27114,83,631.3,365.7,1627,54228,2,1
27115,83,631.6,365,1628,54230,2,1
27116,83,631.8,364.2,1628,54232,2,1
27117,83,632,363.3,1628,54234,2,1
27118,83,631.8,362.6,1628,54236,2,1
27119,83,631.7,362,1628,54238,2,1
27120,83,631.5,361.6,1628,54240,2,1
27121,83,631.4,361.3,1628,54242,2,1
27122,83,631.4,361.2,1628,54244,2,1
27123,83,631.6,361.2,1628,54246,2,1
27124,83,631.8,361.2,1628,54248,2,1
27125,83,632.1,361.2,1628,54250,2,1
27126,83,632.4,361.2,1628,54252,2,1
27127,83,632.7,361.4,1628,54254,2,1
27128,83,632.8,361.5,1628,54256,2,1
27129,83,632.9,361.5,1628,54258,2,1
27130,83,632.9,361.6,1628,54260,2,1
27131,83,632.7,361.6,1629,54262,2,1
27132,83,632.5,361.5,1629,54264,2,1
27133,83,632.3,361.3,1629,54266,2,1
27134,83,632.6,361,1629,54268,2,1
27135,83,633,360.9,1629,54270,2,1
27136,83,633.5,360.7,1629,54272,2,1
27137,83,634,360.4,1629,54274,2,1
27138,83,634,360,1629,54276,2,1
27139,83,634.1,359.8,1629,54278,2,1
27140,83,634.3,359.6,1629,54280,2,1
27141,83,634.1,359.4,1629,54282,2,1
27142,83,633.9,359.3,1629,54284,2,1
27143,83,634.1,359.1,1629,54286,2,1
27144,83,634.3,359,1629,54288,2,1
27145,83,635,358.9,1629,54290,2,1
27146,83,635,359,1629,54292,2,1
27147,83,634.9,358.9,1629,54294,2,1
27148,83,634.7,358.9,1630,54296,2,1
27149,83,634.4,358.7,1630,54298,2,1
27150,83,633.8,358.8,1630,54300,2,1
27151,83,633.3,359,1630,54302,2,1
27152,83,632.7,359.2,1630,54304,2,1
27153,83,632.9,359.4,1630,54306,2,1
27154,83,633,359.7,1630,54308,2,1
27155,83,633.1,360,1630,54310,2,1
27156,83,633.1,360.3,1630,54312,2,1
27157,83,633.1,360.6,1630,54314,2,1
27158,83,632.9,360.7,1630,54316,2,1
27159,83,632.6,361,1630,54318,2,1
27160,83,632.2,361.2,1630,54320,2,1
27161,83,631.9,361.4,1630,54322,2,1
27162,83,631.9,361.5,1630,54324,2,1
27163,83,632.1,361.6,1630,54326,2,1
27164,83,632.3,361.6,1630,54328,2,1
27165,83,632.8,361.6,1631,54330,2,1
27166,83,633.4,361.3,1631,54332,2,1
27167,83,634,361,1631,54334,2,1
27168,83,634.5,360.8,1631,54336,2,1
27169,83,634.6,360.7,1631,54338,2,1
27170,83,634.7,360.8,1631,54340,2,1
27171,83,634.8,360.9,1631,54342,2,1
27172,83,634.9,361,1631,54344,2,1
27173,83,634.9,361.2,1631,54346,2,1
27174,83,634.9,361.3,1631,54348,2,1
27175,83,634.8,361.2,1631,54350,2,1
27176,83,634.8,361,1631,54352,2,1
27177,83,634.8,360.7,1631,54354,2,1
27178,83,634.7,360.1,1631,54356,2,1
27179,83,635.2,359.7,1631,54358,2,1
27180,83,635.6,359.3,1631,54360,2,1
27181,83,636.1,359,1632,54362,2,1
27182,83,636.9,358.7,1632,54364,2,1
27183,83,637.7,358.6,1632,54366,2,1
27184,83,638.6,358.2,1632,54368,2,1
27185,83,639.1,357.8,1632,54370,2,1
27186,83,639,357.2,1632,54372,2,1
27187,83,638.9,356.5,1632,54374,2,1
27188,83,638.8,355.9,1632,54376,2,1
27189,83,638.4,355.4,1632,54378,2,1
27190,83,638.2,355.1,1632,54380,2,1
27191,83,637.9,355.4,1632,54382,2,1
27192,83,637.9,355.8,1632,54384,2,1
27193,83,638.1,356.7,1632,54386,2,1
27194,83,638.5,357.6,1632,54388,2,1
27195,83,638.8,358.3,1632,54390,2,1
27196,83,639.2,359.1,1632,54392,2,1
27197,83,639.4,359.9,1632,54394,2,1
27198,83,639.6,360.6,1633,54396,2,1
27199,83,639.6,361.2,1633,54398,2,1
27200,83,639.6,361.8,1633,54400,2,1
27201,83,639.4,362.5,1633,54402,2,1
27202,83,639.2,363,1633,54404,2,1
27203,83,638.9,362.4,1633,54406,2,1
27204,83,638.6,361.9,1633,54408,2,1
27205,83,638.3,361.5,1633,54410,2,1
27206,83,639,361,1633,54412,2,1
27207,83,639.6,360.2,1633,54414,2,1
27208,83,640.3,359.4,1633,54416,2,1
27209,83,641.1,358.6,1633,54418,2,1
27210,83,642,358.5,1633,54420,2,1
27211,83,642.8,358.4,1633,54422,2,1
27212,83,643.8,358.5,1633,54424,2,1
27213,83,644,358.8,1633,54426,2,1
27214,83,644.3,359.2,1633,54428,2,1
27215,83,644.5,359.6,1634,54430,2,1
27216,83,644.7,359.9,1634,54432,2,1
27217,83,644.7,360.3,1634,54434,2,1
27218,83,643.8,360.8,1634,54436,2,1
27219,83,642.9,361.2,1634,54438,2,1
27220,83,641.9,361.3,1634,54440,2,1
27221,83,640.9,361.4,1634,54442,2,1
27222,83,639.8,361.3,1634,54444,2,1
27223,83,638.8,361.3,1634,54446,2,1
27224,83,637.9,361.3,1634,54448,2,1
27225,83,638.2,361.3,1634,54450,2,1
27226,83,638.4,361.3,1634,54452,2,1
27227,83,638.7,361.3,1634,54454,2,1
27228,83,639.1,361.4,1634,54456,2,1
27229,83,639.5,361.6,1634,54458,2,1
27230,83,639.9,362.1,1634,54460,2,1
27231,83,640.3,362.8,1635,54462,2,1
27232,83,640.5,363.6,1635,54464,2,1
27233,83,640.6,364.4,1635,54466,2,1
27234,83,640.7,365.2,1635,54468,2,1
27235,83,640.8,365.6,1635,54470,2,1
27236,83,640.9,365.9,1635,54472,2,1
27237,83,641.2,365.8,1635,54474,2,1
27238,83,641.9,365.7,1635,54476,2,1
27239,83,642.7,365.5,1635,54478,2,1
27240,83,643.5,365.3,1635,54480,2,1
27241,83,644.4,365,1635,54482,2,1
27242,83,645.3,364.9,1635,54484,2,1
27243,83,646.1,364.8,1635,54486,2,1
27244,83,646.8,364.7,1635,54488,2,1
27245,83,647.1,364.6,1635,54490,2,1
27246,83,647.2,364.6,1635,54492,2,1
27247,83,647.2,364.5,1635,54494,2,1
27248,83,646.9,364.3,1636,54496,2,1
27249,83,646.5,364.1,1636,54498,2,1
27250,83,645.9,364,1636,54500,2,1
27251,83,645.4,364.1,1636,54502,2,1
27252,83,644.6,364.3,1636,54504,2,1
27253,83,643.8,364.9,1636,54506,2,1
27254,83,643.2,365.6,1636,54508,2,1
27255,83,642.9,366.7,1636,54510,2,1
27256,83,642.6,367.9,1636,54512,2,1
27257,83,642.4,369.2,1636,54514,2,1
27258,83,642.2,370.2,1636,54516,2,1
27259,83,642.2,371.3,1636,54518,2,1
27260,83,642.3,371.9,1636,54520,2,1
27261,83,642.3,372.6,1636,54522,2,1
27262,83,642.4,373.1,1636,54524,2,1
27263,83,642.3,373.6,1636,54526,2,1
27264,83,642.2,374.1,1636,54528,2,1
27265,83,642.2,374.6,1637,54530,2,1
27266,83,642.1,374.9,1637,54532,2,1
27267,83,642.1,374.8,1637,54534,2,1
27268,83,642.2,374.1,1637,54536,2,1
27269,83,642.3,373.1,1637,54538,2,1
27270,83,642.4,372.1,1637,54540,2,1
27271,83,642.5,371.3,1637,54542,2,1
27272,83,642.6,370.5,1637,54544,2,1
27273,83,642.6,370.4,1637,54546,2,1
27274,83,642.5,370.8,1637,54548,2,1
27275,83,642.5,371.7,1637,54550,2,1
27276,83,642.5,372.7,1637,54552,2,1
27277,83,642.5,373.6,1637,54554,2,1
27278,83,642.5,374.4,1637,54556,2,1
27279,83,643,375,1637,54558,2,1
27280,83,643.6,375.3,1637,54560,2,1
27281,83,644.4,375.5,1638,54562,2,1
27282,83,645.2,375.6,1638,54564,2,1
27283,83,645.9,375.6,1638,54566,2,1
27284,83,646.5,375.7,1638,54568,2,1
27285,83,647.1,375.7,1638,54570,2,1
27286,83,647,375.9,1638,54572,2,1
27287,83,646.8,376.2,1638,54574,2,1
27288,83,645.9,376.6,1638,54576,2,1
27289,83,644.9,377.3,1638,54578,2,1
27290,83,644,377.9,1638,54580,2,1
27291,83,643.1,378.4,1638,54582,2,1
27292,83,642.4,378.9,1638,54584,2,1
27293,83,642.4,379.4,1638,54586,2,1
27294,83,642.4,379.8,1638,54588,2,1
27295,83,643.3,380,1638,54590,2,1
27296,83,644.2,381,1638,54592,2,1
27297,83,645.3,383.6,1638,54594,2,1
27298,83,646.3,387.2,1639,54596,2,1
27299,83,647.1,393.9,1639,54598,2,1
27300,83,647.3,403.3,1639,54600,2,1
27301,83,647.2,417.9,1639,54602,2,1
27302,83,646.5,437.5,1639,54604,2,1
27303,83,645.7,461.6,1639,54606,2,1
27304,83,643.2,487.9,1639,54608,2,1
27305,83,640.7,517.6,1639,54610,2,1
27306,83,637.7,549,1639,54612,2,1
27307,83,634.9,580,1639,54614,2,1
27308,83,632.5,606.1,1639,54616,2,1
27309,83,630.1,627.1,1639,54618,2,1
27310,83,627.9,642.5,1639,54620,2,1
27311,83,627.3,653.1,1639,54622,2,1
27312,83,627,656.8,1639,54624,2,1
27313,83,627.9,653.6,1639,54626,2,1
27314,83,628.7,648.1,1639,54628,2,1
27315,83,629.4,642.6,1640,54630,2,1
27316,83,630.2,636.9,1640,54632,2,1
27317,83,630.8,632.3,1640,54634,2,1
27318,83,631.3,629.8,1640,54636,2,1
27319,83,631.4,632,1640,54638,2,1
27320,83,630.1,638,1640,54640,2,1
27321,83,628.8,644.7,1640,54642,2,1
27322,83,627.6,651.5,1640,54644,2,1
27323,83,626.5,658.3,1640,54646,2,1
27324,83,625.5,664,1640,54648,2,1
27325,83,624.9,668.6,1640,54650,2,1
27326,83,624.5,670.7,1640,54652,2,1
27327,83,625.1,671.1,1640,54654,2,1
27328,83,625.8,670.8,1640,54656,2,1
27329,83,626.6,669.5,1640,54658,2,1
27330,83,627.3,667.7,1640,54660,2,1
27331,83,627.9,665.3,1641,54662,2,1
27332,83,628.2,663,1641,54664,2,1
27333,83,628.5,660.7,1641,54666,2,1
27334,83,628.6,658.8,1641,54668,2,1
27335,83,628.8,657.1,1641,54670,2,1
27336,83,629.5,656.8,1641,54672,2,1
27337,83,630.2,656.9,1641,54674,2,1
27338,83,630.9,657.7,1641,54676,2,1
27339,83,631.5,658.4,1641,54678,2,1
27340,83,631.9,659,1641,54680,2,1
27341,83,632.3,659.9,1641,54682,2,1
27342,83,632.4,661.5,1641,54684,2,1
27343,83,632,662.5,1641,54686,2,1
27344,83,631.7,663.6,1641,54688,2,1
27345,83,631.3,664.6,1641,54690,2,1
27346,83,631.3,664.9,1641,54692,2,1
27347,83,631.4,665.3,1641,54694,2,1
27348,83,631.5,665.4,1642,54696,2,1
27349,83,631.4,664.9,1642,54698,2,1
27350,83,631.2,663.9,1642,54700,2,1
27351,83,631,663,1642,54702,2,1
27352,83,630.7,662.2,1642,54704,2,1
27353,83,630.3,662.4,1642,54706,2,1
27354,83,630,662.5,1642,54708,2,1
27355,83,629.9,663,1642,54710,2,1
27356,83,630,663.5,1642,54712,2,1
27357,83,630.1,664.4,1642,54714,2,1
27358,83,630,665.2,1642,54716,2,1
27359,83,629.8,665.9,1642,54718,2,1
27360,83,629.5,666.1,1642,54720,2,1
27361,83,629.3,666.3,1642,54722,2,1
27362,83,628.9,666.2,1642,54724,2,1
27363,83,628.8,665.8,1642,54726,2,1
27364,83,628.8,665.3,1642,54728,2,1
27365,83,629,664.9,1643,54730,2,1
27366,83,629.2,664.3,1643,54732,2,1
27367,83,629.5,663.9,1643,54734,2,1
27368,83,629.7,663.7,1643,54736,2,1
27369,83,629.8,663.6,1643,54738,2,1
27370,83,629.6,663.7,1643,54740,2,1
27371,83,629.4,663.9,1643,54742,2,1
27372,83,629.1,663.9,1643,54744,2,1
27373,83,628.9,663.3,1643,54746,2,1
27374,83,628.8,662.6,1643,54748,2,1
27375,83,628.5,662,1643,54750,2,1
27376,83,628.3,661.3,1643,54752,2,1
27377,83,628.2,660.7,1643,54754,2,1
27378,83,627.9,660.4,1643,54756,2,1
27379,83,627.6,660.2,1643,54758,2,1
27380,83,627.4,660.7,1643,54760,2,1
27381,83,627.4,661.1,1644,54762,2,1
27382,83,627.5,661.6,1644,54764,2,1
27383,83,627.6,662.2,1644,54766,2,1
27384,83,627.6,662.6,1644,54768,2,1
27385,83,627.9,662.7,1644,54770,2,1
27386,83,627.4,662.9,1644,54772,2,1
27387,83,627.1,663,1644,54774,2,1
27388,83,626.6,663.3,1644,54776,2,1
27389,83,626.6,663.7,1644,54778,2,1
27390,83,626.6,664.1,1644,54780,2,1
27391,83,626.6,664.4,1644,54782,2,1
27392,83,626.6,664.8,1644,54784,2,1
27393,83,627.3,665.2,1644,54786,2,1
27394,83,628,665.5,1644,54788,2,1
27395,83,628.8,665.3,1644,54790,2,1
27396,83,629,665,1644,54792,2,1
27397,83,629.2,664.7,1644,54794,2,1
27398,83,629.2,664.6,1645,54796,2,1
27399,83,629.2,664.6,1645,54798,2,1
27400,83,629.2,664.5,1645,54800,2,1
27401,83,629.1,664.3,1645,54802,2,1
27402,83,628.8,664.3,1645,54804,2,1
27403,83,628.8,664.1,1645,54806,2,1
27404,83,628.9,663.9,1645,54808,2,1
27405,83,629.3,663.7,1645,54810,2,1
27406,83,629.5,663.4,1645,54812,2,1
27407,83,629.8,663.2,1645,54814,2,1
27408,83,629.9,663,1645,54816,2,1
27409,83,630.1,662.9,1645,54818,2,1
27410,83,629.8,662.9,1645,54820,2,1
27411,83,629.5,663.4,1645,54822,2,1
27412,83,629.2,663.9,1645,54824,2,1
27413,83,629,664.6,1645,54826,2,1
27414,83,629.7,665.3,1645,54828,2,1
27415,83,630.7,666,1646,54830,2,1
27416,83,631.6,666.5,1646,54832,2,1
27417,83,632.5,666.9,1646,54834,2,1
27418,83,633.1,666.7,1646,54836,2,1
27419,83,633.6,666.4,1646,54838,2,1
27420,83,634.1,666,1646,54840,2,1
27421,83,633.7,665.7,1646,54842,2,1
27422,83,633.1,665.6,1646,54844,2,1
27423,83,632.4,665.5,1646,54846,2,1
27424,83,631.8,665.5,1646,54848,2,1
27425,83,631.6,665.7,1646,54850,2,1
27426,83,631.4,666,1646,54852,2,1
27427,83,631.4,666.2,1646,54854,2,1
27428,83,631.3,666.4,1646,54856,2,1
27429,83,631.4,666.5,1646,54858,2,1
27430,83,631.5,666,1646,54860,2,1
27431,83,631.1,664.9,1647,54862,2,1
27432,83,630.7,662.4,1647,54864,2,1
27433,83,630,659.9,1647,54866,2,1
27434,83,628.9,655.9,1647,54868,2,1
27435,83,627.4,651,1647,54870,2,1
27436,83,625.6,645.8,1647,54872,2,1
27437,83,623.9,640.9,1647,54874,2,1
27438,83,622.6,636.6,1647,54876,2,1
27439,83,621.2,633.5,1647,54878,2,1
27440,83,620.1,630.4,1647,54880,2,1
27441,83,619,628.8,1647,54882,2,1
27442,83,617.8,628.9,1647,54884,2,1
27443,83,616.8,630,1647,54886,2,1
27444,83,615.7,631.2,1647,54888,2,1
27445,83,614.7,632.6,1647,54890,2,1
27446,83,613.6,634,1647,54892,2,1
27447,83,612.9,635.4,1647,54894,2,1
27448,83,612.4,636.6,1648,54896,2,1
27449,83,612.6,637.2,1648,54898,2,1
27450,83,612.8,636.9,1648,54900,2,1
27451,83,613.1,636.6,1648,54902,2,1
27452,83,613.5,636.1,1648,54904,2,1
27453,83,614,635.6,1648,54906,2,1
27454,83,614.2,635.2,1648,54908,2,1
27455,83,614.9,634.7,1648,54910,2,1
27456,83,615.4,634.4,1648,54912,2,1
27457,83,616,634.2,1648,54914,2,1
27458,83,616.5,634.1,1648,54916,2,1
27459,83,616.8,634,1648,54918,2,1
27460,83,616.8,633.9,1648,54920,2,1
27461,83,616.9,633.8,1648,54922,2,1
27462,83,616.6,633.7,1648,54924,2,1
27463,83,615.9,633.5,1648,54926,2,1
27464,83,615.1,633.2,1648,54928,2,1
27465,83,614.4,633.1,1649,54930,2,1
27466,83,613.8,633,1649,54932,2,1
27467,83,613.6,632.8,1649,54934,2,1
27468,83,613.4,632.5,1649,54936,2,1
27469,83,613.2,632.3,1649,54938,2,1
27470,83,613.4,632,1649,54940,2,1
27471,83,613.6,631.7,1649,54942,2,1
27472,83,613.9,631.5,1649,54944,2,1
27473,83,614.1,631.3,1649,54946,2,1
27474,83,614.3,631.4,1649,54948,2,1
27475,83,614.5,631.6,1649,54950,2,1
27476,83,615,631.9,1649,54952,2,1
27477,83,615.6,632.2,1649,54954,2,1
27478,83,616.1,632.4,1649,54956,2,1
27479,83,616.6,632.6,1649,54958,2,1
27480,83,616.9,632.8,1649,54960,2,1
27481,83,617,632.8,1650,54962,2,1
27482,83,617.1,632.9,1650,54964,2,1
27483,83,616.9,633,1650,54966,2,1
27484,83,616.6,633.2,1650,54968,2,1
27485,83,616.4,633.4,1650,54970,2,1
27486,83,616.2,633.7,1650,54972,2,1
27487,83,616.2,634,1650,54974,2,1
27488,83,616.1,634.2,1650,54976,2,1
27489,83,616,634.2,1650,54978,2,1
27490,83,615.5,634.4,1650,54980,2,1
27491,83,615.1,634.5,1650,54982,2,1
27492,83,614.7,634.7,1650,54984,2,1
27493,83,614.3,634.8,1650,54986,2,1
27494,83,614,634.8,1650,54988,2,1
27495,83,613.7,635,1650,54990,2,1
27496,83,613.6,635.3,1650,54992,2,1
27497,83,613.6,635.5,1650,54994,2,1
27498,83,613.7,635.6,1651,54996,2,1
27499,83,613.8,635.5,1651,54998,2,1
27500,83,613.8,635.4,1651,55000,2,1
27501,83,613.9,635.4,1651,55002,2,1
27502,83,614.1,635.2,1651,55004,2,1
27503,83,614.4,634.9,1651,55006,2,1
27504,83,614.7,634.8,1651,55008,2,1
27505,83,615,634.7,1651,55010,2,1
27506,83,615.2,634.6,1651,55012,2,1
27507,83,615.5,634.5,1651,55014,2,1
27508,83,615.8,634.3,1651,55016,2,1
27509,83,615.9,634.2,1651,55018,2,1
27510,83,615.9,633.8,1651,55020,2,1
27511,83,616,633.3,1651,55022,2,1
27512,83,616.1,632.8,1651,55024,2,1
27513,83,616.1,632.3,1651,55026,2,1
27514,83,616,631.9,1651,55028,2,1
27515,83,615.9,631.7,1652,55030,2,1
27516,83,615.7,631.5,1652,55032,2,1
27517,83,615.5,631.5,1652,55034,2,1
27518,83,615.2,631.6,1652,55036,2,1
27519,83,615,631.7,1652,55038,2,1
27520,83,614.8,631.9,1652,55040,2,1
27521,83,614.7,632,1652,55042,2,1
27522,83,614.7,632.2,1652,55044,2,1
27523,83,614.7,632.3,1652,55046,2,1
27524,83,614.8,632.5,1652,55048,2,1
27525,83,614.9,632.5,1652,55050,2,1
27526,83,614.9,632.4,1652,55052,2,1
27527,83,615,631.8,1652,55054,2,1
27528,83,615,631.2,1652,55056,2,1
27529,83,615,630.6,1652,55058,2,1
27530,83,615,629.9,1652,55060,2,1
27531,83,615,629.2,1653,55062,2,1
27532,83,615,628.7,1653,55064,2,1
27533,83,615.1,628.4,1653,55066,2,1
27534,83,615.4,628.6,1653,55068,2,1
27535,83,616,628.8,1653,55070,2,1
27536,83,616.6,629.2,1653,55072,2,1
27537,83,617.3,629.6,1653,55074,2,1
27538,83,618.1,630.6,1653,55076,2,1
27539,83,620.5,631.3,1653,55078,2,1
27540,83,623,631.9,1653,55080,2,1
27541,83,625.3,633.4,1653,55082,2,1
27542,83,627.4,634.9,1653,55084,2,1
27543,83,629.6,636.2,1653,55086,2,1
27544,83,631.6,637.2,1653,55088,2,1
27545,83,633.4,637.6,1653,55090,2,1
27546,83,633.3,638.1,1653,55092,2,1
27547,83,632.8,638.4,1653,55094,2,1
27548,83,632.2,637.8,1654,55096,2,1
27549,83,631.5,637.1,1654,55098,2,1
27550,83,630.7,636.4,1654,55100,2,1
27551,83,630,636,1654,55102,2,1
27552,83,629.5,635.7,1654,55104,2,1
27553,83,629,635.6,1654,55106,2,1
27554,83,628.7,635.8,1654,55108,2,1
27555,83,628.5,636,1654,55110,2,1
27556,83,628.3,636.6,1654,55112,2,1
27557,83,627.9,637.2,1654,55114,2,1
27558,83,627.6,637.8,1654,55116,2,1
27559,83,627.3,638.2,1654,55118,2,1
27560,83,627.1,638.5,1654,55120,2,1
27561,83,627.2,638.7,1654,55122,2,1
27562,83,627.5,638.9,1654,55124,2,1
27563,83,627.8,638.7,1654,55126,2,1
27564,83,628.2,638.5,1654,55128,2,1
27565,83,628.5,638.3,1655,55130,2,1
27566,83,628.8,638.2,1655,55132,2,1
27567,83,629.1,638.2,1655,55134,2,1
27568,83,629,638.3,1655,55136,2,1
27569,83,628.9,638.4,1655,55138,2,1
27570,83,628.6,638.4,1655,55140,2,1
27571,83,628.3,638.3,1655,55142,2,1
27572,83,628,638.2,1655,55144,2,1
27573,83,627.8,638,1655,55146,2,1
27574,83,627.6,637.9,1655,55148,2,1
27575,83,627.4,637.6,1655,55150,2,1
27576,83,627.3,637.5,1655,55152,2,1
27577,83,627.5,637.5,1655,55154,2,1
27578,83,627.7,638,1655,55156,2,1
27579,83,628,638.5,1655,55158,2,1
27580,83,628.4,639,1655,55160,2,1
27581,83,628.7,639.6,1656,55162,2,1
27582,83,629.2,640.2,1656,55164,2,1
27583,83,629.9,640.6,1656,55166,2,1
27584,83,630.5,640.7,1656,55168,2,1
27585,83,631.1,640.4,1656,55170,2,1
27586,83,631.6,640,1656,55172,2,1
27587,83,632,639.7,1656,55174,2,1
27588,83,632.4,639.4,1656,55176,2,1
27589,83,632.6,639.1,1656,55178,2,1
27590,83,632.6,638.8,1656,55180,2,1
27591,83,632.4,638.9,1656,55182,2,1
27592,83,632.1,639.1,1656,55184,2,1
27593,83,631.9,639.3,1656,55186,2,1
27594,83,631.6,639.4,1656,55188,2,1
27595,83,631.5,639.5,1656,55190,2,1
27596,83,631.9,639.5,1656,55192,2,1
27597,83,632.3,639.4,1656,55194,2,1
27598,83,632.9,639.2,1657,55196,2,1
27599,83,633.5,639.1,1657,55198,2,1
27600,83,634.1,638.9,1657,55200,2,1
27601,83,634.8,638.7,1657,55202,2,1
27602,83,635.5,638.5,1657,55204,2,1
27603,83,635.8,638.4,1657,55206,2,1
27604,83,636,638.3,1657,55208,2,1
27605,83,636.3,638.3,1657,55210,2,1
27606,83,636.5,638.4,1657,55212,2,1
27607,83,636.7,638.4,1657,55214,2,1
27608,83,636.8,638.5,1657,55216,2,1
27609,83,636.5,638.6,1657,55218,2,1
27610,83,635.8,638.9,1657,55220,2,1
27611,83,635,639.1,1657,55222,2,1
27612,83,634.2,639.2,1657,55224,2,1
27613,83,633.3,639.1,1657,55226,2,1
27614,83,632.5,639,1657,55228,2,1
27615,83,631.8,638.8,1658,55230,2,1
27616,83,631.4,638.6,1658,55232,2,1
27617,83,631.5,638.3,1658,55234,2,1
27618,83,631.8,638,1658,55236,2,1
27619,83,632.2,637.7,1658,55238,2,1
27620,83,632.7,637.5,1658,55240,2,1
27621,83,633.3,637.3,1658,55242,2,1
27622,83,633.8,637,1658,55244,2,1
27623,83,634.7,636.8,1658,55246,2,1
27624,83,635.6,636.7,1658,55248,2,1
27625,83,636.4,636.7,1658,55250,2,1
27626,83,637,636.8,1658,55252,2,1
27627,83,637.5,636.8,1658,55254,2,1
27628,83,637.9,636.8,1658,55256,2,1
27629,83,638.3,636.7,1658,55258,2,1
27630,83,638.1,636.5,1658,55260,2,1
27631,83,637.8,636.2,1659,55262,2,1
27632,83,637.5,635.9,1659,55264,2,1
27633,83,637.2,635.7,1659,55266,2,1
27634,83,636.8,635.5,1659,55268,2,1
27635,83,636.6,635.4,1659,55270,2,1
27636,83,636.4,635.4,1659,55272,2,1
27637,83,636.8,635.5,1659,55274,2,1
27638,83,637.2,635.6,1659,55276,2,1
27639,83,637.7,635.7,1659,55278,2,1
27640,83,638.3,635.7,1659,55280,2,1
27641,83,638.8,635.7,1659,55282,2,1
27642,83,639.1,635.6,1659,55284,2,1
27643,83,639.2,635.4,1659,55286,2,1
27644,83,639,635.2,1659,55288,2,1
27645,83,638.4,635,1659,55290,2,1
27646,83,637.8,634.6,1659,55292,2,1
27647,83,637.1,634.3,1659,55294,2,1
27648,83,636.5,634,1660,55296,2,1
27649,83,636.1,633.5,1660,55298,2,1
27650,83,635.8,633,1660,55300,2,1
27651,83,635.5,632.6,1660,55302,2,1
27652,83,635.6,632.2,1660,55304,2,1
27653,83,635.7,631.9,1660,55306,2,1
27654,83,636.2,631.6,1660,55308,2,1
27655,83,636.6,631.4,1660,55310,2,1
27656,83,637.2,631.3,1660,55312,2,1
27657,83,637.8,631.3,1660,55314,2,1
27658,83,638.5,631.3,1660,55316,2,1
27659,83,639.1,631.2,1660,55318,2,1
27660,83,639.6,631.1,1660,55320,2,1
27661,83,639.4,631.3,1660,55322,2,1
27662,83,639.3,631.4,1660,55324,2,1
27663,83,639,631.5,1660,55326,2,1
27664,83,638.7,631.7,1660,55328,2,1
27665,83,638.5,631.9,1661,55330,2,1
27666,83,638.4,632.2,1661,55332,2,1
27667,83,638.3,632.6,1661,55334,2,1
27668,83,639,632.6,1661,55336,2,1
27669,83,639.7,632.7,1661,55338,2,1
27670,83,640.4,632.8,1661,55340,2,1
27671,83,641,633,1661,55342,2,1
27672,83,641.5,633.3,1661,55344,2,1
27673,83,641.9,633.5,1661,55346,2,1
27674,83,642.3,633.8,1661,55348,2,1
27675,83,642.3,634.2,1661,55350,2,1
27676,83,642.3,634.5,1661,55352,2,1
27677,83,642.4,634.8,1661,55354,2,1
27678,83,642.4,634.9,1661,55356,2,1
27679,83,642.3,635,1661,55358,2,1
27680,83,642.2,635.2,1661,55360,2,1
27681,83,642,635.3,1662,55362,2,1
27682,83,641.9,635.5,1662,55364,2,1
27683,83,641.8,635.8,1662,55366,2,1
27684,83,641.7,636.1,1662,55368,2,1
27685,83,641.6,636.7,1662,55370,2,1
27686,83,641.6,637.2,1662,55372,2,1
27687,83,641.5,637.8,1662,55374,2,1
27688,83,641.3,638.4,1662,55376,2,1
27689,83,641.1,638.9,1662,55378,2,1
27690,83,640.8,639.4,1662,55380,2,1
27691,83,640.5,640.2,1662,55382,2,1
27692,83,640.2,640.8,1662,55384,2,1
27693,83,639.8,641.3,1662,55386,2,1
27694,83,639.6,641.8,1662,55388,2,1
27695,83,639.4,642.2,1662,55390,2,1
27696,83,639.4,642.2,1662,55392,2,1
27697,83,639.4,642,1662,55394,2,1
27698,83,639.4,641.4,1663,55396,2,1
27699,83,639.3,640.8,1663,55398,2,1
27700,83,638.8,640.2,1663,55400,2,1
27701,83,638.3,639.6,1663,55402,2,1
27702,83,637.8,639,1663,55404,2,1
27703,83,637.4,638.7,1663,55406,2,1
27704,83,637,638.7,1663,55408,2,1
27705,83,636.8,638.6,1663,55410,2,1
27706,83,636.8,638.4,1663,55412,2,1
27707,83,637.4,638.1,1663,55414,2,1
27708,83,638,637.6,1663,55416,2,1
27709,83,638.5,637.2,1663,55418,2,1
27710,83,638.9,636.7,1663,55420,2,1
27711,83,639,636.1,1663,55422,2,1
27712,83,639.1,635.5,1663,55424,2,1
27713,83,639.2,635.2,1663,55426,2,1
27714,83,639.2,635,1663,55428,2,1
27715,83,639.2,635,1664,55430,2,1
27716,83,639.2,635,1664,55432,2,1
27717,83,639.3,635.1,1664,55434,2,1
27718,83,639.6,635.1,1664,55436,2,1
27719,83,640,635.2,1664,55438,2,1
27720,83,640.4,635.3,1664,55440,2,1
27721,83,640.7,635.3,1664,55442,2,1
27722,83,641.1,634.9,1664,55444,2,1
27723,83,641.5,634.6,1664,55446,2,1
27724,83,641.9,634.4,1664,55448,2,1
27725,83,642.2,634.2,1664,55450,2,1
27726,83,642.4,634.1,1664,55452,2,1
27727,83,642.5,634,1664,55454,2,1
27728,83,642.1,634.2,1664,55456,2,1
27729,83,641.8,634.6,1664,55458,2,1
27730,83,641.4,635.1,1664,55460,2,1
27731,83,641,635.3,1665,55462,2,1
27732,83,640.6,635.6,1665,55464,2,1
27733,83,640.3,635.8,1665,55466,2,1
27734,83,640.1,636,1665,55468,2,1
27735,83,640.2,635.9,1665,55470,2,1
27736,83,640.4,635.8,1665,55472,2,1
27737,83,640.6,635.7,1665,55474,2,1
27738,83,640.7,635.6,1665,55476,2,1
27739,83,640.8,635.6,1665,55478,2,1
27740,83,640.9,635.5,1665,55480,2,1
27741,83,641,635.4,1665,55482,2,1
27742,83,641.1,635.3,1665,55484,2,1
27743,83,641.2,635.2,1665,55486,2,1
27744,83,641.1,635.1,1665,55488,2,1
27745,83,640.8,635,1665,55490,2,1
27746,83,640.4,634.9,1665,55492,2,1
27747,83,640,634.8,1665,55494,2,1
27748,83,639.5,634.6,1666,55496,2,1
27749,83,639.1,634.5,1666,55498,2,1
27750,83,638.7,634.3,1666,55500,2,1
27751,83,639.1,634.1,1666,55502,2,1
27752,83,639.8,634.1,1666,55504,2,1
27753,83,640.5,634.3,1666,55506,2,1
27754,83,641,634.6,1666,55508,2,1
27755,83,641,635.2,1666,55510,2,1
27756,83,641,635.8,1666,55512,2,1
27757,83,641,636.3,1666,55514,2,1
27758,83,640.2,636.9,1666,55516,2,1
27759,83,639.2,637.1,1666,55518,2,1
27760,83,638.3,636.8,1666,55520,2,1
27761,83,637.6,636.3,1666,55522,2,1
27762,83,637.4,635.8,1666,55524,2,1
27763,83,637.7,635.3,1666,55526,2,1
27764,83,638.1,634.7,1666,55528,2,1
27765,83,638.7,634.3,1667,55530,2,1
27766,83,639.5,634,1667,55532,2,1
27767,83,640.4,634.1,1667,55534,2,1
27768,83,641.1,634.2,1667,55536,2,1
27769,83,641.6,634.3,1667,55538,2,1
27770,83,641.2,634.1,1667,55540,2,1
27771,83,640.9,633.9,1667,55542,2,1
27772,83,640.4,633.7,1667,55544,2,1
27773,83,639.7,633.5,1667,55546,2,1
27774,83,639.1,633.3,1667,55548,2,1
27775,83,638.5,633.1,1667,55550,2,1
27776,83,638,632.9,1667,55552,2,1
27777,83,637.9,633.1,1667,55554,2,1
27778,83,637.9,633.4,1667,55556,2,1
27779,83,637.7,633.8,1667,55558,2,1
27780,83,637.8,634.2,1667,55560,2,1
27781,83,637.9,634.5,1667,55562,2,1
27782,83,638,634.7,1668,55564,2,1
27783,83,638.1,635,1668,55566,2,1
27784,83,638,635.1,1668,55568,2,1
27785,83,638,635.1,1668,55570,2,1
27786,83,638,635,1668,55572,2,1
27787,83,637.9,634.4,1668,55574,2,1
27788,83,637.7,633.9,1668,55576,2,1
27789,83,637.5,633.5,1668,55578,2,1
27790,83,637.3,633,1668,55580,2,1
27791,83,637.1,632.7,1668,55582,2,1
27792,83,637.1,633.2,1668,55584,2,1
27793,83,637.1,633.6,1668,55586,2,1
27794,83,637,634.5,1668,55588,2,1
27795,83,637.1,635.4,1668,55590,2,1
27796,83,637.3,636.2,1668,55592,2,1
27797,83,637.7,636.9,1668,55594,2,1
27798,83,638.2,637.4,1669,55596,2,1
27799,83,638.7,637.1,1669,55598,2,1
27800,83,639.2,636.6,1669,55600,2,1
27801,83,639.6,636.3,1669,55602,2,1
27802,83,639.9,636,1669,55604,2,1
27803,83,640,635.7,1669,55606,2,1
27804,83,639.8,635.5,1669,55608,2,1
27805,83,639.6,635.1,1669,55610,2,1
27806,83,639.3,634.8,1669,55612,2,1
27807,83,639,634.4,1669,55614,2,1
27808,83,638.7,634,1669,55616,2,1
27809,83,638.6,633.7,1669,55618,2,1
27810,83,638.5,633.4,1669,55620,2,1
27811,83,638.5,633.1,1669,55622,2,1
27812,83,638.5,633.1,1669,55624,2,1
27813,83,638.5,633,1669,55626,2,1
27814,83,638.6,633.1,1669,55628,2,1
27815,83,638.8,633.2,1670,55630,2,1
27816,83,638.9,633.3,1670,55632,2,1
27817,83,639.1,633.4,1670,55634,2,1
27818,83,639.3,633.5,1670,55636,2,1
27819,83,639.5,633.6,1670,55638,2,1
27820,83,639.7,633.7,1670,55640,2,1
27821,83,639.9,633.8,1670,55642,2,1
27822,83,640.1,633.9,1670,55644,2,1
27823,83,640.1,633.9,1670,55646,2,1
27824,83,640.1,633.5,1670,55648,2,1
27825,83,640,633.1,1670,55650,2,1
27826,83,640,632.6,1670,55652,2,1
27827,83,639.8,632.2,1670,55654,2,1
27828,83,639.6,631.8,1670,55656,2,1
27829,83,639.4,631.6,1670,55658,2,1
27830,83,639.2,631.4,1670,55660,2,1
27831,83,639.4,631.7,1671,55662,2,1
27832,83,639.6,632,1671,55664,2,1
27833,83,639.9,632.3,1671,55666,2,1
27834,83,640.3,632.6,1671,55668,2,1
27835,83,640.7,632.8,1671,55670,2,1
27836,83,641.2,633.1,1671,55672,2,1
27837,83,641.6,633.2,1671,55674,2,1
27838,83,641.5,633.4,1671,55676,2,1
27839,83,641.4,633.5,1671,55678,2,1
27840,83,641.1,633.5,1671,55680,2,1
27841,83,640.7,633.4,1671,55682,2,1
27842,83,640,633,1671,55684,2,1
27843,83,639.3,632.5,1671,55686,2,1
27844,83,638.5,632.1,1671,55688,2,1
27845,83,638.1,631.5,1671,55690,2,1
27846,83,637.8,630.9,1671,55692,2,1
27847,83,637.5,630.9,1671,55694,2,1
27848,83,637.4,631,1672,55696,2,1
27849,83,637.5,631.4,1672,55698,2,1
27850,83,637.6,631.8,1672,55700,2,1
27851,83,637.8,632.3,1672,55702,2,1
27852,83,637.9,632.7,1672,55704,2,1
27853,83,638.4,632.9,1672,55706,2,1
27854,83,638.9,632.8,1672,55708,2,1
27855,83,639.6,632.7,1672,55710,2,1
27856,83,640.5,632.6,1672,55712,2,1
27857,83,641.4,632.6,1672,55714,2,1
27858,83,642.2,632.7,1672,55716,2,1
27859,83,642.8,632.9,1672,55718,2,1
27860,83,642.5,633.1,1672,55720,2,1
27861,83,642.3,633.3,1672,55722,2,1
27862,83,641.7,633.3,1672,55724,2,1
27863,83,641,633.4,1672,55726,2,1
27864,83,640.3,633.3,1672,55728,2,1
27865,83,639.9,633.1,1673,55730,2,1
27866,83,639.5,632.9,1673,55732,2,1
27867,83,639.7,632.7,1673,55734,2,1
27868,83,639.8,632.4,1673,55736,2,1
27869,83,639.9,632.4,1673,55738,2,1
27870,83,640,632.4,1673,55740,2,1
27871,83,640.1,632.4,1673,55742,2,1
27872,83,640.2,632.6,1673,55744,2,1
27873,83,640.4,632.9,1673,55746,2,1
27874,83,640.6,633.2,1673,55748,2,1
27875,83,640.9,633.6,1673,55750,2,1
27876,83,641.2,633.7,1673,55752,2,1
27877,83,641.4,633.9,1673,55754,2,1
27878,83,641.5,633.9,1673,55756,2,1
27879,83,641.5,634,1673,55758,2,1
27880,83,641.3,633.5,1673,55760,2,1
27881,83,641,633,1674,55762,2,1
27882,83,640.7,632.4,1674,55764,2,1
27883,83,640.5,632,1674,55766,2,1
27884,83,640.2,631.5,1674,55768,2,1
27885,83,640.1,631.4,1674,55770,2,1
27886,83,640.1,631.3,1674,55772,2,1
27887,83,640.1,631.6,1674,55774,2,1
27888,83,640.3,632.2,1674,55776,2,1
27889,83,640.6,632.9,1674,55778,2,1
27890,83,641,633.4,1674,55780,2,1
27891,83,641.4,633.8,1674,55782,2,1
27892,83,641.7,633.8,1674,55784,2,1
27893,83,642.2,633.9,1674,55786,2,1
27894,83,642.6,633.9,1674,55788,2,1
27895,83,642.9,633.8,1674,55790,2,1
27896,83,643.2,633.7,1674,55792,2,1
27897,83,643,633.7,1674,55794,2,1
27898,83,642.9,633.8,1675,55796,2,1
27899,83,642.7,633.9,1675,55798,2,1
27900,83,642.4,634.5,1675,55800,2,1
27901,83,642.1,635.1,1675,55802,2,1
27902,83,641.8,635.7,1675,55804,2,1
27903,83,641.6,636.1,1675,55806,2,1
27904,83,641.5,635.9,1675,55808,2,1
27905,83,641.3,635.5,1675,55810,2,1
27906,83,641.2,635,1675,55812,2,1
27907,83,641.2,633.9,1675,55814,2,1
27908,83,641.1,632.7,1675,55816,2,1
27909,83,641,631.4,1675,55818,2,1
27910,83,640.9,630.6,1675,55820,2,1
27911,83,640.9,630.2,1675,55822,2,1
27912,83,640.9,630.5,1675,55824,2,1
27913,83,641.3,631.3,1675,55826,2,1
27914,83,641.8,632.3,1675,55828,2,1
27915,83,642.2,633.4,1676,55830,2,1
27916,83,642.6,634.4,1676,55832,2,1
27917,83,643,635.3,1676,55834,2,1
27918,83,643.4,635.8,1676,55836,2,1
27919,83,643.6,636.2,1676,55838,2,1
27920,83,643.1,635.8,1676,55840,2,1
27921,83,642.7,635.5,1676,55842,2,1
27922,83,642,635.4,1676,55844,2,1
27923,83,641.4,635.3,1676,55846,2,1
27924,83,640.8,635.3,1676,55848,2,1
27925,83,640.2,635.9,1676,55850,2,1
27926,83,639.8,636.5,1676,55852,2,1
27927,83,639.8,637.1,1676,55854,2,1
27928,83,640.2,637.8,1676,55856,2,1
27929,83,640.8,638.4,1676,55858,2,1
27930,83,641.4,638.8,1676,55860,2,1
27931,83,641.9,638.9,1677,55862,2,1
27932,83,642.5,638.7,1677,55864,2,1
27933,83,643,638.4,1677,55866,2,1
27934,83,643.7,638.1,1677,55868,2,1
27935,83,643.9,638.1,1677,55870,2,1
27936,83,644.1,637.8,1677,55872,2,1
27937,83,644.3,637.7,1677,55874,2,1
27938,83,644.5,637.8,1677,55876,2,1
27939,83,644.7,638,1677,55878,2,1
27940,83,644.8,638.1,1677,55880,2,1
27941,83,644.8,638.2,1677,55882,2,1
27942,83,644.7,638.2,1677,55884,2,1
27943,83,644.6,638.2,1677,55886,2,1
27944,83,644.6,638.3,1677,55888,2,1
27945,83,644.5,638.3,1677,55890,2,1
27946,83,644.5,638.2,1677,55892,2,1
27947,83,644.5,638.1,1677,55894,2,1
27948,83,644.5,637.9,1678,55896,2,1
27949,83,644.4,637.8,1678,55898,2,1
27950,83,644.5,637.6,1678,55900,2,1
27951,83,644.5,637.5,1678,55902,2,1
27952,83,644.6,637.6,1678,55904,2,1
27953,83,644.7,637.7,1678,55906,2,1
27954,83,644.9,637.8,1678,55908,2,1
27955,83,645.1,638,1678,55910,2,1
27956,83,645.3,638.1,1678,55912,2,1
27957,83,645.4,638.5,1678,55914,2,1
27958,83,645.4,638.9,1678,55916,2,1
27959,83,645.3,639.2,1678,55918,2,1
27960,83,645.3,639.4,1678,55920,2,1
27961,83,645.2,639.3,1678,55922,2,1
27962,83,645.1,639.3,1678,55924,2,1
27963,83,645.1,639.3,1678,55926,2,1
27964,83,645.3,638.8,1679,55928,2,1
27965,83,646,638.8,1679,55930,2,1
27966,83,646.6,638.9,1679,55932,2,1
27967,83,647.2,639.2,1679,55934,2,1
27968,83,647.7,639.8,1679,55936,2,1
27969,83,648.3,640.3,1679,55938,2,1
27970,83,648.8,640.9,1679,55940,2,1
27971,83,649.3,641.4,1679,55942,2,1
27972,83,649.5,641.2,1679,55944,2,1
27973,83,649.6,641.1,1679,55946,2,1
27974,83,649.6,641.1,1679,55948,2,1
27975,83,649.7,641.2,1679,55950,2,1
27976,83,649.7,641.2,1679,55952,2,1
27977,83,649.8,641.3,1679,55954,2,1
27978,83,649.6,641.5,1679,55956,2,1
27979,83,649.6,641.8,1679,55958,2,1
27980,83,649.6,642,1679,55960,2,1
27981,83,649.8,642.1,1680,55962,2,1
27982,83,650,642,1680,55964,2,1
27983,83,650.2,641.9,1680,55966,2,1
27984,83,650.5,642,1680,55968,2,1
27985,83,651.1,643,1680,55970,2,1
27986,83,652,644,1680,55972,2,1
27987,83,653,645.2,1680,55974,2,1
27988,83,654,646.6,1680,55976,2,1
27989,83,655,648.1,1680,55978,2,1
27990,83,655.9,649.6,1680,55980,2,1
27991,83,656.8,651.1,1680,55982,2,1
27992,83,657.3,651.7,1680,55984,2,1
27993,83,657.7,652.3,1680,55986,2,1
27994,83,658,652.7,1680,55988,2,1
27995,83,658.3,653,1680,55990,2,1
27996,83,658.5,653.1,1680,55992,2,1
27997,83,658.7,653.3,1680,55994,2,1
27998,83,658.9,653.2,1681,55996,2,1
27999,83,659,653.1,1681,55998,2,1
28000,83,659.1,653,1681,56000,2,1
28001,83,659.1,653,1681,56002,2,1
28002,83,659.3,652.9,1681,56004,2,1
28003,83,659.7,652.7,1681,56006,2,1
28004,83,660.3,652.7,1681,56008,2,1
28005,83,660.9,652.7,1681,56010,2,1
28006,83,661.4,652.7,1681,56012,2,1
28007,83,661.9,652.7,1681,56014,2,1
28008,83,662.1,652.6,1681,56016,2,1
28009,83,662.1,652.7,1681,56018,2,1
28010,83,662.1,652.8,1681,56020,2,1
28011,83,662.1,653,1681,56022,2,1
28012,83,662,653.3,1681,56024,2,1
28013,83,661.8,653.5,1681,56026,2,1
28014,83,661.8,653.8,1681,56028,2,1
28015,83,662.1,654.1,1682,56030,2,1
28016,83,662.7,654.3,1682,56032,2,1
28017,83,663.3,654.5,1682,56034,2,1
28018,83,663.7,654.4,1682,56036,2,1
28019,83,664.2,654.4,1682,56038,2,1
28020,83,664.8,654.3,1682,56040,2,1
28021,83,665.2,654.2,1682,56042,2,1
28022,83,665.6,654,1682,56044,2,1
28023,83,665,653.9,1682,56046,2,1
28024,83,664.4,653.8,1682,56048,2,1
28025,83,663.9,653.9,1682,56050,2,1
28026,83,663.3,654.1,1682,56052,2,1
28027,83,662.8,654.2,1682,56054,2,1
28028,83,662.5,654.2,1682,56056,2,1
28029,83,662.1,654.2,1682,56058,2,1
28030,83,662.4,654.2,1682,56060,2,1
28031,83,662.6,653.9,1683,56062,2,1
28032,83,662.9,653.6,1683,56064,2,1
28033,83,663.1,653.6,1683,56066,2,1
28034,83,663.3,654.2,1683,56068,2,1
28035,83,663.1,654.9,1683,56070,2,1
28036,83,662.8,655.6,1683,56072,2,1
28037,83,662.6,656.2,1683,56074,2,1
28038,83,662.7,657,1683,56076,2,1
28039,83,662.8,657.2,1683,56078,2,1
28040,83,662.9,657.2,1683,56080,2,1
28041,83,663.1,656.7,1683,56082,2,1
28042,83,663.5,656.1,1683,56084,2,1
28043,83,663.9,655.4,1683,56086,2,1
28044,83,664.4,654.7,1683,56088,2,1
28045,83,664.5,654.2,1683,56090,2,1
28046,83,664.5,654,1683,56092,2,1
28047,83,664.5,653.7,1683,56094,2,1
28048,83,664.6,653.7,1684,56096,2,1
28049,83,664.6,653.7,1684,56098,2,1
28050,83,664.4,653.9,1684,56100,2,1
28051,83,664.3,654.2,1684,56102,2,1
28052,83,664.2,654.6,1684,56104,2,1
28053,83,664.2,655,1684,56106,2,1
28054,83,664,655.3,1684,56108,2,1
28055,83,663.9,655.5,1684,56110,2,1
28056,83,664,655.5,1684,56112,2,1
28057,83,664.1,655.3,1684,56114,2,1
28058,83,664.2,655.3,1684,56116,2,1
28059,83,664.3,655.1,1684,56118,2,1
28060,83,664.5,655.2,1684,56120,2,1
28061,83,664.7,655.3,1684,56122,2,1
28062,83,664.8,655.5,1684,56124,2,1
28063,83,665,655.7,1684,56126,2,1
28064,83,665.5,655.9,1684,56128,2,1
28065,83,665.9,656.2,1685,56130,2,1
28066,83,666.2,656.6,1685,56132,2,1
28067,83,666.6,656.7,1685,56134,2,1
28068,83,667.1,656.7,1685,56136,2,1
28069,83,667.4,656.5,1685,56138,2,1
28070,83,667.8,656.3,1685,56140,2,1
28071,83,667.8,656,1685,56142,2,1
28072,83,667.8,655.5,1685,56144,2,1
28073,83,667.8,654.9,1685,56146,2,1
28074,83,667.7,654.3,1685,56148,2,1
28075,83,667.6,654.1,1685,56150,2,1
28076,83,667.7,654.1,1685,56152,2,1
28077,83,667.7,654.1,1685,56154,2,1
28078,83,667.7,654,1685,56156,2,1
28079,83,667.8,653.8,1685,56158,2,1
28080,83,668,653.4,1685,56160,2,1
28081,83,668.3,652.9,1686,56162,2,1
28082,83,668.5,652.3,1686,56164,2,1
28083,83,668.5,651.7,1686,56166,2,1
28084,83,668.6,651.2,1686,56168,2,1
28085,83,668.5,651.2,1686,56170,2,1
28086,83,668.4,651.2,1686,56172,2,1
28087,83,668.2,651.4,1686,56174,2,1
28088,83,667.9,651.6,1686,56176,2,1
28089,83,667.7,651.9,1686,56178,2,1
28090,83,667.5,652,1686,56180,2,1
28091,83,667.2,652.2,1686,56182,2,1
28092,83,667,652.2,1686,56184,2,1
28093,83,666.9,652.5,1686,56186,2,1
28094,83,667,652.8,1686,56188,2,1
28095,83,667,653,1686,56190,2,1
28096,83,666.9,653.1,1686,56192,2,1
28097,83,666.4,653.3,1686,56194,2,1
28098,83,666,653.5,1687,56196,2,1
28099,83,665.5,653.8,1687,56198,2,1
28100,83,665.1,653.6,1687,56200,2,1
28101,83,664.9,653.5,1687,56202,2,1
28102,83,665.7,653.1,1687,56204,2,1
28103,83,666.7,652.6,1687,56206,2,1
28104,83,668,652.1,1687,56208,2,1
28105,83,669.2,651.6,1687,56210,2,1
28106,83,670.4,651.5,1687,56212,2,1
28107,83,671.5,651.2,1687,56214,2,1
28108,83,672,651.1,1687,56216,2,1
28109,83,671.5,651.3,1687,56218,2,1
28110,83,671,651.7,1687,56220,2,1
28111,83,670.4,652.1,1687,56222,2,1
28112,83,669.9,652.4,1687,56224,2,1
28113,83,669.3,652.3,1687,56226,2,1
28114,83,668.9,652.2,1688,56228,2,1
28115,83,668.5,652.1,1688,56230,2,1
28116,83,668.4,651.9,1688,56232,2,1
28117,83,668.4,651.7,1688,56234,2,1
28118,83,668.3,651.7,1688,56236,2,1
28119,83,668.4,651.7,1688,56238,2,1
28120,83,668.3,651.9,1688,56240,2,1
28121,83,668.2,652,1688,56242,2,1
28122,83,668.1,652.1,1688,56244,2,1
28123,83,667.9,652,1688,56246,2,1
28124,83,667.8,651.9,1688,56248,2,1
28125,83,667.6,651.7,1688,56250,2,1
28126,83,668.1,651.4,1688,56252,2,1
28127,83,668.8,651.1,1688,56254,2,1
28128,83,669.4,650.8,1688,56256,2,1
28129,83,670,650.5,1688,56258,2,1
28130,83,670.1,650.3,1688,56260,2,1
28131,83,669.8,650.1,1689,56262,2,1
28132,83,669.5,650,1689,56264,2,1
28133,83,668.5,649.9,1689,56266,2,1
28134,83,667.6,649.9,1689,56268,2,1
28135,83,666.6,649.9,1689,56270,2,1
28136,83,666.9,649.9,1689,56272,2,1
28137,83,667.7,649.9,1689,56274,2,1
28138,83,668.5,649.9,1689,56276,2,1
28139,83,669.3,650,1689,56278,2,1
28140,83,670.1,650.2,1689,56280,2,1
28141,83,670.9,650.4,1689,56282,2,1
28142,83,671.8,650.6,1689,56284,2,1
28143,83,671.5,650.8,1689,56286,2,1
28144,83,671.2,650.7,1689,56288,2,1
28145,83,671.1,650.5,1689,56290,2,1
28146,83,671.2,650.5,1689,56292,2,1
28147,83,671.3,650.4,1689,56294,2,1
28148,83,671.2,650.3,1690,56296,2,1
28149,83,670.9,650.2,1690,56298,2,1
28150,83,670.6,650.2,1690,56300,2,1
28151,83,670.3,650.2,1690,56302,2,1
28152,83,670.2,650.1,1690,56304,2,1
28153,83,670.2,650.2,1690,56306,2,1
28154,83,670.4,650.2,1690,56308,2,1
28155,83,670.7,650.3,1690,56310,2,1
28156,83,671.1,650.4,1690,56312,2,1
28157,83,671.6,650.4,1690,56314,2,1
28158,83,672,650.3,1690,56316,2,1
28159,83,672.3,650.8,1690,56318,2,1
28160,83,672.4,651.3,1690,56320,2,1
28161,83,672.4,651.8,1690,56322,2,1
28162,83,672.2,652.2,1690,56324,2,1
28163,83,672.2,652.5,1690,56326,2,1
28164,83,672.2,652.9,1690,56328,2,1
28165,83,672.2,653.3,1691,56330,2,1
28166,83,672.2,653.2,1691,56332,2,1
28167,83,672.4,653.1,1691,56334,2,1
28168,83,672.4,652.8,1691,56336,2,1
28169,83,672.3,652.6,1691,56338,2,1
28170,83,672.1,652.4,1691,56340,2,1
28171,83,671.9,651.9,1691,56342,2,1
28172,83,671.6,651.2,1691,56344,2,1
28173,83,671.4,650.4,1691,56346,2,1
28174,83,671.2,649.8,1691,56348,2,1
28175,83,671,649.3,1691,56350,2,1
28176,83,671,648.7,1691,56352,2,1
28177,83,670.9,648.6,1691,56354,2,1
28178,83,670.9,648.7,1691,56356,2,1
28179,83,670.7,649.2,1691,56358,2,1
28180,83,670.6,649.6,1691,56360,2,1
28181,83,670.4,650.1,1692,56362,2,1
28182,83,670.5,650.6,1692,56364,2,1
28183,83,670.7,650.8,1692,56366,2,1
28184,83,671,650.6,1692,56368,2,1
28185,83,671.3,650.3,1692,56370,2,1
28186,83,671.7,649.9,1692,56372,2,1
28187,83,672.1,649.5,1692,56374,2,1
28188,83,672.3,649,1692,56376,2,1
28189,83,672.3,648.8,1692,56378,2,1
28190,83,672.2,648.7,1692,56380,2,1
28191,83,672.1,648.6,1692,56382,2,1
28192,83,672,648.4,1692,56384,2,1
28193,83,672,648.5,1692,56386,2,1
28194,83,671.8,648.6,1692,56388,2,1
28195,83,671.9,648.7,1692,56390,2,1
28196,83,672,648.8,1692,56392,2,1
28197,83,672.1,648.8,1692,56394,2,1
28198,83,672.3,648.9,1693,56396,2,1
28199,83,672.4,648.9,1693,56398,2,1
28200,83,672.7,648.9,1693,56400,2,1
28201,83,673,649,1693,56402,2,1
28202,83,673.3,648.9,1693,56404,2,1
28203,83,673.5,648.8,1693,56406,2,1
28204,83,673.8,648.6,1693,56408,2,1
28205,83,674.1,648.5,1693,56410,2,1
28206,83,674.3,648.4,1693,56412,2,1
28207,83,674.4,648.3,1693,56414,2,1
28208,83,674.6,648.2,1693,56416,2,1
28209,83,674,648.1,1693,56418,2,1
28210,83,673.5,648,1693,56420,2,1
28211,83,672.9,648.2,1693,56422,2,1
28212,83,672.2,648.7,1693,56424,2,1
28213,83,671.5,649.3,1693,56426,2,1
28214,83,670.6,649.7,1694,56428,2,1
28215,83,669.6,650.3,1694,56430,2,1
28216,83,669.4,651,1694,56432,2,1
28217,83,669.2,651.6,1694,56434,2,1
28218,83,669,652.1,1694,56436,2,1
28219,83,668.8,652.3,1694,56438,2,1
28220,83,668.7,652.5,1694,56440,2,1
28221,83,668.8,652.8,1694,56442,2,1
28222,83,668.9,652.9,1694,56444,2,1
28223,83,669,653,1694,56446,2,1
28224,83,668.9,653.1,1694,56448,2,1
28225,83,668.9,653.1,1694,56450,2,1
28226,83,669,653,1694,56452,2,1
28227,83,669,652.9,1694,56454,2,1
28228,83,669.2,652.7,1694,56456,2,1
28229,83,669.3,652.6,1694,56458,2,1
28230,83,669.4,652.4,1694,56460,2,1
28231,83,669.6,652.1,1695,56462,2,1
28232,83,669.7,651.8,1695,56464,2,1
28233,83,669.8,651.1,1695,56466,2,1
28234,83,669.8,650.4,1695,56468,2,1
28235,83,669.7,649.6,1695,56470,2,1
28236,83,669.7,648.9,1695,56472,2,1
28237,83,669.6,648.1,1695,56474,2,1
28238,83,669.9,647.4,1695,56476,2,1
28239,83,670.2,646.5,1695,56478,2,1
28240,83,670.4,646.2,1695,56480,2,1
28241,83,670.7,646,1695,56482,2,1
28242,83,670.8,645.8,1695,56484,2,1
28243,83,671,645.7,1695,56486,2,1
28244,83,671.1,645.6,1695,56488,2,1
28245,83,670.5,645.7,1695,56490,2,1
28246,83,669.8,646,1695,56492,2,1
28247,83,669.1,646.2,1695,56494,2,1
28248,83,668.6,646.5,1696,56496,2,1
28249,83,668.3,647,1696,56498,2,1
28250,83,667.9,647.6,1696,56500,2,1
28251,83,667.4,648.1,1696,56502,2,1
28252,83,667.6,648.7,1696,56504,2,1
28253,83,667.9,649.2,1696,56506,2,1
28254,83,668.1,649.3,1696,56508,2,1
28255,83,668.4,649.3,1696,56510,2,1
28256,83,668.6,649.2,1696,56512,2,1
28257,83,668.9,648.7,1696,56514,2,1
28258,83,669.2,647.4,1696,56516,2,1
28259,83,669.3,646.2,1696,56518,2,1
28260,83,669.4,644.9,1696,56520,2,1
28261,83,669.6,644.9,1696,56522,2,1
28262,83,669.8,644.8,1696,56524,2,1
28263,83,669.9,644.8,1696,56526,2,1
28264,83,670.3,644.7,1697,56528,2,1
28265,83,670.8,645.4,1697,56530,2,1
28266,83,671.5,646.2,1697,56532,2,1
28267,83,672.1,646.9,1697,56534,2,1
28268,83,673,646.7,1697,56536,2,1
28269,83,673.8,646.3,1697,56538,2,1
28270,83,674.5,646,1697,56540,2,1
28271,83,674.9,645.7,1697,56542,2,1
28272,83,675.4,645.6,1697,56544,2,1
28273,83,675.6,645.6,1697,56546,2,1
28274,83,675.9,645.7,1697,56548,2,1
28275,83,675.8,646,1697,56550,2,1
28276,83,675.7,646.6,1697,56552,2,1
28277,83,675.6,647.3,1697,56554,2,1
28278,83,675.4,647.9,1697,56556,2,1
28279,83,675.2,648.6,1697,56558,2,1
28280,83,675,649,1697,56560,2,1
28281,83,674.8,649,1698,56562,2,1
28282,83,674.8,648.7,1698,56564,2,1
28283,83,674.8,648.1,1698,56566,2,1
28284,83,674.8,647.5,1698,56568,2,1
28285,83,674.9,646.7,1698,56570,2,1
28286,83,675,645.8,1698,56572,2,1
28287,83,675.1,644.8,1698,56574,2,1
28288,83,675.3,644,1698,56576,2,1
28289,83,675.2,643.5,1698,56578,2,1
28290,83,675.1,643.1,1698,56580,2,1
28291,83,674.8,642.8,1698,56582,2,1
28292,83,674.5,642.6,1698,56584,2,1
28293,83,674.5,642.6,1698,56586,2,1
28294,83,674.6,642.8,1698,56588,2,1
28295,83,674.7,643.2,1698,56590,2,1
28296,83,674.9,643.5,1698,56592,2,1
28297,83,675.3,643.9,1698,56594,2,1
28298,83,675.8,644.3,1699,56596,2,1
28299,83,676.4,644.6,1699,56598,2,1
28300,83,676.8,644.8,1699,56600,2,1
28301,83,677,645.1,1699,56602,2,1
28302,83,677.2,645.3,1699,56604,2,1
28303,83,677.4,645.8,1699,56606,2,1
28304,83,677.6,646.1,1699,56608,2,1
28305,83,677.8,646.2,1699,56610,2,1
28306,83,678,646.5,1699,56612,2,1
28307,83,678.2,646.7,1699,56614,2,1
28308,83,678.5,646.9,1699,56616,2,1
28309,83,678.8,647,1699,56618,2,1
28310,83,679.1,646.9,1699,56620,2,1
28311,83,679.3,646.9,1699,56622,2,1
28312,83,679.4,646.9,1699,56624,2,1
28313,83,679.6,646.9,1699,56626,2,1
28314,83,679.9,646.9,1700,56628,2,1
28315,83,680.2,646.9,1700,56630,2,1
28316,83,680.4,646.9,1700,56632,2,1
28317,83,680.5,646.9,1700,56634,2,1
28318,83,680.4,646.8,1700,56636,2,1
28319,83,680.3,646.8,1700,56638,2,1
28320,83,680.1,647,1700,56640,2,1
28321,83,679.8,647.3,1700,56642,2,1
28322,83,679.5,647.6,1700,56644,2,1
28323,83,679.2,647.8,1700,56646,2,1
28324,83,679.4,648,1700,56648,2,1
28325,83,679.7,648.1,1700,56650,2,1
28326,83,680,648,1700,56652,2,1
28327,83,680.3,647.7,1700,56654,2,1
28328,83,680.6,647.2,1700,56656,2,1
28329,83,680.7,646.7,1700,56658,2,1
28330,83,680.8,645.7,1700,56660,2,1
28331,83,680.5,644.8,1701,56662,2,1
28332,83,680.3,643.9,1701,56664,2,1
28333,83,680,643.2,1701,56666,2,1
28334,83,679.8,642.8,1701,56668,2,1
28335,83,679.5,642.6,1701,56670,2,1
28336,83,679.3,642.7,1701,56672,2,1
28337,83,679.2,643.1,1701,56674,2,1
28338,83,679.1,643.5,1701,56676,2,1
28339,83,679.4,643.8,1701,56678,2,1
28340,83,679.6,644,1701,56680,2,1
28341,83,679.9,644.3,1701,56682,2,1
28342,83,680.2,644.5,1701,56684,2,1
28343,83,680.5,644.8,1701,56686,2,1
28344,83,681,645,1701,56688,2,1
28345,83,681.4,645.2,1701,56690,2,1
28346,83,681.6,645.5,1701,56692,2,1
28347,83,681.8,645.4,1701,56694,2,1
28348,83,681.9,645.2,1702,56696,2,1
28349,83,682.1,644.8,1702,56698,2,1
28350,83,682.2,644.2,1702,56700,2,1
28351,83,682.2,643.5,1702,56702,2,1
28352,83,682.1,642.8,1702,56704,2,1
28353,83,682,642.2,1702,56706,2,1
28354,83,682,641.9,1702,56708,2,1
28355,83,681.9,641.6,1702,56710,2,1
28356,83,681.9,641.5,1702,56712,2,1
28357,83,682,641.5,1702,56714,2,1
28358,83,682.1,641.5,1702,56716,2,1
28359,83,682.2,641.7,1702,56718,2,1
28360,83,682.3,641.9,1702,56720,2,1
28361,83,682.5,642.2,1702,56722,2,1
28362,83,682.6,642.5,1702,56724,2,1
28363,83,682.8,642.7,1702,56726,2,1
28364,83,682.9,642.8,1703,56728,2,1
28365,83,683.4,642.8,1703,56730,2,1
28366,83,683.8,642.7,1703,56732,2,1
28367,83,684.2,642.6,1703,56734,2,1
28368,83,684.5,642.5,1703,56736,2,1
28369,83,684.8,642.5,1703,56738,2,1
28370,83,685.1,642.4,1703,56740,2,1
28371,83,685.2,642.3,1703,56742,2,1
28372,83,685.1,642.3,1703,56744,2,1
28373,83,685,642.4,1703,56746,2,1
28374,83,684.9,642.4,1703,56748,2,1
28375,83,684.9,642.5,1703,56750,2,1
28376,83,685.1,642.6,1703,56752,2,1
28377,83,685.2,642.7,1703,56754,2,1
28378,83,685.4,642.8,1703,56756,2,1
28379,83,685.6,642.9,1703,56758,2,1
28380,83,685.6,642.9,1703,56760,2,1
28381,83,685.5,643,1704,56762,2,1
28382,83,685.5,642.7,1704,56764,2,1
28383,83,685.4,642.4,1704,56766,2,1
28384,83,685.3,642.1,1704,56768,2,1
28385,83,685.2,641.8,1704,56770,2,1
28386,83,685.3,642.1,1704,56772,2,1
28387,83,685.4,642.5,1704,56774,2,1
28388,83,685.7,642.8,1704,56776,2,1
28389,83,686,643.4,1704,56778,2,1
28390,83,686.2,643.8,1704,56780,2,1
28391,83,685.9,643.9,1704,56782,2,1
28392,83,685.5,644,1704,56784,2,1
28393,83,685,643.4,1704,56786,2,1
28394,83,684.5,642.8,1704,56788,2,1
28395,83,684.1,642.1,1704,56790,2,1
28396,83,683.7,641.4,1704,56792,2,1
28397,83,683.5,640.7,1704,56794,2,1
28398,83,683.8,641.1,1705,56796,2,1
28399,83,684.1,641.4,1705,56798,2,1
28400,83,684.3,641.9,1705,56800,2,1
28401,83,684.4,642.5,1705,56802,2,1
28402,83,684.4,642.6,1705,56804,2,1
28403,83,684.4,642.9,1705,56806,2,1
28404,83,684.2,643.1,1705,56808,2,1
28405,83,684,642.5,1705,56810,2,1
28406,83,683.8,641.9,1705,56812,2,1
28407,83,683.7,641.3,1705,56814,2,1
28408,83,683.6,640.6,1705,56816,2,1
28409,83,683.6,640.4,1705,56818,2,1
28410,83,683.4,640.2,1705,56820,2,1
28411,83,683.2,640,1705,56822,2,1
28412,83,683,639.9,1705,56824,2,1
28413,83,682.8,639.8,1705,56826,2,1
28414,83,682.8,639.7,1706,56828,2,1
28415,83,683.1,639.7,1706,56830,2,1
28416,83,683.4,639.9,1706,56832,2,1
28417,83,683.9,639.8,1706,56834,2,1
28418,83,684.3,639.8,1706,56836,2,1
28419,83,684.6,639.7,1706,56838,2,1
28420,83,684.8,639.6,1706,56840,2,1
28421,83,684.8,639.5,1706,56842,2,1
28422,83,684.6,639.4,1706,56844,2,1
28423,83,684.3,639.2,1706,56846,2,1
28424,83,683.7,639.1,1706,56848,2,1
28425,83,683.3,639,1706,56850,2,1
28426,83,683,638.9,1706,56852,2,1
28427,83,683,638.9,1706,56854,2,1
28428,83,683,638.9,1706,56856,2,1
28429,83,683.1,638.9,1706,56858,2,1
28430,83,683.4,638.6,1706,56860,2,1
28431,83,683.8,638.2,1707,56862,2,1
28432,83,684.3,637.9,1707,56864,2,1
28433,83,684.5,637.2,1707,56866,2,1
28434,83,684.5,636.1,1707,56868,2,1
28435,83,684.5,634.9,1707,56870,2,1
28436,83,684.5,633.9,1707,56872,2,1
28437,83,684.4,633.4,1707,56874,2,1
28438,83,684.1,632.9,1707,56876,2,1
28439,83,683.9,632.5,1707,56878,2,1
28440,83,683.8,632.4,1707,56880,2,1
28441,83,683.8,632.8,1707,56882,2,1
28442,83,683.7,633.4,1707,56884,2,1
28443,83,683.7,633.7,1707,56886,2,1
28444,83,683.6,634.2,1707,56888,2,1
28445,83,683.5,634.7,1707,56890,2,1
28446,83,683.3,635.2,1707,56892,2,1
28447,83,683.1,635.6,1707,56894,2,1
28448,83,682.9,636,1708,56896,2,1
28449,83,682.8,636.3,1708,56898,2,1
28450,83,682.7,636.7,1708,56900,2,1
28451,83,682.6,636.5,1708,56902,2,1
28452,83,682.7,636.4,1708,56904,2,1
28453,83,682.8,636.3,1708,56906,2,1
28454,83,682.9,636.2,1708,56908,2,1
28455,83,683,636.2,1708,56910,2,1
28456,83,683,636.2,1708,56912,2,1
28457,83,682.9,636.1,1708,56914,2,1
28458,83,682.7,636,1708,56916,2,1
28459,83,682.5,636,1708,56918,2,1
28460,83,682.3,635.7,1708,56920,2,1
28461,83,682.2,635.5,1708,56922,2,1
28462,83,682.1,635.1,1708,56924,2,1
28463,83,682,634.7,1708,56926,2,1
28464,83,681.9,634.1,1709,56928,2,1
28465,83,681.6,633.5,1709,56930,2,1
28466,83,681.2,632.8,1709,56932,2,1
28467,83,680.9,632.2,1709,56934,2,1
28468,83,680.5,631.4,1709,56936,2,1
28469,83,680.1,630.8,1709,56938,2,1
28470,83,680.1,630.1,1709,56940,2,1
28471,83,680.1,629.3,1709,56942,2,1
28472,83,680.3,628.8,1709,56944,2,1
28473,83,680.6,628.3,1709,56946,2,1
28474,83,681,628,1709,56948,2,1
28475,83,681.2,627.8,1709,56950,2,1
28476,83,681.4,627.9,1709,56952,2,1
28477,83,681,628.3,1709,56954,2,1
28478,83,680.7,628.9,1709,56956,2,1
28479,83,680.2,629.7,1709,56958,2,1
28480,83,679.9,630.5,1709,56960,2,1
28481,83,679.6,631.3,1710,56962,2,1
28482,83,679.7,632.1,1710,56964,2,1
28483,83,679.9,632.7,1710,56966,2,1
28484,83,680.6,632.8,1710,56968,2,1
28485,83,681.4,632.8,1710,56970,2,1
28486,83,682.4,632.6,1710,56972,2,1
28487,83,683.3,632.1,1710,56974,2,1
28488,83,684.1,631.6,1710,56976,2,1
28489,83,684.6,630.9,1710,56978,2,1
28490,83,685,630.3,1710,56980,2,1
28491,83,685.2,629.8,1710,56982,2,1
28492,83,685.1,629.5,1710,56984,2,1
28493,83,684.9,629.3,1710,56986,2,1
28494,83,684.4,629.4,1710,56988,2,1
28495,83,683.8,629.6,1710,56990,2,1
28496,83,683.3,629.9,1710,56992,2,1
28497,83,682.8,630.2,1710,56994,2,1
28498,83,682.4,630.3,1711,56996,2,1
28499,83,682.2,630.3,1711,56998,2,1
28500,83,682.1,630.3,1711,57000,2,1
28501,83,682.4,630.3,1711,57002,2,1
28502,83,682.6,630.4,1711,57004,2,1
28503,83,682.8,630.4,1711,57006,2,1
28504,83,683,630.6,1711,57008,2,1
28505,83,683,630.8,1711,57010,2,1
28506,83,682.9,631.1,1711,57012,2,1
28507,83,682.7,631.2,1711,57014,2,1
28508,83,682.6,631.4,1711,57016,2,1
28509,83,682.6,631.7,1711,57018,2,1
28510,83,682.6,632.1,1711,57020,2,1
28511,83,682.6,632.5,1711,57022,2,1
28512,83,682.6,633.1,1711,57024,2,1
28513,83,682.6,633.6,1711,57026,2,1
28514,83,682.6,634.1,1712,57028,2,1
28515,83,682.5,634.4,1712,57030,2,1
28516,83,682.5,634.5,1712,57032,2,1
28517,83,682.5,634.6,1712,57034,2,1
28518,83,682.4,634.6,1712,57036,2,1
28519,83,682.1,634.3,1712,57038,2,1
28520,83,681.9,634.1,1712,57040,2,1
28521,83,681.5,633.9,1712,57042,2,1
28522,83,681.2,633.8,1712,57044,2,1
28523,83,680.9,633.8,1712,57046,2,1
28524,83,680.7,633.9,1712,57048,2,1
28525,83,680.6,634.1,1712,57050,2,1
28526,83,680.6,634.4,1712,57052,2,1
28527,83,680.3,634.7,1712,57054,2,1
28528,83,680.1,634.8,1712,57056,2,1
28529,83,679.8,634.7,1712,57058,2,1
28530,83,679.4,634.6,1712,57060,2,1
28531,83,679.1,634.5,1713,57062,2,1
28532,83,679.4,634.3,1713,57064,2,1
28533,83,679.8,634,1713,57066,2,1
28534,83,680.5,633.7,1713,57068,2,1
28535,83,681,633.5,1713,57070,2,1
28536,83,681.3,633.6,1713,57072,2,1
28537,83,681.7,633.8,1713,57074,2,1
28538,83,681.7,634,1713,57076,2,1
28539,83,681,634.3,1713,57078,2,1
28540,83,680.4,634.6,1713,57080,2,1
28541,83,679.8,634.9,1713,57082,2,1
28542,83,679.5,635,1713,57084,2,1
28543,83,679.5,635.1,1713,57086,2,1
28544,83,679.4,635.2,1713,57088,2,1
28545,83,679.5,635.3,1713,57090,2,1
28546,83,679.6,635.3,1713,57092,2,1
28547,83,679.8,635.2,1713,57094,2,1
28548,83,680,635,1714,57096,2,1
28549,83,680.1,634.7,1714,57098,2,1
28550,83,680.2,634.4,1714,57100,2,1
28551,83,679.4,634.2,1714,57102,2,1
28552,83,678.6,633.9,1714,57104,2,1
28553,83,677.8,633.7,1714,57106,2,1
28554,83,676.9,633.4,1714,57108,2,1
28555,83,676.1,633.4,1714,57110,2,1
28556,83,675.3,633.4,1714,57112,2,1
28557,83,674.6,633.4,1714,57114,2,1
28558,83,674.9,633.4,1714,57116,2,1
28559,83,675.2,633.2,1714,57118,2,1
28560,83,675.4,633.1,1714,57120,2,1
28561,83,675.6,632.9,1714,57122,2,1
28562,83,675.7,632.7,1714,57124,2,1
28563,83,675.8,632.5,1714,57126,2,1
28564,83,675.8,632.5,1715,57128,2,1
28565,83,675.7,632.6,1715,57130,2,1
28566,83,675.6,632.9,1715,57132,2,1
28567,83,675.9,633.1,1715,57134,2,1
28568,83,676.4,633.2,1715,57136,2,1
28569,83,677,633,1715,57138,2,1
28570,83,677.5,632.6,1715,57140,2,1
28571,83,678.1,632.2,1715,57142,2,1
28572,83,678.7,631.9,1715,57144,2,1
28573,83,679.3,631.7,1715,57146,2,1
28574,83,679.4,631.4,1715,57148,2,1
28575,83,679.3,631.4,1715,57150,2,1
28576,83,679.1,631.6,1715,57152,2,1
28577,83,678.9,631.6,1715,57154,2,1
28578,83,678.7,631.6,1715,57156,2,1
28579,83,678.5,631.5,1715,57158,2,1
28580,83,678.3,631.5,1715,57160,2,1
28581,83,678.3,631.5,1716,57162,2,1
28582,83,678.3,631.5,1716,57164,2,1
28583,83,678.3,631.6,1716,57166,2,1
28584,83,678.3,631.7,1716,57168,2,1
28585,83,678.3,631.6,1716,57170,2,1
28586,83,678.3,631.7,1716,57172,2,1
28587,83,678.3,631.7,1716,57174,2,1
28588,83,678.5,632.5,1716,57176,2,1
28589,83,678.7,633.2,1716,57178,2,1
28590,83,678.9,633.8,1716,57180,2,1
28591,83,678.9,634.3,1716,57182,2,1
28592,83,679,634.7,1716,57184,2,1
28593,83,679.1,634.9,1716,57186,2,1
28594,83,679.2,635.2,1716,57188,2,1
28595,83,679,634.9,1716,57190,2,1
28596,83,678.9,634.8,1716,57192,2,1
28597,83,678.6,634.8,1716,57194,2,1
28598,83,678.4,634.8,1717,57196,2,1
28599,83,678.1,634.7,1717,57198,2,1
28600,83,678,634.7,1717,57200,2,1
28601,83,678,634.7,1717,57202,2,1
28602,83,678.1,634.7,1717,57204,2,1
28603,83,678.3,635,1717,57206,2,1
28604,83,678.7,635.5,1717,57208,2,1
28605,83,679.1,635.9,1717,57210,2,1
28606,83,679.4,636.4,1717,57212,2,1
28607,83,679.6,636.8,1717,57214,2,1
28608,83,679.6,637.2,1717,57216,2,1
28609,83,679.3,637.6,1717,57218,2,1
28610,83,678.9,637.8,1717,57220,2,1
28611,83,678.5,637.7,1717,57222,2,1
28612,83,678.1,637.6,1717,57224,2,1
28613,83,677.7,637.4,1717,57226,2,1
28614,83,677.4,637.3,1718,57228,2,1
28615,83,677.1,637.2,1718,57230,2,1
28616,83,677,637.1,1718,57232,2,1
28617,83,677,637.2,1718,57234,2,1
28618,83,677.1,637.5,1718,57236,2,1
28619,83,677.1,637.8,1718,57238,2,1
28620,83,677,638,1718,57240,2,1
28621,83,676.9,638.2,1718,57242,2,1
28622,83,676.7,638.4,1718,57244,2,1
28623,83,676.6,638.4,1718,57246,2,1
28624,83,676.5,638.4,1718,57248,2,1
28625,83,676.4,638.2,1718,57250,2,1
28626,83,676.4,637.9,1718,57252,2,1
28627,83,676.5,637.7,1718,57254,2,1
28628,83,676.5,637.5,1718,57256,2,1
28629,83,676.7,637.5,1718,57258,2,1
28630,83,676.8,637.6,1718,57260,2,1
28631,83,676.7,637.8,1719,57262,2,1
28632,83,676.6,637.9,1719,57264,2,1
28633,83,676.5,637.9,1719,57266,2,1
28634,83,676.4,637.9,1719,57268,2,1
28635,83,676.4,637.7,1719,57270,2,1
28636,83,676.3,637.7,1719,57272,2,1
28637,83,676.3,637.6,1719,57274,2,1
28638,83,676.3,637.5,1719,57276,2,1
28639,83,676.3,637.4,1719,57278,2,1
28640,83,676.5,637.2,1719,57280,2,1
28641,83,676.6,636.9,1719,57282,2,1
28642,83,676.8,636.6,1719,57284,2,1
28643,83,677,636.3,1719,57286,2,1
28644,83,677.2,636,1719,57288,2,1
28645,83,677.3,635.7,1719,57290,2,1
28646,83,677.4,635.7,1719,57292,2,1
28647,83,677.3,635.8,1719,57294,2,1
28648,83,677.3,636,1720,57296,2,1
28649,83,677.2,636,1720,57298,2,1
28650,83,677.1,636.1,1720,57300,2,1
28651,83,676.9,636.1,1720,57302,2,1
28652,83,676.9,636.1,1720,57304,2,1
28653,83,676.8,636.1,1720,57306,2,1
28654,83,676.7,635.9,1720,57308,2,1
28655,83,676.6,635.7,1720,57310,2,1
28656,83,676.4,635.7,1720,57312,2,1
28657,83,676.2,635.6,1720,57314,2,1
28658,83,675.8,635.6,1720,57316,2,1
28659,83,675.2,635.5,1720,57318,2,1
28660,83,674.6,635.5,1720,57320,2,1
28661,83,673.9,635.5,1720,57322,2,1
28662,83,673.4,635.4,1720,57324,2,1
28663,83,672.9,635.2,1720,57326,2,1
28664,83,672.5,635,1721,57328,2,1
28665,83,672.3,634.8,1721,57330,2,1
28666,83,672.2,634.7,1721,57332,2,1
28667,83,672.6,634.6,1721,57334,2,1
28668,83,673.2,634.5,1721,57336,2,1
28669,83,673.7,634.4,1721,57338,2,1
28670,83,673.9,634.4,1721,57340,2,1
28671,83,673.6,634.4,1721,57342,2,1
28672,83,673.3,634.3,1721,57344,2,1
28673,83,673.1,634.2,1721,57346,2,1
28674,83,672.7,633.9,1721,57348,2,1
28675,83,672.1,633.4,1721,57350,2,1
28676,83,671.6,632.9,1721,57352,2,1
28677,83,671.2,632.3,1721,57354,2,1
28678,83,671.4,631.7,1721,57356,2,1
28679,83,671.5,631.3,1721,57358,2,1
28680,83,671.6,630.9,1721,57360,2,1
28681,83,671.5,630.6,1722,57362,2,1
28682,83,671.5,630.7,1722,57364,2,1
28683,83,671.4,630.8,1722,57366,2,1
28684,83,671.5,631.1,1722,57368,2,1
28685,83,671.7,631.3,1722,57370,2,1
28686,83,672,631.6,1722,57372,2,1
28687,83,672.4,632,1722,57374,2,1
28688,83,672.9,632.3,1722,57376,2,1
28689,83,673.4,632.5,1722,57378,2,1
28690,83,674,632.6,1722,57380,2,1
28691,83,674.1,632.6,1722,57382,2,1
28692,83,674,632.6,1722,57384,2,1
28693,83,673.9,632.6,1722,57386,2,1
28694,83,673.7,632.6,1722,57388,2,1
28695,83,673.3,632.4,1722,57390,2,1
28696,83,673,632.6,1722,57392,2,1
28697,83,672.8,632.7,1722,57394,2,1
28698,83,673,633.2,1723,57396,2,1
28699,83,673.1,633.6,1723,57398,2,1
28700,83,673.4,634.2,1723,57400,2,1
28701,83,673.7,634.6,1723,57402,2,1
28702,83,674,635,1723,57404,2,1
28703,83,674.4,635.2,1723,57406,2,1
28704,83,674.6,635.5,1723,57408,2,1
28705,83,674.7,635.5,1723,57410,2,1
28706,83,674.9,635.5,1723,57412,2,1
28707,83,675,635.3,1723,57414,2,1
28708,83,675.1,635.3,1723,57416,2,1
28709,83,675.1,635.3,1723,57418,2,1
28710,83,675,635.4,1723,57420,2,1
28711,83,674.9,635.5,1723,57422,2,1
28712,83,674.6,635.5,1723,57424,2,1
28713,83,674.4,635.6,1723,57426,2,1
28714,83,674.2,635.8,1724,57428,2,1
28715,83,674,636.1,1724,57430,2,1
28716,83,673.7,636.3,1724,57432,2,1
28717,83,673.7,636.5,1724,57434,2,1
28718,83,674,636.7,1724,57436,2,1
28719,83,674.3,637,1724,57438,2,1
28720,83,674.5,637.3,1724,57440,2,1
28721,83,674.7,637.4,1724,57442,2,1
28722,83,674.8,637,1724,57444,2,1
28723,83,674.9,636.7,1724,57446,2,1
28724,83,674.8,636.4,1724,57448,2,1
28725,83,674.4,636.3,1724,57450,2,1
28726,83,674,636.1,1724,57452,2,1
28727,83,673.7,636.1,1724,57454,2,1
28728,83,673.4,636.2,1724,57456,2,1
28729,83,673.2,636.6,1724,57458,2,1
28730,83,673.1,636.8,1724,57460,2,1
28731,83,672.8,636.9,1725,57462,2,1
28732,83,672.5,636.8,1725,57464,2,1
28733,83,671.7,636.7,1725,57466,2,1
28734,83,671,636.5,1725,57468,2,1
28735,83,670.2,636.3,1725,57470,2,1
28736,83,669.7,636.1,1725,57472,2,1
28737,83,669.2,636,1725,57474,2,1
28738,83,669.1,635.9,1725,57476,2,1
28739,83,669.2,635.8,1725,57478,2,1
28740,83,669.9,635.6,1725,57480,2,1
28741,83,670.5,635.3,1725,57482,2,1
28742,83,671.1,635.2,1725,57484,2,1
28743,83,671.5,635.2,1725,57486,2,1
28744,83,671.8,635.1,1725,57488,2,1
28745,83,671.7,635.1,1725,57490,2,1
28746,83,671.5,635,1725,57492,2,1
28747,83,671.3,635,1725,57494,2,1
28748,83,671.1,635.1,1726,57496,2,1
28749,83,670.7,635.1,1726,57498,2,1
28750,83,670.3,634.9,1726,57500,2,1
28751,83,670,634.8,1726,57502,2,1
28752,83,669.6,634.8,1726,57504,2,1
28753,83,669.2,634.9,1726,57506,2,1
28754,83,668.8,635,1726,57508,2,1
28755,83,668.5,635,1726,57510,2,1
28756,83,668.2,635,1726,57512,2,1
28757,83,667.8,635.2,1726,57514,2,1
28758,83,667.3,635.5,1726,57516,2,1
28759,83,666.8,635.9,1726,57518,2,1
28760,83,666.4,636.4,1726,57520,2,1
28761,83,666.3,636.9,1726,57522,2,1
28762,83,666.2,637.4,1726,57524,2,1
28763,83,666.3,637.8,1726,57526,2,1
28764,83,666.3,638.2,1727,57528,2,1
28765,83,666.3,638.5,1727,57530,2,1
28766,83,666.4,638.6,1727,57532,2,1
28767,83,666.4,638.9,1727,57534,2,1
28768,83,666,639,1727,57536,2,1
28769,83,665.7,639.2,1727,57538,2,1
28770,83,665.3,639.4,1727,57540,2,1
28771,83,665.1,639.6,1727,57542,2,1
28772,83,665,639.8,1727,57544,2,1
28773,83,665.1,640,1727,57546,2,1
28774,83,665.2,639.9,1727,57548,2,1
28775,83,665.2,639.9,1727,57550,2,1
28776,83,665.5,639.8,1727,57552,2,1
28777,83,666,639.7,1727,57554,2,1
28778,83,666.6,639.5,1727,57556,2,1
28779,83,667.1,639.3,1727,57558,2,1
28780,83,667.6,639.2,1727,57560,2,1
28781,83,668.1,639,1728,57562,2,1
28782,83,668.6,638.9,1728,57564,2,1
28783,83,668.9,638.9,1728,57566,2,1
28784,83,668.9,638.9,1728,57568,2,1
28785,83,668.8,638.9,1728,57570,2,1
28786,83,668.6,638.9,1728,57572,2,1
28787,83,668.4,638.9,1728,57574,2,1
28788,83,667.8,639,1728,57576,2,1
28789,83,667.3,638.8,1728,57578,2,1
28790,83,666.8,638.6,1728,57580,2,1
28791,83,666.5,638.3,1728,57582,2,1
28792,83,666.6,638.1,1728,57584,2,1
28793,83,666.7,637.9,1728,57586,2,1
28794,83,666.9,637.7,1728,57588,2,1
28795,83,667.1,637.5,1728,57590,2,1
28796,83,667.3,637.4,1728,57592,2,1
28797,83,667.4,637,1728,57594,2,1
28798,83,667.3,636.6,1729,57596,2,1
28799,83,666.9,636.2,1729,57598,2,1
28800,83,666.6,635.8,1729,57600,2,1
28801,83,666.3,635.3,1729,57602,2,1
28802,83,666.4,634.8,1729,57604,2,1
28803,83,666.5,634.4,1729,57606,2,1
28804,83,666.3,634.4,1729,57608,2,1
28805,83,666.1,634.4,1729,57610,2,1
28806,83,665.9,634.4,1729,57612,2,1
28807,83,665.7,634.4,1729,57614,2,1
28808,83,665.5,634.5,1729,57616,2,1
28809,83,665.2,634.5,1729,57618,2,1
28810,83,664.9,634.5,1729,57620,2,1
28811,83,664.9,634.5,1729,57622,2,1
28812,83,665,634.4,1729,57624,2,1
28813,83,665.3,634.4,1729,57626,2,1
28814,83,665.5,634.3,1730,57628,2,1
28815,83,665.7,634.4,1730,57630,2,1
28816,83,665.9,634.4,1730,57632,2,1
28817,83,666.2,634.4,1730,57634,2,1
28818,83,666.4,634.4,1730,57636,2,1
28819,83,666.5,634.4,1730,57638,2,1
28820,83,666.5,634.5,1730,57640,2,1
28821,83,666.4,634.6,1730,57642,2,1
28822,83,666.2,634.7,1730,57644,2,1
28823,83,666.2,634.7,1730,57646,2,1
28824,83,666.2,634.6,1730,57648,2,1
28825,83,666.3,634.4,1730,57650,2,1
28826,83,666.3,634.1,1730,57652,2,1
28827,83,666.7,633.3,1730,57654,2,1
28828,83,667,632.6,1730,57656,2,1
28829,83,667.4,631.9,1730,57658,2,1
28830,83,667.8,631.2,1730,57660,2,1
28831,83,667.9,630.6,1731,57662,2,1
28832,83,668.1,630.1,1731,57664,2,1
28833,83,668.3,629.7,1731,57666,2,1
28834,83,668.1,629.7,1731,57668,2,1
28835,83,668,629.7,1731,57670,2,1
28836,83,667.9,629.7,1731,57672,2,1
28837,83,667.8,629.6,1731,57674,2,1
28838,83,667.9,629.5,1731,57676,2,1
28839,83,668.1,629.4,1731,57678,2,1
28840,83,668.2,629.4,1731,57680,2,1
28841,83,668.4,629.6,1731,57682,2,1
28842,83,668.5,629.7,1731,57684,2,1
28843,83,668.5,629.9,1731,57686,2,1
28844,83,668.5,630.1,1731,57688,2,1
28845,83,668.2,630.3,1731,57690,2,1
28846,83,667.7,630.6,1731,57692,2,1
28847,83,667,630.9,1731,57694,2,1
28848,83,666.3,631.1,1732,57696,2,1
28849,83,665.5,631.2,1732,57698,2,1
28850,83,664.8,631.2,1732,57700,2,1
28851,83,664.2,631.3,1732,57702,2,1
28852,83,663.5,631.4,1732,57704,2,1
28853,83,663.1,631.4,1732,57706,2,1
28854,83,662.9,631.4,1732,57708,2,1
28855,83,662.8,631.2,1732,57710,2,1
28856,83,663,631.1,1732,57712,2,1
28857,83,663.5,631,1732,57714,2,1
28858,83,664.1,631,1732,57716,2,1
28859,83,664.7,630.8,1732,57718,2,1
28860,83,665.2,630.5,1732,57720,2,1
28861,83,665.8,629.8,1732,57722,2,1
28862,83,666.2,629.2,1732,57724,2,1
28863,83,666.5,628.6,1732,57726,2,1
28864,83,666.5,628.1,1733,57728,2,1
28865,83,666.5,627.6,1733,57730,2,1
28866,83,666.5,627.2,1733,57732,2,1
28867,83,666.6,626.9,1733,57734,2,1
28868,83,666.8,627.2,1733,57736,2,1
28869,83,667.4,627.4,1733,57738,2,1
28870,83,668,627.6,1733,57740,2,1
28871,83,668.4,627.7,1733,57742,2,1
28872,83,668.6,627.8,1733,57744,2,1
28873,83,668.8,627.5,1733,57746,2,1
28874,83,668.6,627.5,1733,57748,2,1
28875,83,668.4,627.5,1733,57750,2,1
28876,83,667.8,627.5,1733,57752,2,1
28877,83,667.3,627.5,1733,57754,2,1
28878,83,666.9,627.8,1733,57756,2,1
28879,83,667.1,628,1733,57758,2,1
28880,83,667.4,628.5,1733,57760,2,1
28881,83,667.9,628.9,1734,57762,2,1
28882,83,668.3,629.1,1734,57764,2,1
28883,83,668.7,629.3,1734,57766,2,1
28884,83,668.9,629.4,1734,57768,2,1
28885,83,669,629.3,1734,57770,2,1
28886,83,668.9,629.2,1734,57772,2,1
28887,83,668.7,629,1734,57774,2,1
28888,83,668.3,628.9,1734,57776,2,1
28889,83,668.1,628.7,1734,57778,2,1
28890,83,667.9,628.6,1734,57780,2,1
28891,83,668,628.5,1734,57782,2,1
28892,83,668.1,628.4,1734,57784,2,1
28893,83,668.2,628.4,1734,57786,2,1
28894,83,668.5,628.4,1734,57788,2,1
28895,83,669,628.5,1734,57790,2,1
28896,83,669.5,628.5,1734,57792,2,1
28897,83,669.9,628.5,1734,57794,2,1
28898,83,670.1,628.5,1735,57796,2,1
28899,83,670,628.6,1735,57798,2,1
28900,83,670,628.6,1735,57800,2,1
28901,83,669.9,628.7,1735,57802,2,1
28902,83,669.6,628.8,1735,57804,2,1
28903,83,669.4,628.9,1735,57806,2,1
28904,83,669.5,629.1,1735,57808,2,1
28905,83,669.5,629.3,1735,57810,2,1
28906,83,669.8,629.5,1735,57812,2,1
28907,83,670,629.6,1735,57814,2,1
28908,83,670.2,629.7,1735,57816,2,1
28909,83,670.5,629.7,1735,57818,2,1
28910,83,670.7,629.7,1735,57820,2,1
28911,83,670.7,629.6,1735,57822,2,1
28912,83,670.8,629.6,1735,57824,2,1
28913,83,670.9,629.5,1735,57826,2,1
28914,83,671.1,629.3,1736,57828,2,1
28915,83,671.1,629.1,1736,57830,2,1
28916,83,671.2,628.9,1736,57832,2,1
28917,83,671.2,628.7,1736,57834,2,1
28918,83,671.4,628.6,1736,57836,2,1
28919,83,671.6,628.7,1736,57838,2,1
28920,83,671.8,628.8,1736,57840,2,1
28921,83,671.9,628.9,1736,57842,2,1
28922,83,672.1,629.1,1736,57844,2,1
28923,83,672.3,629.3,1736,57846,2,1
28924,83,672.4,629.4,1736,57848,2,1
28925,83,672.5,629.6,1736,57850,2,1
28926,83,672.7,629.9,1736,57852,2,1
28927,83,673.2,630.6,1736,57854,2,1
28928,83,673.7,631.3,1736,57856,2,1
28929,83,675.5,632.1,1736,57858,2,1
28930,83,677.7,633.1,1736,57860,2,1
28931,83,680.6,635.1,1737,57862,2,1
28932,83,683.7,637.4,1737,57864,2,1
28933,83,686.7,639.7,1737,57866,2,1
28934,83,689.7,641.4,1737,57868,2,1
28935,83,692.7,643.1,1737,57870,2,1
28936,83,694.4,644.4,1737,57872,2,1
28937,83,695.6,645.3,1737,57874,2,1
28938,83,696,645,1737,57876,2,1
28939,83,696,644.2,1737,57878,2,1
28940,83,695.8,643.3,1737,57880,2,1
28941,83,695.3,642.4,1737,57882,2,1
28942,83,694.9,641.7,1737,57884,2,1
28943,83,694.7,641.2,1737,57886,2,1
28944,83,694.5,641,1737,57888,2,1
28945,83,694.5,640.9,1737,57890,2,1
28946,83,694.9,640.9,1737,57892,2,1
28947,83,695.3,641,1737,57894,2,1
28948,83,695.7,641.2,1738,57896,2,1
28949,83,696.2,641.7,1738,57898,2,1
28950,83,696.4,642.2,1738,57900,2,1
28951,83,696.6,642.8,1738,57902,2,1
28952,83,696.7,643.4,1738,57904,2,1
28953,83,696.7,644,1738,57906,2,1
28954,83,696.9,644.5,1738,57908,2,1
28955,83,697.1,644.8,1738,57910,2,1
28956,83,697.4,644.9,1738,57912,2,1
28957,83,697.6,645,1738,57914,2,1
28958,83,697.8,645.2,1738,57916,2,1
28959,83,697.9,645.4,1738,57918,2,1
28960,83,697.9,645.8,1738,57920,2,1
28961,83,697.8,646.3,1738,57922,2,1
28962,83,697.5,646.7,1738,57924,2,1
28963,83,697.3,647,1738,57926,2,1
28964,83,697.1,647.2,1739,57928,2,1
28965,83,697,646.9,1739,57930,2,1
28966,83,697,646.6,1739,57932,2,1
28967,83,696.8,645.7,1739,57934,2,1
28968,83,696.6,644.8,1739,57936,2,1
28969,83,696.4,643.9,1739,57938,2,1
28970,83,696.2,643.1,1739,57940,2,1
28971,83,695.8,642.5,1739,57942,2,1
28972,83,695.4,642.3,1739,57944,2,1
28973,83,694.9,642.2,1739,57946,2,1
28974,83,694.7,642.5,1739,57948,2,1
28975,83,694.6,642.8,1739,57950,2,1
28976,83,694.5,643.3,1739,57952,2,1
28977,83,694.3,643.7,1739,57954,2,1
28978,83,694.1,644.4,1739,57956,2,1
28979,83,694,644.9,1739,57958,2,1
28980,83,693.7,645.3,1739,57960,2,1
28981,83,693.4,645.6,1740,57962,2,1
28982,83,693,645.9,1740,57964,2,1
28983,83,692.7,646,1740,57966,2,1
28984,83,692.6,646,1740,57968,2,1
28985,83,692.6,645.6,1740,57970,2,1
28986,83,692.6,645.3,1740,57972,2,1
28987,83,692.9,645,1740,57974,2,1
28988,83,693.3,644.6,1740,57976,2,1
28989,83,693.7,644.2,1740,57978,2,1
28990,83,694.1,643.7,1740,57980,2,1
28991,83,694.3,643,1740,57982,2,1
28992,83,694.4,642.3,1740,57984,2,1
28993,83,694.3,641.7,1740,57986,2,1
28994,83,694.2,641.1,1740,57988,2,1
28995,83,693.8,640.7,1740,57990,2,1
28996,83,693.4,640.4,1740,57992,2,1
28997,83,693.2,640.1,1740,57994,2,1
28998,83,693.6,640.1,1741,57996,2,1
28999,83,694,640,1741,57998,2,1
29000,83,694.6,640.1,1741,58000,2,1
29001,83,695.2,640.2,1741,58002,2,1
29002,83,696,640.2,1741,58004,2,1
29003,83,696.6,640.3,1741,58006,2,1
29004,83,697.1,640.3,1741,58008,2,1
29005,83,697.2,640.5,1741,58010,2,1
29006,83,697.3,640.6,1741,58012,2,1
29007,83,697.3,640.8,1741,58014,2,1
29008,83,697.3,640.9,1741,58016,2,1
29009,83,697.3,641.2,1741,58018,2,1
29010,83,697.1,641.6,1741,58020,2,1
29011,83,697,642.4,1741,58022,2,1
29012,83,697,643.1,1741,58024,2,1
29013,83,696.9,643.9,1741,58026,2,1
29014,83,697,644.5,1742,58028,2,1
29015,83,697.2,645,1742,58030,2,1
29016,83,697.4,645.4,1742,58032,2,1
29017,83,697.9,645.5,1742,58034,2,1
29018,83,698.3,645.1,1742,58036,2,1
29019,83,698.6,644.8,1742,58038,2,1
29020,83,698.8,644.3,1742,58040,2,1
29021,83,698.9,643.8,1742,58042,2,1
29022,83,698.9,643.4,1742,58044,2,1
29023,83,698.8,643.1,1742,58046,2,1
29024,83,698.8,643,1742,58048,2,1
29025,83,698.7,642.9,1742,58050,2,1
29026,83,698.6,642.8,1742,58052,2,1
29027,83,698.3,643.1,1742,58054,2,1
29028,83,698.1,643.5,1742,58056,2,1
29029,83,697.9,644,1742,58058,2,1
29030,83,697.7,644.1,1742,58060,2,1
29031,83,697.5,644.1,1743,58062,2,1
29032,83,697.4,644.1,1743,58064,2,1
29033,83,697.4,644,1743,58066,2,1
29034,83,697.5,643.9,1743,58068,2,1
29035,83,697.6,643.3,1743,58070,2,1
29036,83,697.7,642.8,1743,58072,2,1
29037,83,697.8,642.3,1743,58074,2,1
29038,83,697.8,641.8,1743,58076,2,1
29039,83,697.7,641.3,1743,58078,2,1
29040,83,697.6,640.7,1743,58080,2,1
29041,83,697.6,640.2,1743,58082,2,1
29042,83,697.8,640.3,1743,58084,2,1
29043,83,698,640.5,1743,58086,2,1
29044,83,698.1,640.7,1743,58088,2,1
29045,83,698.4,640.9,1743,58090,2,1
29046,83,698.6,641.1,1743,58092,2,1
29047,83,698.8,641.1,1743,58094,2,1
29048,83,698.9,641.4,1744,58096,2,1
29049,83,698.8,641.2,1744,58098,2,1
29050,83,698.8,640.8,1744,58100,2,1
29051,83,699.1,640.4,1744,58102,2,1
29052,83,699.4,640,1744,58104,2,1
29053,83,699.7,639.8,1744,58106,2,1
29054,83,700.1,639.6,1744,58108,2,1
29055,83,700.7,639.5,1744,58110,2,1
29056,83,701.2,640.2,1744,58112,2,1
29057,83,701.3,641,1744,58114,2,1
29058,83,700.7,641.7,1744,58116,2,1
29059,83,700.1,642,1744,58118,2,1
29060,83,699.5,642.1,1744,58120,2,1
29061,83,698.9,642.1,1744,58122,2,1
29062,83,698.2,641.7,1744,58124,2,1
29063,83,697.5,640.8,1744,58126,2,1
29064,83,697.2,639.9,1745,58128,2,1
29065,83,697.3,639.6,1745,58130,2,1
29066,83,697.3,639.5,1745,58132,2,1
29067,83,697.3,639.5,1745,58134,2,1
29068,83,697.4,639.6,1745,58136,2,1
29069,83,697.8,640,1745,58138,2,1
29070,83,698.1,640.4,1745,58140,2,1
29071,83,698.3,640.7,1745,58142,2,1
29072,83,698.2,640.8,1745,58144,2,1
29073,83,698.1,640.9,1745,58146,2,1
29074,83,698.1,641,1745,58148,2,1
29075,83,698.1,641.2,1745,58150,2,1
29076,83,697.8,641.4,1745,58152,2,1
29077,83,697.5,641.5,1745,58154,2,1
29078,83,697.4,641.7,1745,58156,2,1
29079,83,697.5,641.8,1745,58158,2,1
29080,83,697.4,641.8,1745,58160,2,1
29081,83,697.1,641.7,1746,58162,2,1
29082,83,696.6,641.7,1746,58164,2,1
29083,83,696.2,641.7,1746,58166,2,1
29084,83,695.8,642,1746,58168,2,1
29085,83,695.7,642.5,1746,58170,2,1
29086,83,695.6,643.1,1746,58172,2,1
29087,83,695.8,643.8,1746,58174,2,1
29088,83,696.3,644.3,1746,58176,2,1
29089,83,696.8,644.9,1746,58178,2,1
29090,83,697.3,645.1,1746,58180,2,1
29091,83,697.8,645.2,1746,58182,2,1
29092,83,697.9,644.9,1746,58184,2,1
29093,83,698.1,644.5,1746,58186,2,1
29094,83,698.2,644.1,1746,58188,2,1
29095,83,698.3,643.7,1746,58190,2,1
29096,83,698.2,643.3,1746,58192,2,1
29097,83,698.1,643.1,1746,58194,2,1
29098,83,697.7,643.1,1747,58196,2,1
29099,83,697.3,643.2,1747,58198,2,1
29100,83,696.9,643.4,1747,58200,2,1
29101,83,696.6,643.6,1747,58202,2,1
29102,83,696.3,643.8,1747,58204,2,1
29103,83,696.1,643.9,1747,58206,2,1
29104,83,695.9,643.9,1747,58208,2,1
29105,83,695.8,643.8,1747,58210,2,1
29106,83,695.4,643.4,1747,58212,2,1
29107,83,695,643.1,1747,58214,2,1
29108,83,694.5,642.8,1747,58216,2,1
29109,83,693.9,642.6,1747,58218,2,1
29110,83,693.4,641.7,1747,58220,2,1
29111,83,693,640.4,1747,58222,2,1
29112,83,693.1,639.2,1747,58224,2,1
29113,83,693.6,638,1747,58226,2,1
29114,83,694.1,637.3,1748,58228,2,1
29115,83,694.6,636.6,1748,58230,2,1
29116,83,695.2,636.3,1748,58232,2,1
29117,83,695.6,637.1,1748,58234,2,1
29118,83,696,638.2,1748,58236,2,1
29119,83,695.7,639.3,1748,58238,2,1
29120,83,695.4,640.4,1748,58240,2,1
29121,83,695.1,641.2,1748,58242,2,1
29122,83,694.7,641.9,1748,58244,2,1
29123,83,694.4,642.2,1748,58246,2,1
29124,83,694.1,641.8,1748,58248,2,1
29125,83,693.7,641.4,1748,58250,2,1
29126,83,693.3,640.9,1748,58252,2,1
29127,83,692.3,640,1748,58254,2,1
29128,83,691.5,639,1748,58256,2,1
29129,83,690.6,637.8,1748,58258,2,1
29130,83,690.2,636.8,1748,58260,2,1
29131,83,690.3,635.8,1749,58262,2,1
29132,83,690.4,634.8,1749,58264,2,1
29133,83,690.5,634.1,1749,58266,2,1
29134,83,691.2,633.8,1749,58268,2,1
29135,83,691.8,634.1,1749,58270,2,1
29136,83,692.3,634.6,1749,58272,2,1
29137,83,692.3,635.2,1749,58274,2,1
29138,83,691.8,636,1749,58276,2,1
29139,83,691.5,636.8,1749,58278,2,1
29140,83,691.4,637.5,1749,58280,2,1
29141,83,691.3,638,1749,58282,2,1
29142,83,691.2,638.2,1749,58284,2,1
29143,83,691.2,638.2,1749,58286,2,1
29144,83,691.1,638.1,1749,58288,2,1
29145,83,690.7,638,1749,58290,2,1
29146,83,690.3,637.9,1749,58292,2,1
29147,83,689.8,637.8,1749,58294,2,1
29148,83,689.4,637.7,1750,58296,2,1
29149,83,689.1,637.5,1750,58298,2,1
29150,83,689.1,637.2,1750,58300,2,1
29151,83,689.1,637.1,1750,58302,2,1
29152,83,689.8,636.9,1750,58304,2,1
29153,83,690.5,636.8,1750,58306,2,1
29154,83,691.2,636.7,1750,58308,2,1
29155,83,691.7,636.5,1750,58310,2,1
29156,83,691.9,636.6,1750,58312,2,1
29157,83,691.7,636.9,1750,58314,2,1
29158,83,691.4,637.2,1750,58316,2,1
29159,83,690.8,637.5,1750,58318,2,1
29160,83,690.1,638,1750,58320,2,1
29161,83,689.4,638.7,1750,58322,2,1
29162,83,688.6,639.3,1750,58324,2,1
29163,83,688.1,639.8,1750,58326,2,1
29164,83,687.7,640.2,1751,58328,2,1
29165,83,687.4,640.6,1751,58330,2,1
29166,83,687,640.4,1751,58332,2,1
29167,83,686.8,640,1751,58334,2,1
29168,83,686.5,639.6,1751,58336,2,1
29169,83,686.5,639.2,1751,58338,2,1
29170,83,686.4,639,1751,58340,2,1
29171,83,686.4,638.8,1751,58342,2,1
29172,83,686.4,638.4,1751,58344,2,1
29173,83,686.5,638.5,1751,58346,2,1
29174,83,686.5,638.7,1751,58348,2,1
29175,83,686.4,638.7,1751,58350,2,1
29176,83,686.4,638.6,1751,58352,2,1
29177,83,686.3,638.4,1751,58354,2,1
29178,83,686.2,638.1,1751,58356,2,1
29179,83,686.1,637.7,1751,58358,2,1
29180,83,686,637.3,1751,58360,2,1
29181,83,685.6,637,1752,58362,2,1
29182,83,685.1,636.7,1752,58364,2,1
29183,83,684.6,636.4,1752,58366,2,1
29184,83,684.2,636.2,1752,58368,2,1
29185,83,683.7,636.2,1752,58370,2,1
29186,83,683.3,636.3,1752,58372,2,1
29187,83,683,636.3,1752,58374,2,1
29188,83,683,636.4,1752,58376,2,1
29189,83,682.9,637.1,1752,58378,2,1
29190,83,683,637.7,1752,58380,2,1
29191,83,683.1,638.4,1752,58382,2,1
29192,83,683.7,639.1,1752,58384,2,1
29193,83,684.4,639.7,1752,58386,2,1
29194,83,684.8,640.3,1752,58388,2,1
29195,83,685.1,640.7,1752,58390,2,1
29196,83,684.8,640.1,1752,58392,2,1
29197,83,683.6,638.8,1752,58394,2,1
29198,83,681.7,637.6,1753,58396,2,1
29199,83,678.2,635.2,1753,58398,2,1
29200,83,674.5,631.7,1753,58400,2,1
29201,83,670.9,628.2,1753,58402,2,1
29202,83,666.7,624.9,1753,58404,2,1
29203,83,663.3,621.8,1753,58406,2,1
29204,83,660.6,619.4,1753,58408,2,1
29205,83,658.4,617,1753,58410,2,1
29206,83,657.3,616,1753,58412,2,1
29207,83,656.2,616.4,1753,58414,2,1
29208,83,655.3,616.8,1753,58416,2,1
29209,83,655,617.3,1753,58418,2,1
29210,83,654.9,617.8,1753,58420,2,1
29211,83,654.8,618.5,1753,58422,2,1
29212,83,654.8,619.2,1753,58424,2,1
29213,83,654.7,620.1,1753,58426,2,1
29214,83,654.7,620.7,1754,58428,2,1
29215,83,654.6,621.3,1754,58430,2,1
29216,83,654.5,621.8,1754,58432,2,1
29217,83,654.3,622.3,1754,58434,2,1
29218,83,653.9,622.4,1754,58436,2,1
29219,83,653.6,622.3,1754,58438,2,1
29220,83,653.6,621.9,1754,58440,2,1
29221,83,653.7,621.5,1754,58442,2,1
29222,83,653.9,621.1,1754,58444,2,1
29223,83,654.1,621.1,1754,58446,2,1
29224,83,654.4,621.1,1754,58448,2,1
29225,83,654.6,621.1,1754,58450,2,1
29226,83,654.8,621.6,1754,58452,2,1
29227,83,654.8,622,1754,58454,2,1
29228,83,654.7,622.2,1754,58456,2,1
29229,83,654.6,622.4,1754,58458,2,1
29230,83,654.4,622.4,1754,58460,2,1
29231,83,654.1,622.4,1755,58462,2,1
29232,83,653.8,622.5,1755,58464,2,1
29233,83,653.5,622.5,1755,58466,2,1
29234,83,653.3,622.9,1755,58468,2,1
29235,83,653.2,623.6,1755,58470,2,1
29236,83,653.2,624.3,1755,58472,2,1
29237,83,653.2,624.9,1755,58474,2,1
29238,83,653.3,624.7,1755,58476,2,1
29239,83,653.3,624.4,1755,58478,2,1
29240,83,653.4,623.9,1755,58480,2,1
29241,83,653.4,623.2,1755,58482,2,1
29242,83,653.4,622.3,1755,58484,2,1
29243,83,653.4,621.4,1755,58486,2,1
29244,83,653.5,620.6,1755,58488,2,1
29245,83,653.9,621,1755,58490,2,1
29246,83,654.2,621.5,1755,58492,2,1
29247,83,654.5,622,1755,58494,2,1
29248,83,654.5,622.4,1756,58496,2,1
29249,83,654.5,622.8,1756,58498,2,1
29250,83,654.4,623,1756,58500,2,1
29251,83,654.3,623.3,1756,58502,2,1
29252,83,654.2,623.2,1756,58504,2,1
29253,83,654.1,623.3,1756,58506,2,1
29254,83,654.1,623.4,1756,58508,2,1
29255,83,654.4,623.5,1756,58510,2,1
29256,83,654.7,623.7,1756,58512,2,1
29257,83,655,623.8,1756,58514,2,1
29258,83,655.2,624,1756,58516,2,1
29259,83,655.3,624.3,1756,58518,2,1
29260,83,655.3,624.4,1756,58520,2,1
29261,83,655.3,624.4,1756,58522,2,1
29262,83,655.2,624.3,1756,58524,2,1
29263,83,655.1,623.9,1756,58526,2,1
29264,83,655.1,623.4,1757,58528,2,1
29265,83,655.2,622.9,1757,58530,2,1
29266,83,655.3,622.9,1757,58532,2,1
29267,83,655.4,622.8,1757,58534,2,1
29268,83,655.5,622.7,1757,58536,2,1
29269,83,655.8,622.8,1757,58538,2,1
29270,83,656,623.3,1757,58540,2,1
29271,83,656.2,623.9,1757,58542,2,1
29272,83,656.2,624.6,1757,58544,2,1
29273,83,656,624.8,1757,58546,2,1
29274,83,655.8,625.7,1757,58548,2,1
29275,83,655.6,626.6,1757,58550,2,1
29276,83,655.3,627.4,1757,58552,2,1
29277,83,655.1,627.9,1757,58554,2,1
29278,83,654.9,628.1,1757,58556,2,1
29279,83,655,628.3,1757,58558,2,1
29280,83,655.2,627.9,1757,58560,2,1
29281,83,655.3,627.1,1758,58562,2,1
29282,83,655.2,626.3,1758,58564,2,1
29283,83,655.2,625.6,1758,58566,2,1
29284,83,655.1,625.6,1758,58568,2,1
29285,83,654.9,625.7,1758,58570,2,1
29286,83,654.6,626.1,1758,58572,2,1
29287,83,654.4,626.7,1758,58574,2,1
29288,83,654.4,627.3,1758,58576,2,1
29289,83,654.7,627.6,1758,58578,2,1
29290,83,655.1,628,1758,58580,2,1
29291,83,655.4,628,1758,58582,2,1
29292,83,655.7,628,1758,58584,2,1
29293,83,656,627.9,1758,58586,2,1
29294,83,656.3,627.8,1758,58588,2,1
29295,83,656.5,627.7,1758,58590,2,1
29296,83,656.5,627.7,1758,58592,2,1
29297,83,656.6,627.6,1758,58594,2,1
29298,83,656.7,627.5,1759,58596,2,1
29299,83,657,627.3,1759,58598,2,1
29300,83,657.6,627.2,1759,58600,2,1
29301,83,658.3,626.9,1759,58602,2,1
29302,83,658.9,626.6,1759,58604,2,1
29303,83,659.5,626.3,1759,58606,2,1
29304,83,660,626.1,1759,58608,2,1
29305,83,660.2,626,1759,58610,2,1
29306,83,659.7,625.7,1759,58612,2,1
29307,83,658.7,625.5,1759,58614,2,1
29308,83,657.5,625.2,1759,58616,2,1
29309,83,656.2,624.8,1759,58618,2,1
29310,83,654.9,624.5,1759,58620,2,1
29311,83,653.9,624.3,1759,58622,2,1
29312,83,653.1,624.3,1759,58624,2,1
29313,83,653.9,624.3,1759,58626,2,1
29314,83,654.6,624.5,1760,58628,2,1
29315,83,655.7,624.7,1760,58630,2,1
29316,83,656.8,624.8,1760,58632,2,1
29317,83,657.9,624.2,1760,58634,2,1
29318,83,659.2,623.5,1760,58636,2,1
29319,83,660.3,622.2,1760,58638,2,1
29320,83,660.7,621.1,1760,58640,2,1
29321,83,661.2,620.1,1760,58642,2,1
29322,83,661.6,619.2,1760,58644,2,1
29323,83,662,618.3,1760,58646,2,1
29324,83,662.3,617.9,1760,58648,2,1
29325,83,662.5,617.8,1760,58650,2,1
29326,83,662.7,618.2,1760,58652,2,1
29327,83,662.7,618.7,1760,58654,2,1
29328,83,662.6,619,1760,58656,2,1
29329,83,662.4,619,1760,58658,2,1
29330,83,662.2,619.1,1760,58660,2,1
29331,83,661.9,619.1,1761,58662,2,1
29332,83,661.6,619,1761,58664,2,1
29333,83,661.3,618.9,1761,58666,2,1
29334,83,661,618.8,1761,58668,2,1
29335,83,660.7,618.8,1761,58670,2,1
29336,83,660.5,618.9,1761,58672,2,1
29337,83,660.4,619,1761,58674,2,1
29338,83,660.3,619.1,1761,58676,2,1
29339,83,660.4,619.2,1761,58678,2,1
29340,83,660.6,619.1,1761,58680,2,1
29341,83,660.9,618.6,1761,58682,2,1
29342,83,661.1,618.2,1761,58684,2,1
29343,83,661.3,617.8,1761,58686,2,1
29344,83,661.4,617,1761,58688,2,1
29345,83,661.5,616.3,1761,58690,2,1
29346,83,661.3,615.5,1761,58692,2,1
29347,83,660.6,614.8,1761,58694,2,1
29348,83,659.9,614.6,1762,58696,2,1
29349,83,659.3,614.5,1762,58698,2,1
29350,83,658.8,614.5,1762,58700,2,1
29351,83,658.3,614.6,1762,58702,2,1
29352,83,657.9,614.5,1762,58704,2,1
29353,83,658.3,614.6,1762,58706,2,1
29354,83,659.2,614.8,1762,58708,2,1
29355,83,660.1,614.8,1762,58710,2,1
29356,83,660.9,614.8,1762,58712,2,1
29357,83,661.7,615,1762,58714,2,1
29358,83,662.4,615.1,1762,58716,2,1
29359,83,663.2,615.6,1762,58718,2,1
29360,83,662.6,616,1762,58720,2,1
29361,83,662,616,1762,58722,2,1
29362,83,661.4,616,1762,58724,2,1
29363,83,660.8,616,1762,58726,2,1
29364,83,660.1,615.7,1763,58728,2,1
29365,83,659.4,615.4,1763,58730,2,1
29366,83,658.7,615.1,1763,58732,2,1
29367,83,658.7,614.8,1763,58734,2,1
29368,83,658.8,614.7,1763,58736,2,1
29369,83,659,614.6,1763,58738,2,1
29370,83,659.3,614.5,1763,58740,2,1
29371,83,659.6,614.5,1763,58742,2,1
29372,83,659.9,614.4,1763,58744,2,1
29373,83,660.1,614,1763,58746,2,1
29374,83,660.3,613.5,1763,58748,2,1
29375,83,660.6,612.7,1763,58750,2,1
29376,83,660.8,611.9,1763,58752,2,1
29377,83,660.9,611.1,1763,58754,2,1
29378,83,660.9,610.3,1763,58756,2,1
29379,83,660.9,609.6,1763,58758,2,1
29380,83,660.9,609.5,1763,58760,2,1
29381,83,660.9,609.3,1764,58762,2,1
29382,83,660.9,609.8,1764,58764,2,1
29383,83,661.2,610.2,1764,58766,2,1
29384,83,661.6,610.6,1764,58768,2,1
29385,83,662.2,610.6,1764,58770,2,1
29386,83,662.8,610.7,1764,58772,2,1
29387,83,663.8,610.5,1764,58774,2,1
29388,83,664.8,610.4,1764,58776,2,1
29389,83,665.8,609.9,1764,58778,2,1
29390,83,666.4,609.4,1764,58780,2,1
29391,83,667,608.8,1764,58782,2,1
29392,83,667.5,608.6,1764,58784,2,1
29393,83,668,608.4,1764,58786,2,1
29394,83,667.9,608.3,1764,58788,2,1
29395,83,667.9,608,1764,58790,2,1
29396,83,667.7,607.8,1764,58792,2,1
29397,83,667.4,607.5,1764,58794,2,1
29398,83,667,607,1765,58796,2,1
29399,83,666.5,606.6,1765,58798,2,1
29400,83,666.1,606.1,1765,58800,2,1
29401,83,665.7,605.7,1765,58802,2,1
29402,83,665.5,605.3,1765,58804,2,1
29403,83,665.3,605,1765,58806,2,1
29404,83,665.2,604.6,1765,58808,2,1
29405,83,665.3,605.1,1765,58810,2,1
29406,83,665.4,605.6,1765,58812,2,1
29407,83,665.3,606,1765,58814,2,1
29408,83,665.1,606.4,1765,58816,2,1
29409,83,664.8,606.7,1765,58818,2,1
29410,83,664.6,606.9,1765,58820,2,1
29411,83,664.4,607,1765,58822,2,1
29412,83,664.4,606.6,1765,58824,2,1
29413,83,664.5,606.1,1765,58826,2,1
29414,83,664.8,605.9,1766,58828,2,1
29415,83,665.2,605.7,1766,58830,2,1
29416,83,665.5,605.5,1766,58832,2,1
29417,83,665.9,605.4,1766,58834,2,1
29418,83,666.2,605.4,1766,58836,2,1
29419,83,666.6,605.4,1766,58838,2,1
29420,83,666.9,605.4,1766,58840,2,1
29421,83,667.1,605.4,1766,58842,2,1
29422,83,667.4,605.5,1766,58844,2,1
29423,83,667.6,605.4,1766,58846,2,1
29424,83,667.9,605.3,1766,58848,2,1
29425,83,668.1,605.3,1766,58850,2,1
29426,83,668.1,605.4,1766,58852,2,1
29427,83,668.2,605.7,1766,58854,2,1
29428,83,668.2,606,1766,58856,2,1
29429,83,668.3,606.1,1766,58858,2,1
29430,83,668.4,606,1766,58860,2,1
29431,83,668.4,605.5,1767,58862,2,1
29432,83,668.5,605,1767,58864,2,1
29433,83,668.5,604.6,1767,58866,2,1
29434,83,668.5,604.5,1767,58868,2,1
29435,83,668.5,604.2,1767,58870,2,1
29436,83,668.5,604.1,1767,58872,2,1
29437,83,668.7,603.9,1767,58874,2,1
29438,83,668.9,604.2,1767,58876,2,1
29439,83,669.1,604.2,1767,58878,2,1
29440,83,669.3,604.1,1767,58880,2,1
29441,83,669.5,603.9,1767,58882,2,1
29442,83,669.6,603.6,1767,58884,2,1
29443,83,669.6,603.5,1767,58886,2,1
29444,83,669.5,603.7,1767,58888,2,1
29445,83,669.6,603.9,1767,58890,2,1
29446,83,669.5,604.4,1767,58892,2,1
29447,83,669.3,604.8,1767,58894,2,1
29448,83,669.2,605,1768,58896,2,1
29449,83,669,605.2,1768,58898,2,1
29450,83,668.8,605.3,1768,58900,2,1
29451,83,668.6,605.2,1768,58902,2,1
29452,83,668.2,605.1,1768,58904,2,1
29453,83,668,605.4,1768,58906,2,1
29454,83,667.8,605.7,1768,58908,2,1
29455,83,667.8,606.3,1768,58910,2,1
29456,83,667.9,607.1,1768,58912,2,1
29457,83,667.9,608,1768,58914,2,1
29458,83,668,608.7,1768,58916,2,1
29459,83,668.3,609.3,1768,58918,2,1
29460,83,668.5,609.6,1768,58920,2,1
29461,83,668.6,610,1768,58922,2,1
29462,83,668.5,610.4,1768,58924,2,1
29463,83,668.5,610.6,1768,58926,2,1
29464,83,668.7,611.1,1769,58928,2,1
29465,83,669.1,611.5,1769,58930,2,1
29466,83,669.5,611.5,1769,58932,2,1
29467,83,670.1,611.3,1769,58934,2,1
29468,83,670.7,611,1769,58936,2,1
29469,83,671.5,610.6,1769,58938,2,1
29470,83,672.2,610.2,1769,58940,2,1
29471,83,672.8,609.4,1769,58942,2,1
29472,83,672.9,608.6,1769,58944,2,1
29473,83,672.8,608.2,1769,58946,2,1
29474,83,672.5,608.1,1769,58948,2,1
29475,83,672.1,608.2,1769,58950,2,1
29476,83,671.6,608.6,1769,58952,2,1
29477,83,670.9,609,1769,58954,2,1
29478,83,670.2,609.5,1769,58956,2,1
29479,83,669.6,609.9,1769,58958,2,1
29480,83,669.2,610.4,1769,58960,2,1
29481,83,669,610.7,1770,58962,2,1
29482,83,669.2,611,1770,58964,2,1
29483,83,669.5,611,1770,58966,2,1
29484,83,670.1,611,1770,58968,2,1
29485,83,670.6,611.1,1770,58970,2,1
29486,83,670.9,611.5,1770,58972,2,1
29487,83,670.7,611.9,1770,58974,2,1
29488,83,670.5,612.3,1770,58976,2,1
29489,83,669.9,612.7,1770,58978,2,1
29490,83,669.2,613.2,1770,58980,2,1
29491,83,668.5,613.6,1770,58982,2,1
29492,83,668.1,614.1,1770,58984,2,1
29493,83,667.9,613.6,1770,58986,2,1
29494,83,668.2,613,1770,58988,2,1
29495,83,668.5,612.3,1770,58990,2,1
29496,83,668.8,611.8,1770,58992,2,1
29497,83,669.3,611.4,1770,58994,2,1
29498,83,669.7,610.9,1771,58996,2,1
29499,83,670.2,610.5,1771,58998,2,1
29500,83,670.4,610.7,1771,59000,2,1
29501,83,670.7,610.9,1771,59002,2,1
29502,83,671.3,611.2,1771,59004,2,1
29503,83,671.9,611.3,1771,59006,2,1
29504,83,672.5,611.3,1771,59008,2,1
29505,83,672.9,611.5,1771,59010,2,1
29506,83,673.2,611.8,1771,59012,2,1
29507,83,673.2,612.1,1771,59014,2,1
29508,83,673.2,613.1,1771,59016,2,1
29509,83,672.9,614,1771,59018,2,1
29510,83,672.5,614.9,1771,59020,2,1
29511,83,672.2,615.7,1771,59022,2,1
29512,83,671.9,616.5,1771,59024,2,1
29513,83,671.6,617.4,1771,59026,2,1
29514,83,671.4,618.4,1772,59028,2,1
29515,83,671.3,618.8,1772,59030,2,1
29516,83,671.2,619,1772,59032,2,1
29517,83,671.1,619.2,1772,59034,2,1
29518,83,671,619.5,1772,59036,2,1
29519,83,671.1,619.7,1772,59038,2,1
29520,83,671.4,619.9,1772,59040,2,1
29521,83,671.6,620,1772,59042,2,1
29522,83,671.9,620.2,1772,59044,2,1
29523,83,672,620.4,1772,59046,2,1
29524,83,671.8,620.6,1772,59048,2,1
29525,83,670.9,621.6,1772,59050,2,1
29526,83,669.7,622.6,1772,59052,2,1
29527,83,668.2,624.4,1772,59054,2,1
29528,83,666.7,626.1,1772,59056,2,1
29529,83,664.9,627.7,1772,59058,2,1
29530,83,663.3,629.2,1772,59060,2,1
29531,83,661.9,630.9,1773,59062,2,1
29532,83,661.3,631.8,1773,59064,2,1
29533,83,660.7,632.6,1773,59066,2,1
29534,83,660.4,632.6,1773,59068,2,1
29535,83,660,632.5,1773,59070,2,1
29536,83,659.9,631.9,1773,59072,2,1
29537,83,660,631.3,1773,59074,2,1
29538,83,660.6,630.5,1773,59076,2,1
29539,83,661.2,629.7,1773,59078,2,1
29540,83,661.8,629,1773,59080,2,1
29541,83,662.3,628.5,1773,59082,2,1
29542,83,662.9,628.1,1773,59084,2,1
29543,83,663.4,629,1773,59086,2,1
29544,83,663.7,629.9,1773,59088,2,1
29545,83,663.4,630.9,1773,59090,2,1
29546,83,663.2,632.1,1773,59092,2,1
29547,83,662.6,633.2,1773,59094,2,1
29548,83,662.1,634.2,1774,59096,2,1
29549,83,661.6,635,1774,59098,2,1
29550,83,661.1,635,1774,59100,2,1
29551,83,661,634.8,1774,59102,2,1
29552,83,660.9,634.9,1774,59104,2,1
29553,83,660.8,634.6,1774,59106,2,1
29554,83,661.1,634.3,1774,59108,2,1
29555,83,661.3,634.4,1774,59110,2,1
29556,83,661.6,634.6,1774,59112,2,1
29557,83,661.8,634.9,1774,59114,2,1
29558,83,661.7,635.3,1774,59116,2,1
29559,83,661.6,635.7,1774,59118,2,1
29560,83,661.3,635.8,1774,59120,2,1
29561,83,660.9,635.9,1774,59122,2,1
29562,83,660.5,635.9,1774,59124,2,1
29563,83,660.1,636,1774,59126,2,1
29564,83,660.2,636.1,1775,59128,2,1
29565,83,660.3,635.9,1775,59130,2,1
29566,83,660.4,635.6,1775,59132,2,1
29567,83,660.7,635.6,1775,59134,2,1
29568,83,661.1,635.6,1775,59136,2,1
29569,83,661.5,635.6,1775,59138,2,1
29570,83,662,635.7,1775,59140,2,1
29571,83,661.9,635.7,1775,59142,2,1
29572,83,661.9,635.7,1775,59144,2,1
29573,83,662.1,635.8,1775,59146,2,1
29574,83,662.3,635.9,1775,59148,2,1
29575,83,662.5,636,1775,59150,2,1
29576,83,662.6,636.3,1775,59152,2,1
29577,83,662.6,636.1,1775,59154,2,1
29578,83,662.6,635.7,1775,59156,2,1
29579,83,662.4,635.4,1775,59158,2,1
29580,83,662,635.3,1775,59160,2,1
29581,83,661.7,635.1,1776,59162,2,1
29582,83,661.5,636,1776,59164,2,1
29583,83,661.7,636.8,1776,59166,2,1
29584,83,661.8,638.3,1776,59168,2,1
29585,83,662.1,639.5,1776,59170,2,1
29586,83,662.5,640.5,1776,59172,2,1
29587,83,662.9,641.2,1776,59174,2,1
29588,83,663.3,641.9,1776,59176,2,1
29589,83,663.3,641.4,1776,59178,2,1
29590,83,662.4,640.9,1776,59180,2,1
29591,83,661.4,640.5,1776,59182,2,1
29592,83,660.4,640.2,1776,59184,2,1
29593,83,660,639.9,1776,59186,2,1
29594,83,660,639.1,1776,59188,2,1
29595,83,659.9,638.4,1776,59190,2,1
29596,83,660,637.7,1776,59192,2,1
29597,83,660.9,637.2,1776,59194,2,1
29598,83,661.7,637.2,1777,59196,2,1
29599,83,662.4,637.3,1777,59198,2,1
29600,83,662.1,637.6,1777,59200,2,1
29601,83,661.5,638.4,1777,59202,2,1
29602,83,660.8,639.2,1777,59204,2,1
29603,83,660.1,639.9,1777,59206,2,1
29604,83,659.1,640.5,1777,59208,2,1
29605,83,658.3,640.6,1777,59210,2,1
29606,83,657.6,640.3,1777,59212,2,1
29607,83,657.4,639.9,1777,59214,2,1
29608,83,657.2,639.5,1777,59216,2,1
29609,83,657,639.3,1777,59218,2,1
29610,83,656.8,639.2,1777,59220,2,1
29611,83,656.8,639.3,1777,59222,2,1
29612,83,656.8,639.4,1777,59224,2,1
29613,83,656.8,639.8,1777,59226,2,1
29614,83,656.7,640.1,1778,59228,2,1
29615,83,656.5,640.2,1778,59230,2,1
29616,83,656.4,640.1,1778,59232,2,1
29617,83,656.2,639.9,1778,59234,2,1
29618,83,656,639.5,1778,59236,2,1
29619,83,655.9,639,1778,59238,2,1
29620,83,655.7,638.5,1778,59240,2,1
29621,83,655.2,638,1778,59242,2,1
29622,83,654.8,637.9,1778,59244,2,1
29623,83,654.5,638,1778,59246,2,1
29624,83,654.1,638.7,1778,59248,2,1
29625,83,653.5,639.2,1778,59250,2,1
29626,83,653,639.6,1778,59252,2,1
29627,83,652.5,640.1,1778,59254,2,1
29628,83,652.3,640.7,1778,59256,2,1
29629,83,652.1,641.2,1778,59258,2,1
29630,83,652.1,641.7,1778,59260,2,1
29631,83,652.3,641.7,1779,59262,2,1
29632,83,652.7,642,1779,59264,2,1
29633,83,653.2,642.7,1779,59266,2,1
29634,83,653.7,643.4,1779,59268,2,1
29635,83,654.8,644,1779,59270,2,1
29636,83,655.7,644.3,1779,59272,2,1
29637,83,656.6,644.1,1779,59274,2,1
29638,83,656.9,643.8,1779,59276,2,1
29639,83,657,643.4,1779,59278,2,1
29640,83,657,642.7,1779,59280,2,1
29641,83,656.9,642,1779,59282,2,1
29642,83,656.3,641.4,1779,59284,2,1
29643,83,655.3,641,1779,59286,2,1
29644,83,654.3,640.9,1779,59288,2,1
29645,83,653.6,640.7,1779,59290,2,1
29646,83,652.8,640.6,1779,59292,2,1
29647,83,652,640.5,1779,59294,2,1
29648,83,651.2,640.3,1780,59296,2,1
29649,83,650.4,640,1780,59298,2,1
29650,83,649.6,639.7,1780,59300,2,1
29651,83,648.8,639.7,1780,59302,2,1
29652,83,648.2,639.7,1780,59304,2,1
29653,83,648.1,639.7,1780,59306,2,1
29654,83,648,639.9,1780,59308,2,1
29655,83,647.9,640.1,1780,59310,2,1
29656,83,647.7,640.4,1780,59312,2,1
29657,83,648.1,640.5,1780,59314,2,1
29658,83,648.4,640,1780,59316,2,1
29659,83,648.9,639.5,1780,59318,2,1
29660,83,649.2,639.1,1780,59320,2,1
29661,83,649.5,638.7,1780,59322,2,1
29662,83,649.8,638.2,1780,59324,2,1
29663,83,650.2,637.9,1780,59326,2,1
29664,83,650.6,637.9,1781,59328,2,1
29665,83,651.1,638.4,1781,59330,2,1
29666,83,651.3,638.9,1781,59332,2,1
29667,83,651.6,639.2,1781,59334,2,1
29668,83,651.8,639.4,1781,59336,2,1
29669,83,652,639.4,1781,59338,2,1
29670,83,652.1,639.4,1781,59340,2,1
29671,83,652.2,639.2,1781,59342,2,1
29672,83,652.3,638.9,1781,59344,2,1
29673,83,652.2,638.6,1781,59346,2,1
29674,83,651.6,638.4,1781,59348,2,1
29675,83,651,638.2,1781,59350,2,1
29676,83,650.5,638,1781,59352,2,1
29677,83,649.9,637.7,1781,59354,2,1
29678,83,649.4,637.3,1781,59356,2,1
29679,83,648.9,636.9,1781,59358,2,1
29680,83,648.5,636.9,1781,59360,2,1
29681,83,648.6,636.9,1782,59362,2,1
29682,83,648.7,636.9,1782,59364,2,1
29683,83,648.8,636.9,1782,59366,2,1
29684,83,648.8,637.3,1782,59368,2,1
29685,83,648.9,637.8,1782,59370,2,1
29686,83,648.9,638.4,1782,59372,2,1
29687,83,648.9,639.6,1782,59374,2,1
29688,83,649.6,640.8,1782,59376,2,1
29689,83,650.3,641.9,1782,59378,2,1
29690,83,651,643.1,1782,59380,2,1
29691,83,651.7,643.9,1782,59382,2,1
29692,83,652.2,644.4,1782,59384,2,1
29693,83,652.8,643.9,1782,59386,2,1
29694,83,653.4,642,1782,59388,2,1
29695,83,653.4,640.2,1782,59390,2,1
29696,83,653.4,638.4,1782,59392,2,1
29697,83,653.4,636.5,1782,59394,2,1
29698,83,653.5,634.8,1783,59396,2,1
29699,83,653.8,633.8,1783,59398,2,1
29700,83,654,633.6,1783,59400,2,1
29701,83,654.2,634.2,1783,59402,2,1
29702,83,654.3,634.8,1783,59404,2,1
29703,83,654.5,635.4,1783,59406,2,1
29704,83,654.6,637,1783,59408,2,1
29705,83,654.6,638.5,1783,59410,2,1
29706,83,654.7,639.5,1783,59412,2,1
29707,83,654.8,640.1,1783,59414,2,1
29708,83,654.9,640.4,1783,59416,2,1
29709,83,654.8,640.7,1783,59418,2,1
29710,83,654.7,641,1783,59420,2,1
29711,83,654.6,640.5,1783,59422,2,1
29712,83,654.4,640,1783,59424,2,1
29713,83,654.2,639.5,1783,59426,2,1
29714,83,653.8,639.5,1784,59428,2,1
29715,83,653.5,639.5,1784,59430,2,1
29716,83,653,639.5,1784,59432,2,1
29717,83,652.2,639.6,1784,59434,2,1
29718,83,651.5,639.8,1784,59436,2,1
29719,83,650.9,640,1784,59438,2,1
29720,83,650.6,640.3,1784,59440,2,1
29721,83,650.9,640.4,1784,59442,2,1
29722,83,651.4,640.6,1784,59444,2,1
29723,83,652.2,640.8,1784,59446,2,1
29724,83,653.2,640.7,1784,59448,2,1
29725,83,654.1,640.4,1784,59450,2,1
29726,83,654.9,640,1784,59452,2,1
29727,83,655.6,639.5,1784,59454,2,1
29728,83,655.6,639.1,1784,59456,2,1
29729,83,655.5,638.6,1784,59458,2,1
29730,83,655.5,638.2,1784,59460,2,1
29731,83,655.4,637.9,1785,59462,2,1
29732,83,655.3,637.9,1785,59464,2,1
29733,83,655,637.9,1785,59466,2,1
29734,83,654.7,638.1,1785,59468,2,1
29735,83,654.1,638.3,1785,59470,2,1
29736,83,653.5,638.7,1785,59472,2,1
29737,83,652.9,638.9,1785,59474,2,1
29738,83,652.3,639,1785,59476,2,1
29739,83,651.7,638.6,1785,59478,2,1
29740,83,651.4,638.1,1785,59480,2,1
29741,83,651.3,637.7,1785,59482,2,1
29742,83,652.3,637.1,1785,59484,2,1
29743,83,653.2,636.5,1785,59486,2,1
29744,83,654.4,636,1785,59488,2,1
29745,83,655.6,635.6,1785,59490,2,1
29746,83,656.7,635.6,1785,59492,2,1
29747,83,657.9,635.6,1785,59494,2,1
29748,83,658.1,635.6,1786,59496,2,1
29749,83,657.6,635.7,1786,59498,2,1
29750,83,657,635.8,1786,59500,2,1
29751,83,655.7,636.3,1786,59502,2,1
29752,83,654.4,636.8,1786,59504,2,1
29753,83,653.1,637.2,1786,59506,2,1
29754,83,651.7,637.7,1786,59508,2,1
29755,83,651.1,638.2,1786,59510,2,1
29756,83,651.1,638.7,1786,59512,2,1
29757,83,651.2,639.3,1786,59514,2,1
29758,83,651.8,639.5,1786,59516,2,1
29759,83,652.5,639.8,1786,59518,2,1
29760,83,653.3,640.1,1786,59520,2,1
29761,83,654.2,640.2,1786,59522,2,1
29762,83,655.1,640.4,1786,59524,2,1
29763,83,655.3,640.5,1786,59526,2,1
29764,83,655.5,640,1787,59528,2,1
29765,83,655.7,639.5,1787,59530,2,1
29766,83,655.9,639.1,1787,59532,2,1
29767,83,655.9,638.8,1787,59534,2,1
29768,83,656,638.5,1787,59536,2,1
29769,83,656,638.3,1787,59538,2,1
29770,83,655.5,637.7,1787,59540,2,1
29771,83,655,637.6,1787,59542,2,1
29772,83,654.5,637.4,1787,59544,2,1
29773,83,653.9,637.2,1787,59546,2,1
29774,83,653.4,636.8,1787,59548,2,1
29775,83,653,636.3,1787,59550,2,1
29776,83,652.6,635.9,1787,59552,2,1
29777,83,652.7,635.9,1787,59554,2,1
29778,83,652.8,636.4,1787,59556,2,1
29779,83,653,636.9,1787,59558,2,1
29780,83,653.2,637.5,1787,59560,2,1
29781,83,653.4,638.4,1788,59562,2,1
29782,83,653.5,639.3,1788,59564,2,1
29783,83,653.7,640.1,1788,59566,2,1
29784,83,653.9,640.7,1788,59568,2,1
29785,83,653.9,640.8,1788,59570,2,1
29786,83,654,640.9,1788,59572,2,1
29787,83,654,641,1788,59574,2,1
29788,83,653.9,641,1788,59576,2,1
29789,83,653.3,641.3,1788,59578,2,1
29790,83,652.7,641.5,1788,59580,2,1
29791,83,652.1,641.7,1788,59582,2,1
29792,83,651.5,641.8,1788,59584,2,1
29793,83,650.5,641.8,1788,59586,2,1
29794,83,649.6,641.9,1788,59588,2,1
29795,83,648.7,642.1,1788,59590,2,1
29796,83,648.4,642.1,1788,59592,2,1
29797,83,648.3,642.1,1788,59594,2,1
29798,83,648.3,642,1789,59596,2,1
29799,83,648.4,642,1789,59598,2,1
29800,83,648.8,642,1789,59600,2,1
29801,83,649.3,641.8,1789,59602,2,1
29802,83,649.8,641.6,1789,59604,2,1
29803,83,650.3,641.3,1789,59606,2,1
29804,83,650.6,641.2,1789,59608,2,1
29805,83,650.8,641,1789,59610,2,1
29806,83,651.2,640.9,1789,59612,2,1
29807,83,651.5,640.8,1789,59614,2,1
29808,83,651.8,640.9,1789,59616,2,1
29809,83,652.1,641.1,1789,59618,2,1
29810,83,652.3,641.2,1789,59620,2,1
29811,83,652.4,641.2,1789,59622,2,1
29812,83,651.7,641.2,1789,59624,2,1
29813,83,650.8,641.1,1789,59626,2,1
29814,83,649.9,641,1790,59628,2,1
29815,83,649,640.8,1790,59630,2,1
29816,83,648,640.4,1790,59632,2,1
29817,83,647.1,640.1,1790,59634,2,1
29818,83,646.2,639.2,1790,59636,2,1
29819,83,646.3,638.2,1790,59638,2,1
29820,83,646.5,637.1,1790,59640,2,1
29821,83,646.8,636.1,1790,59642,2,1
29822,83,647.1,635.2,1790,59644,2,1
29823,83,648,634.6,1790,59646,2,1
29824,83,648.9,633.8,1790,59648,2,1
29825,83,649.8,633.6,1790,59650,2,1
29826,83,650.6,633.5,1790,59652,2,1
29827,83,651.3,633.5,1790,59654,2,1
29828,83,651.9,633.4,1790,59656,2,1
29829,83,652.6,633.3,1790,59658,2,1
29830,83,652.7,633.4,1790,59660,2,1
29831,83,652.8,633.8,1791,59662,2,1
29832,83,652.8,634.3,1791,59664,2,1
29833,83,652.8,634.7,1791,59666,2,1
29834,83,652.7,635,1791,59668,2,1
29835,83,651.8,635.4,1791,59670,2,1
29836,83,650.9,636.2,1791,59672,2,1
29837,83,649.8,637.1,1791,59674,2,1
29838,83,648.8,637.7,1791,59676,2,1
29839,83,647.8,638.2,1791,59678,2,1
29840,83,646.8,638.5,1791,59680,2,1
29841,83,645.9,637.6,1791,59682,2,1
29842,83,645.9,636.7,1791,59684,2,1
29843,83,645.9,635.3,1791,59686,2,1
29844,83,646,632.8,1791,59688,2,1
29845,83,645.6,630.3,1791,59690,2,1
29846,83,645.1,627.5,1791,59692,2,1
29847,83,644.2,623.6,1791,59694,2,1
29848,83,641.8,619.8,1792,59696,2,1
29849,83,639.4,614.6,1792,59698,2,1
29850,83,637,608.3,1792,59700,2,1
29851,83,633.2,601.6,1792,59702,2,1
29852,83,630,594.9,1792,59704,2,1
29853,83,626.5,588.7,1792,59706,2,1
29854,83,623.1,583.7,1792,59708,2,1
29855,83,621.1,579.8,1792,59710,2,1
29856,83,619,577.9,1792,59712,2,1
29857,83,616.8,577.5,1792,59714,2,1
29858,83,616.1,579.3,1792,59716,2,1
29859,83,615.3,582,1792,59718,2,1
29860,83,614.7,584.5,1792,59720,2,1
29861,83,614.6,586.9,1792,59722,2,1
29862,83,614.6,589.3,1792,59724,2,1
29863,83,614.6,591,1792,59726,2,1
29864,83,614.7,591.4,1793,59728,2,1
29865,83,615,590.5,1793,59730,2,1
29866,83,615.3,588.7,1793,59732,2,1
29867,83,615.6,586.8,1793,59734,2,1
29868,83,615.8,584.8,1793,59736,2,1
29869,83,616.1,583,1793,59738,2,1
29870,83,616.3,581.2,1793,59740,2,1
29871,83,616.5,580.6,1793,59742,2,1
29872,83,615.7,580.6,1793,59744,2,1
29873,83,614.8,581,1793,59746,2,1
29874,83,614,581.6,1793,59748,2,1
29875,83,613.2,582.3,1793,59750,2,1
29876,83,612.4,582.9,1793,59752,2,1
29877,83,611.6,583.4,1793,59754,2,1
29878,83,610.8,583.7,1793,59756,2,1
29879,83,610.7,583.7,1793,59758,2,1
29880,83,610.8,583.2,1793,59760,2,1
29881,83,611.1,582.7,1794,59762,2,1
29882,83,612,582.2,1794,59764,2,1
29883,83,612.8,581.7,1794,59766,2,1
29884,83,613.6,581.4,1794,59768,2,1
29885,83,614.4,581.4,1794,59770,2,1
29886,83,615.2,581.6,1794,59772,2,1
29887,83,615.8,581.8,1794,59774,2,1
29888,83,616.3,582.3,1794,59776,2,1
29889,83,616.2,583.1,1794,59778,2,1
29890,83,616.1,583.8,1794,59780,2,1
29891,83,615.9,584.5,1794,59782,2,1
29892,83,615.4,585,1794,59784,2,1
29893,83,614.8,585.2,1794,59786,2,1
29894,83,614.2,585.2,1794,59788,2,1
29895,83,613.3,585,1794,59790,2,1
29896,83,612.1,584.4,1794,59792,2,1
29897,83,610.9,583.7,1794,59794,2,1
29898,83,610,583.2,1795,59796,2,1
29899,83,609.5,582.6,1795,59798,2,1
29900,83,609,582.4,1795,59800,2,1
29901,83,608.6,582.2,1795,59802,2,1
29902,83,608.5,582.1,1795,59804,2,1
29903,83,608.7,582.2,1795,59806,2,1
29904,83,608.9,582.5,1795,59808,2,1
29905,83,609,582.7,1795,59810,2,1
29906,83,608.9,582.8,1795,59812,2,1
29907,83,608.9,582.5,1795,59814,2,1
29908,83,608.8,582.2,1795,59816,2,1
29909,83,608.8,581.9,1795,59818,2,1
29910,83,608.9,581.5,1795,59820,2,1
29911,83,608.9,581,1795,59822,2,1
29912,83,609,580.7,1795,59824,2,1
29913,83,608.9,580.5,1795,59826,2,1
29914,83,608.8,580.8,1796,59828,2,1
29915,83,608.6,581.5,1796,59830,2,1
29916,83,608.4,582.2,1796,59832,2,1
29917,83,608.2,583.1,1796,59834,2,1
29918,83,607.9,584,1796,59836,2,1
29919,83,607.7,585,1796,59838,2,1
29920,83,607.7,585.8,1796,59840,2,1
29921,83,607.5,586.3,1796,59842,2,1
29922,83,607.4,586.6,1796,59844,2,1
29923,83,607.2,586.7,1796,59846,2,1
29924,83,607.1,586.6,1796,59848,2,1
29925,83,606.9,586.3,1796,59850,2,1
29926,83,606.9,586,1796,59852,2,1
29927,83,607,585.2,1796,59854,2,1
29928,83,607.2,584.5,1796,59856,2,1
29929,83,607.4,583.7,1796,59858,2,1
29930,83,607.6,582.8,1796,59860,2,1
29931,83,607.7,582,1797,59862,2,1
29932,83,607.8,581.3,1797,59864,2,1
29933,83,607.4,580.5,1797,59866,2,1
29934,83,606.9,580.4,1797,59868,2,1
29935,83,606.4,580.3,1797,59870,2,1
29936,83,605.8,580.3,1797,59872,2,1
29937,83,605.1,580.5,1797,59874,2,1
29938,83,604.4,580.7,1797,59876,2,1
29939,83,603.8,580.9,1797,59878,2,1
29940,83,603.5,581,1797,59880,2,1
29941,83,603.3,581.2,1797,59882,2,1
29942,83,603,581.5,1797,59884,2,1
29943,83,602.8,582.1,1797,59886,2,1
29944,83,602.7,582.6,1797,59888,2,1
29945,83,602.6,583.1,1797,59890,2,1
29946,83,602.4,583.6,1797,59892,2,1
29947,83,602.2,584.4,1797,59894,2,1
29948,83,602.2,585,1798,59896,2,1
29949,83,602,585.6,1798,59898,2,1
29950,83,601.9,585.9,1798,59900,2,1
29951,83,601.7,586.1,1798,59902,2,1
29952,83,601.4,586.3,1798,59904,2,1
29953,83,601.3,586.4,1798,59906,2,1
29954,83,601.1,586.3,1798,59908,2,1
29955,83,600.6,585.6,1798,59910,2,1
29956,83,600.2,584.9,1798,59912,2,1
29957,83,599.5,584,1798,59914,2,1
29958,83,599.1,583.1,1798,59916,2,1
29959,83,598.8,582.2,1798,59918,2,1
29960,83,598.6,581.3,1798,59920,2,1
29961,83,598.3,580.4,1798,59922,2,1
29962,83,598.3,580,1798,59924,2,1
29963,83,598.3,579.7,1798,59926,2,1
29964,83,598.6,579.6,1799,59928,2,1
29965,83,598.8,579.7,1799,59930,2,1
29966,83,598.9,579.7,1799,59932,2,1
29967,83,599.4,580.5,1799,59934,2,1
29968,83,599.9,581,1799,59936,2,1
29969,83,600.3,581.2,1799,59938,2,1
29970,83,600.8,580.2,1799,59940,2,1
29971,83,600.7,576.4,1799,59942,2,1
29972,83,599.3,568.8,1799,59944,2,1
29973,83,597.1,557,1799,59946,2,1
29974,83,594.8,541.7,1799,59948,2,1
29975,83,592.6,523.7,1799,59950,2,1
29976,83,590.6,503.3,1799,59952,2,1
29977,83,587.4,480.9,1799,59954,2,1
29978,83,584.7,459.2,1799,59956,2,1
29979,83,583.4,441.2,1799,59958,2,1
29980,83,582,427.3,1799,59960,2,1
29981,83,580.3,416.2,1800,59962,2,1
29982,83,577.6,408.7,1800,59964,2,1
29983,83,574.7,405.9,1800,59966,2,1
29984,83,572.8,407.1,1800,59968,2,1
29985,83,570.9,410.7,1800,59970,2,1
29986,83,568.4,414.9,1800,59972,2,1
29987,83,566.6,419.2,1800,59974,2,1
29988,83,565,423.5,1800,59976,2,1
29989,83,564.1,427.2,1800,59978,2,1
29990,83,563.5,428.5,1800,59980,2,1
29991,83,563,428.8,1800,59982,2,1
29992,83,562.5,427.6,1800,59984,2,1
29993,83,562.4,426,1800,59986,2,1
29994,83,562.3,424.3,1800,59988,2,1
29995,83,562.1,422.5,1800,59990,2,1
29996,83,561.6,420.8,1800,59992,2,1
29997,83,561,419.8,1800,59994,2,1
29998,83,560.3,418.6,1801,59996,2,1
29999,83,559.6,418.3,1801,59998,2,1
30000,83,559.3,417.9,1801,60000,2,1
30001,83,559.2,417.6,1801,60002,2,1
30002,83,559.2,416.8,1801,60004,2,1
30003,83,559.5,416.1,1801,60006,2,1
30004,83,559.9,415.2,1801,60008,2,1
30005,83,560.3,415,1801,60010,2,1
30006,83,560.6,414.9,1801,60012,2,1
30007,83,560.7,414.9,1801,60014,2,1
30008,83,560.8,415,1801,60016,2,1
30009,83,560.8,415.5,1801,60018,2,1
30010,83,560.9,416,1801,60020,2,1
30011,83,560.9,416.5,1801,60022,2,1
30012,83,560.8,416.6,1801,60024,2,1
30013,83,560.7,416.9,1801,60026,2,1
30014,83,560.6,417.4,1802,60028,2,1
30015,83,560.4,417.8,1802,60030,2,1
30016,83,560.2,418.2,1802,60032,2,1
30017,83,559.9,418.7,1802,60034,2,1
30018,83,559.8,419.3,1802,60036,2,1
30019,83,559.9,419.9,1802,60038,2,1
30020,83,560.1,420.3,1802,60040,2,1
30021,83,560.3,420.8,1802,60042,2,1
30022,83,560.5,421.3,1802,60044,2,1
30023,83,560.7,421.9,1802,60046,2,1
30024,83,560.8,422.4,1802,60048,2,1
30025,83,560.9,422.8,1802,60050,2,1
30026,83,560.8,423.3,1802,60052,2,1
30027,83,560.2,423.7,1802,60054,2,1
30028,83,559.6,423.9,1802,60056,2,1
30029,83,558.9,423.6,1802,60058,2,1
30030,83,558.2,422.8,1802,60060,2,1
30031,83,557.7,421.9,1803,60062,2,1
30032,83,557.1,421,1803,60064,2,1
30033,83,556.6,420,1803,60066,2,1
30034,83,556.3,419.1,1803,60068,2,1
30035,83,556,418.1,1803,60070,2,1
30036,83,555.9,417.8,1803,60072,2,1
30037,83,555.7,417.8,1803,60074,2,1
30038,83,555.5,418.1,1803,60076,2,1
30039,83,555.3,418.4,1803,60078,2,1
30040,83,555,418.6,1803,60080,2,1
30041,83,554.8,418.8,1803,60082,2,1
30042,83,554.7,419.1,1803,60084,2,1
30043,83,554.2,419.3,1803,60086,2,1
30044,83,553.8,419.4,1803,60088,2,1
30045,83,553.3,419.3,1803,60090,2,1
30046,83,552.7,419.3,1803,60092,2,1
30047,83,552.2,419.2,1803,60094,2,1
30048,83,551.7,419.2,1804,60096,2,1
30049,83,551.3,419.2,1804,60098,2,1
30050,83,551.2,419.1,1804,60100,2,1
30051,83,551.1,419.1,1804,60102,2,1
30052,83,550.9,419.1,1804,60104,2,1
30053,83,551,419.2,1804,60106,2,1
30054,83,551.1,419.5,1804,60108,2,1
30055,83,551.1,419.8,1804,60110,2,1
30056,83,551.2,420.1,1804,60112,2,1
30057,83,551.3,420.6,1804,60114,2,1
30058,83,551.3,421,1804,60116,2,1
30059,83,551.4,421.4,1804,60118,2,1
30060,83,551.4,421.8,1804,60120,2,1
30061,83,551.5,422,1804,60122,2,1
30062,83,551.6,422.2,1804,60124,2,1
30063,83,551.6,422.4,1804,60126,2,1
30064,83,551.5,422.5,1805,60128,2,1
30065,83,551.4,422.5,1805,60130,2,1
30066,83,551.4,422.5,1805,60132,2,1
30067,83,551.3,422.6,1805,60134,2,1
30068,83,551.2,422.6,1805,60136,2,1
30069,83,551.2,422.5,1805,60138,2,1
30070,83,551.2,422.5,1805,60140,2,1
30071,83,551.4,422.4,1805,60142,2,1
30072,83,551.8,422.3,1805,60144,2,1
30073,83,552.2,422.1,1805,60146,2,1
30074,83,552.6,422,1805,60148,2,1
30075,83,553,422,1805,60150,2,1
30076,83,553.5,422,1805,60152,2,1
30077,83,553.9,422,1805,60154,2,1
30078,83,554.2,422.2,1805,60156,2,1
30079,83,554.3,422.5,1805,60158,2,1
30080,83,554.4,422.8,1805,60160,2,1
30081,83,554.5,423.2,1806,60162,2,1
30082,83,554.5,423.6,1806,60164,2,1
30083,83,554.7,424,1806,60166,2,1
30084,83,554.9,424.5,1806,60168,2,1
30085,83,555.2,424.8,1806,60170,2,1
30086,83,555.6,425.1,1806,60172,2,1
30087,83,556,425.4,1806,60174,2,1
30088,83,556.4,425.5,1806,60176,2,1
30089,83,556.9,425.6,1806,60178,2,1
30090,83,557.1,425.8,1806,60180,2,1
30091,83,557.3,426,1806,60182,2,1
30092,83,557.4,426.2,1806,60184,2,1
30093,83,557.5,426.4,1806,60186,2,1
30094,83,557.5,426.3,1806,60188,2,1
30095,83,557.5,425.8,1806,60190,2,1
30096,83,557.4,424.9,1806,60192,2,1
30097,83,557.3,423.9,1806,60194,2,1
30098,83,557.1,423,1807,60196,2,1
30099,83,556.7,422.1,1807,60198,2,1
30100,83,556.3,421.2,1807,60200,2,1
30101,83,555.5,420.4,1807,60202,2,1
30102,83,554.7,419.8,1807,60204,2,1
30103,83,553.8,419.6,1807,60206,2,1
30104,83,553.2,419.5,1807,60208,2,1
30105,83,552.6,419.5,1807,60210,2,1
30106,83,552.1,419.7,1807,60212,2,1
30107,83,551.7,420,1807,60214,2,1
30108,83,551.8,420.9,1807,60216,2,1
30109,83,552.5,423.9,1807,60218,2,1
30110,83,553.1,428.8,1807,60220,2,1
30111,83,554.8,435.6,1807,60222,2,1
30112,83,557.7,445.1,1807,60224,2,1
30113,83,561.5,455.8,1807,60226,2,1
30114,83,565.8,468,1808,60228,2,1
30115,83,570.4,480.2,1808,60230,2,1
30116,83,574.5,490.4,1808,60232,2,1
30117,83,578.7,498.5,1808,60234,2,1
30118,83,581.7,504.6,1808,60236,2,1
30119,83,583.4,507.5,1808,60238,2,1
30120,83,584.2,508.1,1808,60240,2,1
30121,83,584.6,506.8,1808,60242,2,1
30122,83,584.3,504.8,1808,60244,2,1
30123,83,583.9,502.8,1808,60246,2,1
30124,83,583.6,500.8,1808,60248,2,1
30125,83,583.1,499.1,1808,60250,2,1
30126,83,582.8,498.1,1808,60252,2,1
30127,83,582.5,499,1808,60254,2,1
30128,83,582.4,500.8,1808,60256,2,1
30129,83,582.5,503.6,1808,60258,2,1
30130,83,583.6,506.4,1808,60260,2,1
30131,83,584.8,509.5,1809,60262,2,1
30132,83,586.1,512.8,1809,60264,2,1
30133,83,587.3,515.6,1809,60266,2,1
30134,83,588.3,517.6,1809,60268,2,1
30135,83,589,518.9,1809,60270,2,1
30136,83,589.7,519.5,1809,60272,2,1
30137,83,589.4,520.2,1809,60274,2,1
30138,83,589.1,520.5,1809,60276,2,1
30139,83,588.9,520.8,1809,60278,2,1
30140,83,588.2,520.9,1809,60280,2,1
30141,83,587.8,520.8,1809,60282,2,1
30142,83,587.4,520,1809,60284,2,1
30143,83,587.4,519.2,1809,60286,2,1
30144,83,587.5,518.4,1809,60288,2,1
30145,83,587.6,517.4,1809,60290,2,1
30146,83,588.3,517,1809,60292,2,1
30147,83,589.4,516.6,1809,60294,2,1
30148,83,590.5,516.6,1810,60296,2,1
30149,83,591.4,517.3,1810,60298,2,1
30150,83,592.1,517.9,1810,60300,2,1
30151,83,592.7,518.6,1810,60302,2,1
30152,83,592.9,519.3,1810,60304,2,1
30153,83,592.3,519.4,1810,60306,2,1
30154,83,591.9,519.6,1810,60308,2,1
30155,83,591.5,519.8,1810,60310,2,1
30156,83,591.4,519.8,1810,60312,2,1
30157,83,591.6,519.8,1810,60314,2,1
30158,83,591.9,519.9,1810,60316,2,1
30159,83,593.1,520,1810,60318,2,1
30160,83,594.4,520.2,1810,60320,2,1
30161,83,595.4,520.7,1810,60322,2,1
30162,83,596.3,521.3,1810,60324,2,1
30163,83,596.6,521.9,1810,60326,2,1
30164,83,596.4,522.5,1811,60328,2,1
30165,83,596.2,523,1811,60330,2,1
30166,83,595.5,523.3,1811,60332,2,1
30167,83,595,523.5,1811,60334,2,1
30168,83,595.2,523.2,1811,60336,2,1
30169,83,595.4,522.9,1811,60338,2,1
30170,83,596.1,522.7,1811,60340,2,1
30171,83,596.9,522.7,1811,60342,2,1
30172,83,597.7,522.9,1811,60344,2,1
30173,83,598.5,523.3,1811,60346,2,1
30174,83,599.1,524.2,1811,60348,2,1
30175,83,599.2,525,1811,60350,2,1
30176,83,599.3,525.8,1811,60352,2,1
30177,83,599.5,526.7,1811,60354,2,1
30178,83,599.9,527.4,1811,60356,2,1
30179,83,600.4,528.1,1811,60358,2,1
30180,83,601,528.8,1811,60360,2,1
30181,83,601.6,529.2,1812,60362,2,1
30182,83,602.2,529.7,1812,60364,2,1
30183,83,602.8,530.2,1812,60366,2,1
30184,83,603.4,530.6,1812,60368,2,1
30185,83,603.8,531,1812,60370,2,1
30186,83,604.2,531.2,1812,60372,2,1
30187,83,604.4,531.5,1812,60374,2,1
30188,83,604.4,531.9,1812,60376,2,1
30189,83,604.5,532.1,1812,60378,2,1
30190,83,604.6,532.4,1812,60380,2,1
30191,83,605,532.6,1812,60382,2,1
30192,83,605.4,532.6,1812,60384,2,1
30193,83,605.9,532.6,1812,60386,2,1
30194,83,606.4,532.5,1812,60388,2,1
30195,83,607.1,532.2,1812,60390,2,1
30196,83,607.7,531.9,1812,60392,2,1
30197,83,608.2,531.4,1812,60394,2,1
30198,83,608.3,531,1813,60396,2,1
30199,83,608.1,530.7,1813,60398,2,1
30200,83,607.9,530.3,1813,60400,2,1
30201,83,607.7,530,1813,60402,2,1
30202,83,607.8,529.7,1813,60404,2,1
30203,83,607.8,529.5,1813,60406,2,1
30204,83,607.9,529.4,1813,60408,2,1
30205,83,608.1,529.5,1813,60410,2,1
30206,83,608.5,529.6,1813,60412,2,1
30207,83,608.4,529.8,1813,60414,2,1
30208,83,608.2,530.9,1813,60416,2,1
30209,83,607.6,532.1,1813,60418,2,1
30210,83,607,533.3,1813,60420,2,1
30211,83,607.3,534.4,1813,60422,2,1
30212,83,607.5,535.5,1813,60424,2,1
30213,83,607.7,537.2,1813,60426,2,1
30214,83,608.5,538.9,1814,60428,2,1
30215,83,609.3,539.9,1814,60430,2,1
30216,83,610.2,541,1814,60432,2,1
30217,83,611.1,542,1814,60434,2,1
30218,83,611.1,543.1,1814,60436,2,1
30219,83,611,544.2,1814,60438,2,1
30220,83,610.9,545.5,1814,60440,2,1
30221,83,610.8,547.2,1814,60442,2,1
30222,83,610.8,550.2,1814,60444,2,1
30223,83,610.9,555.1,1814,60446,2,1
30224,83,611.7,562.8,1814,60448,2,1
30225,83,613.8,572.7,1814,60450,2,1
30226,83,616.8,585.3,1814,60452,2,1
30227,83,620,600.4,1814,60454,2,1
30228,83,623.4,616.4,1814,60456,2,1
30229,83,626.6,631.3,1814,60458,2,1
30230,83,629.6,644.1,1814,60460,2,1
30231,83,631.8,654.1,1815,60462,2,1
30232,83,632.3,661.1,1815,60464,2,1
30233,83,632,664.1,1815,60466,2,1
30234,83,631.5,662.9,1815,60468,2,1
30235,83,631,660.1,1815,60470,2,1
30236,83,630.8,657.1,1815,60472,2,1
30237,83,630.7,654.2,1815,60474,2,1
30238,83,630.6,651.2,1815,60476,2,1
30239,83,631,650,1815,60478,2,1
30240,83,631.6,651.3,1815,60480,2,1
30241,83,632.1,654.9,1815,60482,2,1
30242,83,632.6,659.2,1815,60484,2,1
30243,83,632.9,663.5,1815,60486,2,1
30244,83,633.1,667.8,1815,60488,2,1
30245,83,633.3,672,1815,60490,2,1
30246,83,633.4,675.1,1815,60492,2,1
30247,83,633.4,676.9,1815,60494,2,1
30248,83,633.3,677.4,1816,60496,2,1
30249,83,633.2,676.4,1816,60498,2,1
30250,83,633.1,674.9,1816,60500,2,1
30251,83,633.1,673.3,1816,60502,2,1
30252,83,633.4,671.4,1816,60504,2,1
30253,83,633.8,669.4,1816,60506,2,1
30254,83,634.2,667.4,1816,60508,2,1
30255,83,634.6,665.4,1816,60510,2,1
30256,83,634.9,664.3,1816,60512,2,1
30257,83,634.5,663.6,1816,60514,2,1
30258,83,634.1,663.2,1816,60516,2,1
30259,83,633.3,663.6,1816,60518,2,1
30260,83,632.4,664.3,1816,60520,2,1
30261,83,631.6,665.1,1816,60522,2,1
30262,83,630.7,666.2,1816,60524,2,1
30263,83,629.8,667.2,1816,60526,2,1
30264,83,629.6,668.8,1817,60528,2,1
30265,83,629.5,670.2,1817,60530,2,1
30266,83,629.3,671.3,1817,60532,2,1
30267,83,629.3,672.3,1817,60534,2,1
30268,83,629.2,673.2,1817,60536,2,1
30269,83,629.2,673.9,1817,60538,2,1
30270,83,629.2,674.1,1817,60540,2,1
30271,83,629.4,673.8,1817,60542,2,1
30272,83,629.9,673.2,1817,60544,2,1
30273,83,630.4,672.6,1817,60546,2,1
30274,83,630.9,672.1,1817,60548,2,1
30275,83,631.4,671.2,1817,60550,2,1
30276,83,631.8,670.1,1817,60552,2,1
30277,83,632.1,669.3,1817,60554,2,1
30278,83,632.4,668.6,1817,60556,2,1
30279,83,631.4,668.2,1817,60558,2,1
30280,83,630.5,667.7,1817,60560,2,1
30281,83,629.5,667.3,1818,60562,2,1
30282,83,628.6,667.5,1818,60564,2,1
30283,83,627.7,667.6,1818,60566,2,1
30284,83,626.7,667.8,1818,60568,2,1
30285,83,625.8,668.1,1818,60570,2,1
30286,83,625.7,668.5,1818,60572,2,1
30287,83,625.7,668.8,1818,60574,2,1
30288,83,625.7,669.2,1818,60576,2,1
30289,83,625.7,669.5,1818,60578,2,1
30290,83,625.8,669.9,1818,60580,2,1
30291,83,625.9,670.4,1818,60582,2,1
30292,83,626.1,670.9,1818,60584,2,1
30293,83,626.2,671.5,1818,60586,2,1
30294,83,626.3,672,1818,60588,2,1
30295,83,626.4,672.5,1818,60590,2,1
30296,83,626.5,673.3,1818,60592,2,1
30297,83,626.6,673.9,1818,60594,2,1
30298,83,626.6,674.5,1819,60596,2,1
30299,83,626.6,675,1819,60598,2,1
30300,83,626.6,675.3,1819,60600,2,1
30301,83,626.7,675.5,1819,60602,2,1
30302,83,626.7,675.6,1819,60604,2,1
30303,83,626.8,675.4,1819,60606,2,1
30304,83,626.8,675.2,1819,60608,2,1
30305,83,626.9,675,1819,60610,2,1
30306,83,626.9,674.6,1819,60612,2,1
30307,83,627,674.1,1819,60614,2,1
30308,83,627,673.6,1819,60616,2,1
30309,83,627.1,673.2,1819,60618,2,1
30310,83,627.2,672.4,1819,60620,2,1
30311,83,627.4,671.5,1819,60622,2,1
30312,83,627.7,670.6,1819,60624,2,1
30313,83,628,669.9,1819,60626,2,1
30314,83,628.1,669.1,1819,60628,2,1
30315,83,628.3,668.3,1820,60630,2,1
30316,83,628.3,667.6,1820,60632,2,1
30317,83,628.3,667.4,1820,60634,2,1
30318,83,628.1,667.1,1820,60636,2,1
30319,83,627.9,666.9,1820,60638,2,1
30320,83,627.7,666.7,1820,60640,2,1
30321,83,627.5,666.7,1820,60642,2,1
30322,83,627.2,666.9,1820,60644,2,1
30323,83,627,667,1820,60646,2,1
30324,83,626.8,667.2,1820,60648,2,1
30325,83,626.7,667.3,1820,60650,2,1
30326,83,626.7,667.4,1820,60652,2,1
30327,83,627.1,667.5,1820,60654,2,1
30328,83,627.6,667.4,1820,60656,2,1
30329,83,628.1,667.6,1820,60658,2,1
30330,83,628.6,667.7,1820,60660,2,1
30331,83,628.7,667.9,1821,60662,2,1
30332,83,628.7,668.1,1821,60664,2,1
30333,83,628.6,668.3,1821,60666,2,1
30334,83,628,668.6,1821,60668,2,1
30335,83,627.5,669,1821,60670,2,1
30336,83,627,669.3,1821,60672,2,1
30337,83,626.6,669.5,1821,60674,2,1
30338,83,626.6,669.8,1821,60676,2,1
30339,83,626.6,670.2,1821,60678,2,1
30340,83,626.6,670.6,1821,60680,2,1
30341,83,627,671,1821,60682,2,1
30342,83,627.4,671.6,1821,60684,2,1
30343,83,627.8,672.4,1821,60686,2,1
30344,83,628.2,673.2,1821,60688,2,1
30345,83,628.6,674,1821,60690,2,1
30346,83,629,674.9,1821,60692,2,1
30347,83,629.3,675.9,1821,60694,2,1
30348,83,629.2,676.8,1822,60696,2,1
30349,83,629.2,677.5,1822,60698,2,1
30350,83,629.2,678,1822,60700,2,1
30351,83,629.2,678.5,1822,60702,2,1
30352,83,629.3,678.7,1822,60704,2,1
30353,83,629.5,678.6,1822,60706,2,1
30354,83,629.5,678.4,1822,60708,2,1
30355,83,629.5,678.3,1822,60710,2,1
30356,83,629.4,678.3,1822,60712,2,1
30357,83,629.3,678.3,1822,60714,2,1
30358,83,628.9,678.3,1822,60716,2,1
30359,83,628.4,678.6,1822,60718,2,1
30360,83,627.9,678.5,1822,60720,2,1
30361,83,627.3,678.3,1822,60722,2,1
30362,83,626.6,678.1,1822,60724,2,1
30363,83,626,677.7,1822,60726,2,1
30364,83,625.4,677.4,1822,60728,2,1
30365,83,624.9,677.1,1823,60730,2,1
30366,83,624.6,676.7,1823,60732,2,1
30367,83,624.4,676.7,1823,60734,2,1
30368,83,624.2,676.7,1823,60736,2,1
30369,83,624.2,676.6,1823,60738,2,1
30370,83,624.2,676.6,1823,60740,2,1
30371,83,624.2,676.4,1823,60742,2,1
30372,83,624,676.2,1823,60744,2,1
30373,83,623.7,676,1823,60746,2,1
30374,83,623.4,675.5,1823,60748,2,1
30375,83,623,675.1,1823,60750,2,1
30376,83,622.7,674.6,1823,60752,2,1
30377,83,622.3,674.1,1823,60754,2,1
30378,83,622.1,673.5,1823,60756,2,1
30379,83,622.1,672.8,1823,60758,2,1
30380,83,622.4,672,1823,60760,2,1
30381,83,622.6,671.7,1824,60762,2,1
30382,83,622.9,671.2,1824,60764,2,1
30383,83,623.2,670.6,1824,60766,2,1
30384,83,623.5,670.1,1824,60768,2,1
30385,83,623.8,669.6,1824,60770,2,1
30386,83,624,669.4,1824,60772,2,1
30387,83,624.3,669.1,1824,60774,2,1
30388,83,624.6,669.3,1824,60776,2,1
30389,83,624.9,669.6,1824,60778,2,1
30390,83,625.8,670,1824,60780,2,1
30391,83,626.8,670.5,1824,60782,2,1
30392,83,627.7,670.9,1824,60784,2,1
30393,83,628.6,671.2,1824,60786,2,1
30394,83,629.3,671.5,1824,60788,2,1
30395,83,630,671.2,1824,60790,2,1
30396,83,630.7,670.9,1824,60792,2,1
30397,83,630.7,670.7,1824,60794,2,1
30398,83,630.7,670.6,1825,60796,2,1
30399,83,630.6,671,1825,60798,2,1
30400,83,630.5,672.2,1825,60800,2,1
30401,83,630.3,673.5,1825,60802,2,1
30402,83,630.1,674.8,1825,60804,2,1
30403,83,629.9,676.2,1825,60806,2,1
30404,83,629.7,677.3,1825,60808,2,1
30405,83,629.3,678.3,1825,60810,2,1
30406,83,629,679,1825,60812,2,1
30407,83,628.6,679,1825,60814,2,1
30408,83,628.3,678.9,1825,60816,2,1
30409,83,628.1,678.8,1825,60818,2,1
30410,83,628,678.7,1825,60820,2,1
30411,83,628.1,678.7,1825,60822,2,1
30412,83,628.3,678.1,1825,60824,2,1
30413,83,628.6,677.4,1825,60826,2,1
30414,83,628.8,676.7,1826,60828,2,1
30415,83,628.8,675.8,1826,60830,2,1
30416,83,628.7,674.6,1826,60832,2,1
30417,83,628.3,673.5,1826,60834,2,1
30418,83,627.8,672.4,1826,60836,2,1
30419,83,626.1,669.7,1826,60838,2,1
30420,83,624.4,666.5,1826,60840,2,1
30421,83,622.6,663.3,1826,60842,2,1
30422,83,621,659.7,1826,60844,2,1
30423,83,619.4,656.2,1826,60846,2,1
30424,83,617.8,652.1,1826,60848,2,1
30425,83,616.3,647.7,1826,60850,2,1
30426,83,616,645.5,1826,60852,2,1
30427,83,615.6,643.8,1826,60854,2,1
30428,83,615.5,642.1,1826,60856,2,1
30429,83,615.3,641.5,1826,60858,2,1
30430,83,615.3,640.9,1826,60860,2,1
30431,83,615.3,641.1,1827,60862,2,1
30432,83,615.4,641.4,1827,60864,2,1
30433,83,615.6,641.9,1827,60866,2,1
30434,83,615.8,642.4,1827,60868,2,1
30435,83,616,643,1827,60870,2,1
30436,83,616.8,643,1827,60872,2,1
30437,83,617.8,642.9,1827,60874,2,1
30438,83,618.9,642.8,1827,60876,2,1
30439,83,619.8,642.5,1827,60878,2,1
30440,83,620.6,641.8,1827,60880,2,1
30441,83,621.4,641.1,1827,60882,2,1
30442,83,622,640.4,1827,60884,2,1
30443,83,622,639.7,1827,60886,2,1
30444,83,621.8,639,1827,60888,2,1
30445,83,621.5,638.3,1827,60890,2,1
30446,83,621.2,637.7,1827,60892,2,1
30447,83,620.8,637.6,1827,60894,2,1
30448,83,620,637.4,1828,60896,2,1
30449,83,619.5,637.3,1828,60898,2,1
30450,83,618.9,637.1,1828,60900,2,1
30451,83,618.4,637,1828,60902,2,1
30452,83,617.8,637.1,1828,60904,2,1
30453,83,617,637.1,1828,60906,2,1
30454,83,616.3,637.1,1828,60908,2,1
30455,83,615.9,637.1,1828,60910,2,1
30456,83,615.5,637,1828,60912,2,1
30457,83,615,636.9,1828,60914,2,1
30458,83,614.6,636.8,1828,60916,2,1
30459,83,614.1,636.7,1828,60918,2,1
30460,83,614,636.5,1828,60920,2,1
30461,83,614.2,636.3,1828,60922,2,1
30462,83,614.9,636.3,1828,60924,2,1
30463,83,615.9,636.4,1828,60926,2,1
30464,83,616.9,636.5,1828,60928,2,1
30465,83,617.9,636.5,1829,60930,2,1
30466,83,619.2,636.6,1829,60932,2,1
30467,83,620.3,636.8,1829,60934,2,1
30468,83,621.2,636.9,1829,60936,2,1
30469,83,621.5,637.2,1829,60938,2,1
30470,83,621.3,637.4,1829,60940,2,1
30471,83,621,637.7,1829,60942,2,1
30472,83,620.5,637.8,1829,60944,2,1
30473,83,619.8,637.8,1829,60946,2,1
30474,83,619.1,637.6,1829,60948,2,1
30475,83,618.5,637.5,1829,60950,2,1
30476,83,617.9,637.3,1829,60952,2,1
30477,83,617.5,637,1829,60954,2,1
30478,83,617.1,636.8,1829,60956,2,1
30479,83,616.8,636.6,1829,60958,2,1
30480,83,616.6,636.6,1829,60960,2,1
30481,83,616.3,636.7,1830,60962,2,1
30482,83,616,637.3,1830,60964,2,1
30483,83,616,637.8,1830,60966,2,1
30484,83,616.4,638.5,1830,60968,2,1
30485,83,617,639.4,1830,60970,2,1
30486,83,617.5,640.3,1830,60972,2,1
30487,83,618.1,641.2,1830,60974,2,1
30488,83,618.6,642,1830,60976,2,1
30489,83,619,642.4,1830,60978,2,1
30490,83,619.3,642.8,1830,60980,2,1
30491,83,619.1,642.9,1830,60982,2,1
30492,83,618.7,642.9,1830,60984,2,1
30493,83,618.4,643,1830,60986,2,1
30494,83,618,642.4,1830,60988,2,1
30495,83,617.7,641.9,1830,60990,2,1
30496,83,617.3,641.4,1830,60992,2,1
30497,83,617.1,641,1830,60994,2,1
30498,83,616.8,640.9,1831,60996,2,1
30499,83,616.7,640.9,1831,60998,2,1
30500,83,616.6,640.8,1831,61000,2,1
30501,83,616.6,641.3,1831,61002,2,1
30502,83,616.7,641.7,1831,61004,2,1
30503,83,616.7,642,1831,61006,2,1
30504,83,616.7,642.3,1831,61008,2,1
30505,83,616.9,642.2,1831,61010,2,1
30506,83,617.1,642.2,1831,61012,2,1
30507,83,617.3,641.7,1831,61014,2,1
30508,83,617.4,641,1831,61016,2,1
30509,83,617.6,640.3,1831,61018,2,1
30510,83,617.7,639.7,1831,61020,2,1
30511,83,617.8,638.9,1831,61022,2,1
30512,83,617.9,638.1,1831,61024,2,1
30513,83,618.1,636.7,1831,61026,2,1
30514,83,618.7,635.6,1832,61028,2,1
30515,83,619.3,634.9,1832,61030,2,1
30516,83,619.9,634.5,1832,61032,2,1
30517,83,620.4,634.1,1832,61034,2,1
30518,83,620.9,634.1,1832,61036,2,1
30519,83,621.3,634.1,1832,61038,2,1
30520,83,621.5,634.7,1832,61040,2,1
30521,83,621.3,635.3,1832,61042,2,1
30522,83,621.1,635.9,1832,61044,2,1
30523,83,621,636.1,1832,61046,2,1
30524,83,620.9,636.3,1832,61048,2,1
30525,83,620.8,636.3,1832,61050,2,1
30526,83,620.6,636.2,1832,61052,2,1
30527,83,620.5,635.7,1832,61054,2,1
30528,83,620.2,635.2,1832,61056,2,1
30529,83,619.9,634.6,1832,61058,2,1
30530,83,619.7,634.1,1832,61060,2,1
30531,83,619.7,633.5,1833,61062,2,1
30532,83,620,632.9,1833,61064,2,1
30533,83,620.4,632.4,1833,61066,2,1
30534,83,620.7,632.4,1833,61068,2,1
30535,83,621.3,632.4,1833,61070,2,1
30536,83,621.9,632.5,1833,61072,2,1
30537,83,622.6,632.6,1833,61074,2,1
30538,83,623.3,632.8,1833,61076,2,1
30539,83,623.6,633,1833,61078,2,1
30540,83,624.2,633.3,1833,61080,2,1
30541,83,624.7,633.8,1833,61082,2,1
30542,83,625.3,634.3,1833,61084,2,1
30543,83,625.6,634.9,1833,61086,2,1
30544,83,625.8,635.8,1833,61088,2,1
30545,83,625.5,636.6,1833,61090,2,1
30546,83,625.2,637.3,1833,61092,2,1
30547,83,624.6,638,1833,61094,2,1
30548,83,623.9,638.2,1834,61096,2,1
30549,83,623.2,638.4,1834,61098,2,1
30550,83,622.5,638.5,1834,61100,2,1
30551,83,622,638.4,1834,61102,2,1
30552,83,621.8,638.3,1834,61104,2,1
30553,83,621.5,638.2,1834,61106,2,1
30554,83,621.3,638.3,1834,61108,2,1
30555,83,621,638.6,1834,61110,2,1
30556,83,620.7,638.9,1834,61112,2,1
30557,83,620.5,639.2,1834,61114,2,1
30558,83,620.3,639.6,1834,61116,2,1
30559,83,620.4,639.9,1834,61118,2,1
30560,83,620.8,640.6,1834,61120,2,1
30561,83,621.6,641,1834,61122,2,1
30562,83,622.6,641.3,1834,61124,2,1
30563,83,623.6,641.5,1834,61126,2,1
30564,83,624.5,641.3,1834,61128,2,1
30565,83,625.3,641,1835,61130,2,1
30566,83,625.8,640.7,1835,61132,2,1
30567,83,626.1,640.1,1835,61134,2,1
30568,83,626.1,639.6,1835,61136,2,1
30569,83,626,639.2,1835,61138,2,1
30570,83,625.9,638.9,1835,61140,2,1
30571,83,625.7,638.9,1835,61142,2,1
30572,83,625.2,638.8,1835,61144,2,1
30573,83,624.6,638.9,1835,61146,2,1
30574,83,624,638.9,1835,61148,2,1
30575,83,623.4,638.9,1835,61150,2,1
30576,83,622.8,638.9,1835,61152,2,1
30577,83,622.2,638.9,1835,61154,2,1
30578,83,621.8,638.7,1835,61156,2,1
30579,83,621.8,638.7,1835,61158,2,1
30580,83,621.9,638.8,1835,61160,2,1
30581,83,622,638.3,1836,61162,2,1
30582,83,622.5,637.8,1836,61164,2,1
30583,83,623.1,637.2,1836,61166,2,1
30584,83,623.7,636.6,1836,61168,2,1
30585,83,624.3,636,1836,61170,2,1
30586,83,624.8,635.3,1836,61172,2,1
30587,83,625,634.7,1836,61174,2,1
30588,83,625.1,634.7,1836,61176,2,1
30589,83,624.7,634.8,1836,61178,2,1
30590,83,624.3,635,1836,61180,2,1
30591,83,623.8,635.4,1836,61182,2,1
30592,83,623.5,635.8,1836,61184,2,1
30593,83,623.2,636.2,1836,61186,2,1
30594,83,623,636.8,1836,61188,2,1
30595,83,623,637.4,1836,61190,2,1
30596,83,623.1,638.1,1836,61192,2,1
30597,83,623.2,638.8,1836,61194,2,1
30598,83,623.9,639.3,1837,61196,2,1
30599,83,624.7,640.1,1837,61198,2,1
30600,83,625.7,641,1837,61200,2,1
30601,83,626.7,641.8,1837,61202,2,1
30602,83,627.7,642.4,1837,61204,2,1
30603,83,628.7,642.9,1837,61206,2,1
30604,83,629.6,643.3,1837,61208,2,1
30605,83,629.9,643.6,1837,61210,2,1
30606,83,630.1,643.4,1837,61212,2,1
30607,83,630,643.2,1837,61214,2,1
30608,83,630,642.8,1837,61216,2,1
30609,83,629.9,642.2,1837,61218,2,1
30610,83,629.8,641.7,1837,61220,2,1
30611,83,629.7,641.2,1837,61222,2,1
30612,83,629.6,640.7,1837,61224,2,1
30613,83,629.6,640.4,1837,61226,2,1
30614,83,629.6,640.1,1837,61228,2,1
30615,83,629.6,640,1838,61230,2,1
30616,83,629.5,640,1838,61232,2,1
30617,83,629.5,639.9,1838,61234,2,1
30618,83,629.5,639.9,1838,61236,2,1
30619,83,629.6,640,1838,61238,2,1
30620,83,629.7,640.2,1838,61240,2,1
30621,83,629.8,640.5,1838,61242,2,1
30622,83,630,640.7,1838,61244,2,1
30623,83,630.2,641,1838,61246,2,1
30624,83,630.3,641.3,1838,61248,2,1
30625,83,630.3,641.6,1838,61250,2,1
30626,83,630.3,641.8,1838,61252,2,1
30627,83,630.1,641.9,1838,61254,2,1
30628,83,630,641.9,1838,61256,2,1
30629,83,629.7,642,1838,61258,2,1
30630,83,629,642.2,1838,61260,2,1
30631,83,628.4,642.4,1839,61262,2,1
30632,83,628,642.5,1839,61264,2,1
30633,83,627.6,642.6,1839,61266,2,1
30634,83,627.5,642,1839,61268,2,1
30635,83,627.5,641.5,1839,61270,2,1
30636,83,627.4,640.8,1839,61272,2,1
30637,83,627.8,640.1,1839,61274,2,1
30638,83,628.2,639.4,1839,61276,2,1
30639,83,628.6,638.7,1839,61278,2,1
30640,83,628.8,638.3,1839,61280,2,1
30641,83,628.9,638.5,1839,61282,2,1
30642,83,629,638.8,1839,61284,2,1
30643,83,629.1,639.7,1839,61286,2,1
30644,83,629.3,640.7,1839,61288,2,1
30645,83,629.5,641.7,1839,61290,2,1
30646,83,629.8,642.7,1839,61292,2,1
30647,83,630.1,643.5,1839,61294,2,1
30648,83,630.3,644.3,1840,61296,2,1
30649,83,630.5,645.2,1840,61298,2,1
30650,83,630.7,645.4,1840,61300,2,1
30651,83,630.5,645.6,1840,61302,2,1
30652,83,630.2,645.6,1840,61304,2,1
30653,83,629.9,645.5,1840,61306,2,1
30654,83,629.5,645.2,1840,61308,2,1
30655,83,629.1,644.2,1840,61310,2,1
30656,83,628.6,643.2,1840,61312,2,1
30657,83,628.1,642.4,1840,61314,2,1
30658,83,627.9,641.5,1840,61316,2,1
30659,83,627.7,640.7,1840,61318,2,1
30660,83,627.5,639.8,1840,61320,2,1
30661,83,627.4,639.1,1840,61322,2,1
30662,83,627.2,639.2,1840,61324,2,1
30663,83,627.7,639.3,1840,61326,2,1
30664,83,628.2,639.8,1840,61328,2,1
30665,83,628.9,640.4,1841,61330,2,1
30666,83,629.5,641.1,1841,61332,2,1
30667,83,630.2,641.9,1841,61334,2,1
30668,83,631,642.7,1841,61336,2,1
30669,83,631.9,643.5,1841,61338,2,1
30670,83,632.2,644.1,1841,61340,2,1
30671,83,632.4,644.2,1841,61342,2,1
30672,83,632.3,644.1,1841,61344,2,1
30673,83,631.7,643.8,1841,61346,2,1
30674,83,631.1,643.4,1841,61348,2,1
30675,83,630.5,643,1841,61350,2,1
30676,83,629.8,642.6,1841,61352,2,1
30677,83,629.1,642.2,1841,61354,2,1
30678,83,628.6,641.9,1841,61356,2,1
30679,83,628.2,641.5,1841,61358,2,1
30680,83,628.3,641.2,1841,61360,2,1
30681,83,628.4,640.8,1842,61362,2,1
30682,83,628.5,640.6,1842,61364,2,1
30683,83,628.6,640.2,1842,61366,2,1
30684,83,629.3,639.8,1842,61368,2,1
30685,83,630.1,639.4,1842,61370,2,1
30686,83,631,639,1842,61372,2,1
30687,83,631.8,638.7,1842,61374,2,1
30688,83,632.6,638.4,1842,61376,2,1
30689,83,633.4,638.1,1842,61378,2,1
30690,83,634.1,637.9,1842,61380,2,1
30691,83,634.3,637.7,1842,61382,2,1
30692,83,634.3,637.6,1842,61384,2,1
30693,83,634.6,637.6,1842,61386,2,1
30694,83,634.9,637.6,1842,61388,2,1
30695,83,635.2,637.7,1842,61390,2,1
30696,83,635.4,637.8,1842,61392,2,1
30697,83,635.5,638,1842,61394,2,1
30698,83,635.7,638.1,1843,61396,2,1
30699,83,635.8,638.3,1843,61398,2,1
30700,83,635.7,638.5,1843,61400,2,1
30701,83,635.5,638.9,1843,61402,2,1
30702,83,635.5,639.3,1843,61404,2,1
30703,83,635.2,639.7,1843,61406,2,1
30704,83,634.7,639.9,1843,61408,2,1
30705,83,634.2,640.2,1843,61410,2,1
30706,83,633.6,640.3,1843,61412,2,1
30707,83,633,640.4,1843,61414,2,1
30708,83,632.3,640.3,1843,61416,2,1
30709,83,631.8,640.1,1843,61418,2,1
30710,83,631.7,639.9,1843,61420,2,1
30711,83,631.6,639.7,1843,61422,2,1
30712,83,631.7,639.6,1843,61424,2,1
30713,83,631.9,639.6,1843,61426,2,1
30714,83,632.1,639.5,1843,61428,2,1
30715,83,632.3,639.6,1844,61430,2,1
30716,83,632.6,639.7,1844,61432,2,1
30717,83,632.9,639.8,1844,61434,2,1
30718,83,633.5,639.9,1844,61436,2,1
30719,83,634.1,639.9,1844,61438,2,1
30720,83,634.6,640,1844,61440,2,1
30721,83,635.1,639.9,1844,61442,2,1
30722,83,635.3,639.6,1844,61444,2,1
30723,83,635.5,639.4,1844,61446,2,1
30724,83,635.5,638.7,1844,61448,2,1
30725,83,635.2,638,1844,61450,2,1
30726,83,634.8,637.4,1844,61452,2,1
30727,83,634.3,636.6,1844,61454,2,1
30728,83,633.8,635.8,1844,61456,2,1
30729,83,633.5,635.1,1844,61458,2,1
30730,83,633.2,634.4,1844,61460,2,1
30731,83,632.9,634.1,1845,61462,2,1
30732,83,632.7,633.7,1845,61464,2,1
30733,83,632.7,633.4,1845,61466,2,1
30734,83,632.7,633.2,1845,61468,2,1
30735,83,632.8,633.4,1845,61470,2,1
30736,83,632.8,633.5,1845,61472,2,1
30737,83,632.7,633.6,1845,61474,2,1
30738,83,632.5,633.8,1845,61476,2,1
30739,83,632.4,634.1,1845,61478,2,1
30740,83,632.4,634.4,1845,61480,2,1
30741,83,632.3,634.6,1845,61482,2,1
30742,83,632.2,634.7,1845,61484,2,1
30743,83,632.2,634.7,1845,61486,2,1
30744,83,632.4,634.8,1845,61488,2,1
30745,83,632.7,634.8,1845,61490,2,1
30746,83,633.2,634.8,1845,61492,2,1
30747,83,633.7,634.9,1845,61494,2,1
30748,83,634.3,635.1,1846,61496,2,1
30749,83,635.1,635.2,1846,61498,2,1
30750,83,635.8,635.4,1846,61500,2,1
30751,83,636.4,635.3,1846,61502,2,1
30752,83,636.9,635.1,1846,61504,2,1
30753,83,636.9,634.9,1846,61506,2,1
30754,83,636.7,634.7,1846,61508,2,1
30755,83,636.4,634.6,1846,61510,2,1
30756,83,635.9,634.5,1846,61512,2,1
30757,83,635.4,634.4,1846,61514,2,1
30758,83,634.8,634.5,1846,61516,2,1
30759,83,634.3,634.5,1846,61518,2,1
30760,83,633.9,634.5,1846,61520,2,1
30761,83,633.8,634.5,1846,61522,2,1
30762,83,633.8,634.1,1846,61524,2,1
30763,83,634.1,633.8,1846,61526,2,1
30764,83,634.4,633.5,1847,61528,2,1
30765,83,634.8,633.3,1847,61530,2,1
30766,83,635.2,633.2,1847,61532,2,1
30767,83,635.6,632.6,1847,61534,2,1
30768,83,635.7,632,1847,61536,2,1
30769,83,635.6,631.5,1847,61538,2,1
30770,83,635.3,631.1,1847,61540,2,1
30771,83,634.9,630.7,1847,61542,2,1
30772,83,634.5,630.4,1847,61544,2,1
30773,83,634.1,630.2,1847,61546,2,1
30774,83,633.6,630.4,1847,61548,2,1
30775,83,633.1,630.7,1847,61550,2,1
30776,83,632.7,631,1847,61552,2,1
30777,83,632.4,631.2,1847,61554,2,1
30778,83,632.1,631.3,1847,61556,2,1
30779,83,631.8,631.4,1847,61558,2,1
30780,83,631.6,631.5,1847,61560,2,1
30781,83,631.5,631.7,1848,61562,2,1
30782,83,631.9,632,1848,61564,2,1
30783,83,632.2,632.4,1848,61566,2,1
30784,83,632.5,632.8,1848,61568,2,1
30785,83,632.8,633.1,1848,61570,2,1
30786,83,633.2,633.5,1848,61572,2,1
30787,83,633.9,633.8,1848,61574,2,1
30788,83,634.5,634,1848,61576,2,1
30789,83,635.1,634,1848,61578,2,1
30790,83,635.5,634,1848,61580,2,1
30791,83,636,634.1,1848,61582,2,1
30792,83,636.1,634.2,1848,61584,2,1
30793,83,636.2,634.2,1848,61586,2,1
30794,83,636,634.3,1848,61588,2,1
30795,83,635.8,634.4,1848,61590,2,1
30796,83,635.6,634.4,1848,61592,2,1
30797,83,635.4,634.5,1848,61594,2,1
30798,83,635.3,634.5,1849,61596,2,1
30799,83,635.4,634.5,1849,61598,2,1
30800,83,635.6,634.4,1849,61600,2,1
30801,83,635.7,634.4,1849,61602,2,1
30802,83,635.8,634.2,1849,61604,2,1
30803,83,636,633.9,1849,61606,2,1
30804,83,636.2,633.5,1849,61608,2,1
30805,83,636.4,633.2,1849,61610,2,1
30806,83,636.5,633,1849,61612,2,1
30807,83,636.6,632.7,1849,61614,2,1
30808,83,636.8,632.4,1849,61616,2,1
30809,83,636.9,632.2,1849,61618,2,1
30810,83,637,632,1849,61620,2,1
30811,83,636.9,631.9,1849,61622,2,1
30812,83,636.9,631.7,1849,61624,2,1
30813,83,636.9,632,1849,61626,2,1
30814,83,636.9,632.4,1850,61628,2,1
30815,83,636.8,632.8,1850,61630,2,1
30816,83,636.8,633.2,1850,61632,2,1
30817,83,636.9,633.8,1850,61634,2,1
30818,83,637,634.2,1850,61636,2,1
30819,83,637.2,634.5,1850,61638,2,1
30820,83,637.4,634.3,1850,61640,2,1
30821,83,637.6,633.8,1850,61642,2,1
30822,83,637.7,633.2,1850,61644,2,1
30823,83,637.9,632.7,1850,61646,2,1
30824,83,637.9,631.9,1850,61648,2,1
30825,83,638.1,631.3,1850,61650,2,1
30826,83,638.2,631.2,1850,61652,2,1
30827,83,638.2,631.3,1850,61654,2,1
30828,83,638.3,631.5,1850,61656,2,1
30829,83,638.4,631.7,1850,61658,2,1
30830,83,638.4,631.8,1850,61660,2,1
30831,83,638.2,631.9,1851,61662,2,1
30832,83,637.8,632,1851,61664,2,1
30833,83,637.4,631.7,1851,61666,2,1
30834,83,637.1,631.5,1851,61668,2,1
30835,83,636.8,631.3,1851,61670,2,1
30836,83,636.5,631.4,1851,61672,2,1
30837,83,636.3,631.4,1851,61674,2,1
30838,83,636.3,631.3,1851,61676,2,1
30839,83,636.2,631.2,1851,61678,2,1
30840,83,636.1,631,1851,61680,2,1
30841,83,636.1,630.7,1851,61682,2,1
30842,83,636,630.2,1851,61684,2,1
30843,83,636,629.6,1851,61686,2,1
30844,83,635.9,629.1,1851,61688,2,1
30845,83,635.7,628.6,1851,61690,2,1
30846,83,635.5,628,1851,61692,2,1
30847,83,635.3,627.5,1851,61694,2,1
30848,83,635,627.3,1852,61696,2,1
30849,83,634.6,627.2,1852,61698,2,1
30850,83,634.2,627.4,1852,61700,2,1
30851,83,633.9,627.8,1852,61702,2,1
30852,83,633.7,628.5,1852,61704,2,1
30853,83,633.6,629.4,1852,61706,2,1
30854,83,633.6,630.3,1852,61708,2,1
30855,83,633.6,631.5,1852,61710,2,1
30856,83,633.6,632.6,1852,61712,2,1
30857,83,633.5,633.9,1852,61714,2,1
30858,83,633.4,635.1,1852,61716,2,1
30859,83,633.3,635.9,1852,61718,2,1
30860,83,633.1,636.7,1852,61720,2,1
30861,83,632.9,637.3,1852,61722,2,1
30862,83,632.7,637.6,1852,61724,2,1
30863,83,632.4,638,1852,61726,2,1
30864,83,632.3,637.8,1853,61728,2,1
30865,83,632,637.7,1853,61730,2,1
30866,83,631.6,637.5,1853,61732,2,1
30867,83,631.2,637.2,1853,61734,2,1
30868,83,630.9,636.7,1853,61736,2,1
30869,83,630.5,636.2,1853,61738,2,1
30870,83,630.2,635.7,1853,61740,2,1
30871,83,629.9,635.1,1853,61742,2,1
30872,83,630.3,634.5,1853,61744,2,1
30873,83,630.7,634,1853,61746,2,1
30874,83,631.6,633.7,1853,61748,2,1
30875,83,632.4,633.5,1853,61750,2,1
30876,83,633.3,633.4,1853,61752,2,1
30877,83,634.2,633.7,1853,61754,2,1
30878,83,634.9,634.1,1853,61756,2,1
30879,83,635.1,634.6,1853,61758,2,1
30880,83,635.4,635,1853,61760,2,1
30881,83,635.2,635.4,1854,61762,2,1
30882,83,635,635.7,1854,61764,2,1
30883,83,634.7,635.6,1854,61766,2,1
30884,83,634.5,635.3,1854,61768,2,1
30885,83,634.4,634.8,1854,61770,2,1
30886,83,634.4,634.4,1854,61772,2,1
30887,83,634.5,633.9,1854,61774,2,1
30888,83,634.9,633.4,1854,61776,2,1
30889,83,635.3,632.5,1854,61778,2,1
30890,83,635.7,631.4,1854,61780,2,1
30891,83,636.1,630.4,1854,61782,2,1
30892,83,636.5,629.3,1854,61784,2,1
30893,83,637.1,628.2,1854,61786,2,1
30894,83,637.5,627.1,1854,61788,2,1
30895,83,637.7,626.1,1854,61790,2,1
30896,83,638,625.7,1854,61792,2,1
30897,83,638.2,625.7,1854,61794,2,1
30898,83,638.3,625.8,1855,61796,2,1
30899,83,638.4,626,1855,61798,2,1
30900,83,638.4,626.4,1855,61800,2,1
30901,83,638.3,627.2,1855,61802,2,1
30902,83,638.3,627.9,1855,61804,2,1
30903,83,638.3,628.7,1855,61806,2,1
30904,83,638.2,629.5,1855,61808,2,1
30905,83,638.1,630.3,1855,61810,2,1
30906,83,638,631.2,1855,61812,2,1
30907,83,637.9,632,1855,61814,2,1
30908,83,637.8,632.4,1855,61816,2,1
30909,83,637.6,632.8,1855,61818,2,1
30910,83,637.5,633.2,1855,61820,2,1
30911,83,637.4,633.5,1855,61822,2,1
30912,83,637.4,633.5,1855,61824,2,1
30913,83,637.4,633.3,1855,61826,2,1
30914,83,637.5,633.1,1855,61828,2,1
30915,83,637.7,632.9,1856,61830,2,1
30916,83,637.8,632.7,1856,61832,2,1
30917,83,638,632.4,1856,61834,2,1
30918,83,638.1,632.1,1856,61836,2,1
30919,83,638.2,631.7,1856,61838,2,1
30920,83,638.4,631.3,1856,61840,2,1
30921,83,638.5,630.8,1856,61842,2,1
30922,83,638.4,630.4,1856,61844,2,1
30923,83,638.3,630,1856,61846,2,1
30924,83,638.2,629.6,1856,61848,2,1
30925,83,638.2,629.3,1856,61850,2,1
30926,83,638.1,629.3,1856,61852,2,1
30927,83,638.1,629.5,1856,61854,2,1
30928,83,638,630.2,1856,61856,2,1
30929,83,638,630.9,1856,61858,2,1
30930,83,638.1,631.6,1856,61860,2,1
30931,83,638.2,632.3,1857,61862,2,1
30932,83,638.3,633,1857,61864,2,1
30933,83,638.3,633.7,1857,61866,2,1
30934,83,638.4,634.2,1857,61868,2,1
30935,83,638.4,634.3,1857,61870,2,1
30936,83,638.4,634.4,1857,61872,2,1
30937,83,638.4,634.3,1857,61874,2,1
30938,83,638.4,634.2,1857,61876,2,1
30939,83,638.4,633.6,1857,61878,2,1
30940,83,638.4,633.1,1857,61880,2,1
30941,83,638.8,632.5,1857,61882,2,1
30942,83,639.2,631.8,1857,61884,2,1
30943,83,639.5,631.2,1857,61886,2,1
30944,83,639.8,630.6,1857,61888,2,1
30945,83,640,630,1857,61890,2,1
30946,83,640.1,629.7,1857,61892,2,1
30947,83,640.1,629.5,1857,61894,2,1
30948,83,639.8,629.3,1858,61896,2,1
30949,83,639.5,629,1858,61898,2,1
30950,83,639.3,628.7,1858,61900,2,1
30951,83,639.5,628.2,1858,61902,2,1
30952,83,639.7,627.7,1858,61904,2,1
30953,83,640,627.5,1858,61906,2,1
30954,83,640.3,627.3,1858,61908,2,1
30955,83,640.6,627.1,1858,61910,2,1
30956,83,640.7,627,1858,61912,2,1
30957,83,639.7,627,1858,61914,2,1
30958,83,638.6,627.2,1858,61916,2,1
30959,83,637.4,627.3,1858,61918,2,1
30960,83,636.2,627.3,1858,61920,2,1
30961,83,635,627.2,1858,61922,2,1
30962,83,633.9,627.1,1858,61924,2,1
30963,83,632.9,627,1858,61926,2,1
30964,83,631.9,626.8,1858,61928,2,1
30965,83,630.8,626.8,1859,61930,2,1
30966,83,629.2,626.9,1859,61932,2,1
30967,83,625.7,627.1,1859,61934,2,1
30968,83,622.2,627.2,1859,61936,2,1
30969,83,618.7,627.1,1859,61938,2,1
30970,83,615,626.8,1859,61940,2,1
30971,83,612.4,626.4,1859,61942,2,1
30972,83,610,625.8,1859,61944,2,1
30973,83,608,624.7,1859,61946,2,1
30974,83,608.1,623.4,1859,61948,2,1
30975,83,608.6,622.2,1859,61950,2,1
30976,83,609.1,621.1,1859,61952,2,1
30977,83,609.7,620.4,1859,61954,2,1
30978,83,610.4,619.9,1859,61956,2,1
30979,83,611,619.9,1859,61958,2,1
30980,83,611.6,620.1,1859,61960,2,1
30981,83,612.1,621.2,1860,61962,2,1
30982,83,612,622.3,1860,61964,2,1
30983,83,612,623.4,1860,61966,2,1
30984,83,611.8,624.4,1860,61968,2,1
30985,83,611.6,625.3,1860,61970,2,1
30986,83,611.3,626,1860,61972,2,1
30987,83,611,626.8,1860,61974,2,1
30988,83,610.8,626.9,1860,61976,2,1
30989,83,610.6,626.9,1860,61978,2,1
30990,83,610.9,626.9,1860,61980,2,1
30991,83,611.3,626.9,1860,61982,2,1
30992,83,611.7,626.8,1860,61984,2,1
30993,83,612.2,626.8,1860,61986,2,1
30994,83,612.6,626.7,1860,61988,2,1
30995,83,612.9,626.7,1860,61990,2,1
30996,83,613.2,626.8,1860,61992,2,1
30997,83,613.1,627.1,1860,61994,2,1
30998,83,613.1,627.5,1861,61996,2,1
30999,83,613.1,628,1861,61998,2,1
31000,83,613.1,628.5,1861,62000,2,1
31001,83,613.2,628.9,1861,62002,2,1
31002,83,613.6,629.4,1861,62004,2,1
31003,83,614,629.8,1861,62006,2,1
31004,83,614.4,630.3,1861,62008,2,1
31005,83,614.8,630.4,1861,62010,2,1
31006,83,615.2,630.5,1861,62012,2,1
31007,83,615.6,630.4,1861,62014,2,1
31008,83,615.9,630.2,1861,62016,2,1
31009,83,615.9,630,1861,62018,2,1
31010,83,615.9,629.1,1861,62020,2,1
31011,83,615.7,628,1861,62022,2,1
31012,83,615.5,627,1861,62024,2,1
31013,83,615.2,626,1861,62026,2,1
31014,83,614.9,625.4,1861,62028,2,1
31015,83,614.7,624.9,1862,62030,2,1
31016,83,614.6,624.3,1862,62032,2,1
31017,83,614.3,624.4,1862,62034,2,1
31018,83,614,624.9,1862,62036,2,1
31019,83,613.8,625.3,1862,62038,2,1
31020,83,613.6,625.6,1862,62040,2,1
31021,83,613.4,625.7,1862,62042,2,1
31022,83,613.1,625.8,1862,62044,2,1
31023,83,612.8,625.9,1862,62046,2,1
31024,83,612.7,625.8,1862,62048,2,1
31025,83,612.9,625.5,1862,62050,2,1
31026,83,613,625.2,1862,62052,2,1
31027,83,613.4,625,1862,62054,2,1
31028,83,613.8,624.8,1862,62056,2,1
31029,83,614.3,624.7,1862,62058,2,1
31030,83,614.8,625,1862,62060,2,1
31031,83,615.1,625.5,1863,62062,2,1
31032,83,615.1,626.4,1863,62064,2,1
31033,83,614.4,627.5,1863,62066,2,1
31034,83,613.6,628.6,1863,62068,2,1
31035,83,612.7,629.7,1863,62070,2,1
31036,83,611.9,630.7,1863,62072,2,1
31037,83,611.3,631.3,1863,62074,2,1
31038,83,610.7,631.9,1863,62076,2,1
31039,83,611,632,1863,62078,2,1
31040,83,611.9,632.1,1863,62080,2,1
31041,83,612.8,632.4,1863,62082,2,1
31042,83,613.6,632.7,1863,62084,2,1
31043,83,614.4,632.9,1863,62086,2,1
31044,83,615.1,633.1,1863,62088,2,1
31045,83,615.7,633.3,1863,62090,2,1
31046,83,615.6,633.7,1863,62092,2,1
31047,83,615.5,634.4,1863,62094,2,1
31048,83,615.3,635,1864,62096,2,1
31049,83,615.2,635.4,1864,62098,2,1
31050,83,615.1,635.7,1864,62100,2,1
31051,83,615,636.1,1864,62102,2,1
31052,83,614.9,636.3,1864,62104,2,1
31053,83,614.8,636.5,1864,62106,2,1
31054,83,614.7,636.2,1864,62108,2,1
31055,83,614.7,636,1864,62110,2,1
31056,83,614.8,635.9,1864,62112,2,1
31057,83,614.9,635.7,1864,62114,2,1
31058,83,615,635.4,1864,62116,2,1
31059,83,615.1,635.3,1864,62118,2,1
31060,83,615.3,635.1,1864,62120,2,1
31061,83,615.5,635.1,1864,62122,2,1
31062,83,615.9,635.2,1864,62124,2,1
31063,83,616,635.2,1864,62126,2,1
31064,83,616.1,635.3,1864,62128,2,1
31065,83,616.1,635.4,1865,62130,2,1
31066,83,616,635.5,1865,62132,2,1
31067,83,615.8,635.9,1865,62134,2,1
31068,83,615.6,636.2,1865,62136,2,1
31069,83,615.3,636.4,1865,62138,2,1
31070,83,615,636.4,1865,62140,2,1
31071,83,614.8,636.3,1865,62142,2,1
31072,83,615.1,636.1,1865,62144,2,1
31073,83,615.3,635.8,1865,62146,2,1
31074,83,615.6,635.5,1865,62148,2,1
31075,83,615.9,635.2,1865,62150,2,1
31076,83,616,635.3,1865,62152,2,1
31077,83,616.1,635.6,1865,62154,2,1
31078,83,616.1,636,1865,62156,2,1
31079,83,615.9,636.4,1865,62158,2,1
31080,83,615.6,636.9,1865,62160,2,1
31081,83,615.3,637.3,1866,62162,2,1
31082,83,615.1,637.5,1866,62164,2,1
31083,83,614.7,637.4,1866,62166,2,1
31084,83,614.5,637.4,1866,62168,2,1
31085,83,614.1,637.4,1866,62170,2,1
31086,83,613.8,637.4,1866,62172,2,1
31087,83,613.5,637.3,1866,62174,2,1
31088,83,613.2,637,1866,62176,2,1
31089,83,613.1,636.4,1866,62178,2,1
31090,83,613.4,635.8,1866,62180,2,1
31091,83,613.6,635.1,1866,62182,2,1
31092,83,614.1,634.5,1866,62184,2,1
31093,83,614.6,633.9,1866,62186,2,1
31094,83,615,633.7,1866,62188,2,1
31095,83,615,633.7,1866,62190,2,1
31096,83,615,634,1866,62192,2,1
31097,83,614.9,634.4,1866,62194,2,1
31098,83,614.9,635.4,1867,62196,2,1
31099,83,615,636.5,1867,62198,2,1
31100,83,615.2,637.7,1867,62200,2,1
31101,83,615.7,638.3,1867,62202,2,1
31102,83,616.6,638.8,1867,62204,2,1
31103,83,617.5,639.3,1867,62206,2,1
31104,83,618.2,639.8,1867,62208,2,1
31105,83,618.7,639.7,1867,62210,2,1
31106,83,619,639.6,1867,62212,2,1
31107,83,618.9,639.5,1867,62214,2,1
31108,83,618.3,639.6,1867,62216,2,1
31109,83,617.8,639.8,1867,62218,2,1
31110,83,617.3,639.8,1867,62220,2,1
31111,83,616.9,639.9,1867,62222,2,1
31112,83,616.7,640,1867,62224,2,1
31113,83,616.5,640.1,1867,62226,2,1
31114,83,616.7,640,1867,62228,2,1
31115,83,616.9,639.9,1868,62230,2,1
31116,83,617,639.7,1868,62232,2,1
31117,83,617.1,639.5,1868,62234,2,1
31118,83,617.2,639.3,1868,62236,2,1
31119,83,617.2,639.3,1868,62238,2,1
31120,83,617.6,639.1,1868,62240,2,1
31121,83,618,638.8,1868,62242,2,1
31122,83,618.3,638.2,1868,62244,2,1
31123,83,618.7,637.7,1868,62246,2,1
31124,83,618.8,637.2,1868,62248,2,1
31125,83,619,636.7,1868,62250,2,1
31126,83,619.1,636.3,1868,62252,2,1
31127,83,618.8,635.9,1868,62254,2,1
31128,83,618.4,635.7,1868,62256,2,1
31129,83,617.8,635.7,1868,62258,2,1
31130,83,617.2,635.7,1868,62260,2,1
31131,83,616.8,635.7,1868,62262,2,1
31132,83,616.2,635.9,1868,62264,2,1
31133,83,615.6,636.1,1868,62266,2,1
31134,83,615,636.4,1868,62268,2,1
31135,83,614.6,636.7,1868,62270,2,1
31136,83,614.5,637.1,1868,62272,2,1
31137,83,614.4,637.6,1868,62274,2,1
31138,83,614.3,638.1,1868,62276,2,1
31139,83,614.4,638.6,1868,62278,2,1
31140,83,614.6,638.8,1868,62280,2,1
31141,83,614.8,638.4,1868,62282,2,1
31142,83,615.2,637.9,1868,62284,2,1
31143,83,615.4,637.4,1868,62286,2,1
31144,83,615.6,636.9,1868,62288,2,1
31145,83,615.8,636.3,1868,62290,2,1
31146,83,616.1,635.5,1868,62292,2,1
31147,83,616.3,634.5,1868,62294,2,1
31148,83,616.4,634.1,1868,62296,2,1
31149,83,616.7,633.6,1868,62298,2,1
31150,83,616.9,633.3,1868,62300,2,1
31151,83,617.1,633.2,1868,62302,2,1
31152,83,617.3,633.2,1868,62304,2,1
31153,83,617.5,633.4,1868,62306,2,1
31154,83,617.8,633.8,1868,62308,2,1
31155,83,618.2,634.1,1868,62310,2,1
31156,83,618.9,634.5,1868,62312,2,1
31157,83,619.7,634.8,1868,62314,2,1
31158,83,620.3,634.7,1868,62316,2,1
31159,83,620.8,634.2,1868,62318,2,1
31160,83,620.8,633.5,1868,62320,2,1
31161,83,620.5,632.8,1868,62322,2,1
31162,83,619.9,632.2,1868,62324,2,1
31163,83,618.8,631.6,1868,62326,2,1
31164,83,617.8,631,1870,62328,2,1
31165,83,616.9,630.7,1870,62330,2,1
31166,83,616.4,631,1870,62332,2,1
31167,83,616.4,631.5,1870,62334,2,1
31168,83,616.8,631.9,1870,62336,2,1
31169,83,617.3,632.5,1870,62338,2,1
31170,83,618,633.3,1870,62340,2,1
31171,83,618.6,633.9,1870,62342,2,1
31172,83,619.1,634.3,1870,62344,2,1
31173,83,619.4,634.5,1870,62346,2,1
31174,83,619.7,634.6,1870,62348,2,1
31175,83,619.8,634.8,1870,62350,2,1
31176,83,619.8,634.7,1870,62352,2,1
31177,83,619.3,634.6,1870,62354,2,1
31178,83,618.8,634.6,1870,62356,2,1
31179,83,618.3,634.5,1870,62358,2,1
31180,83,617.7,634.3,1870,62360,2,1
31181,83,617.2,634.1,1871,62362,2,1
31182,83,617,633.8,1871,62364,2,1
31183,83,617.1,633.6,1871,62366,2,1
31184,83,617.5,633.2,1871,62368,2,1
31185,83,618,632.8,1871,62370,2,1
31186,83,618.9,632.6,1871,62372,2,1
31187,83,619.8,632.5,1871,62374,2,1
31188,83,620.7,632.4,1871,62376,2,1
31189,83,621.3,632.4,1872,62378,2,1
31190,83,621.8,632.5,1872,62380,2,1
31191,83,622,632.6,1872,62382,2,1
31192,83,622.1,632.9,1872,62384,2,1
31193,83,621.8,633.2,1872,62386,2,1
31194,83,621.5,633.5,1872,62388,2,1
31195,83,621.1,633.8,1872,62390,2,1
31196,83,620.7,634,1872,62392,2,1
31197,83,620.1,634,1872,62394,2,1
31198,83,619.9,633.7,1873,62396,2,1
31199,83,619.8,633.4,1873,62398,2,1
31200,83,619.7,632.9,1873,62400,2,1
31201,83,619.6,632.5,1873,62402,2,1
31202,83,619.7,632,1873,62404,2,1
31203,83,619.8,631.7,1873,62406,2,1
31204,83,620.1,631.7,1873,62408,2,1
31205,83,620.6,632,1873,62410,2,1
31206,83,621.1,632.4,1873,62412,2,1
31207,83,621.7,632.7,1873,62414,2,1
31208,83,622.2,633.1,1873,62416,2,1
31209,83,622.7,633.4,1873,62418,2,1
31210,83,623.2,633.5,1873,62420,2,1
31211,83,623.7,633.4,1873,62422,2,1
31212,83,624,633.3,1873,62424,2,1
31213,83,624.3,633.2,1873,62426,2,1
31214,83,624.5,633.2,1874,62428,2,1
31215,83,624.5,633.4,1874,62430,2,1
31216,83,624.5,633.6,1874,62432,2,1
31217,83,624.4,633.8,1874,62434,2,1
31218,83,624.2,634.1,1874,62436,2,1
31219,83,623.9,634.2,1874,62438,2,1
31220,83,623.7,634.3,1874,62440,2,1
31221,83,623.5,634,1874,62442,2,1
31222,83,623.8,633.7,1874,62444,2,1
31223,83,624.1,633.6,1874,62446,2,1
31224,83,624.5,633.6,1874,62448,2,1
31225,83,625.1,633.6,1874,62450,2,1
31226,83,625.8,633.7,1874,62452,2,1
31227,83,626.5,633.9,1874,62454,2,1
31228,83,627.2,634.1,1874,62456,2,1
31229,83,627.7,634.1,1874,62458,2,1
31230,83,628.2,633.9,1874,62460,2,1
31231,83,628.7,633.8,1875,62462,2,1
31232,83,629,633.5,1875,62464,2,1
31233,83,629.3,633.2,1875,62466,2,1
31234,83,629.3,632.8,1875,62468,2,1
31235,83,629.3,633,1875,62470,2,1
31236,83,629.2,633.4,1875,62472,2,1
31237,83,629.2,633.8,1875,62474,2,1
31238,83,629.3,634.3,1875,62476,2,1
31239,83,629.4,634.7,1875,62478,2,1
31240,83,629.5,635.1,1875,62480,2,1
31241,83,629.7,635.2,1875,62482,2,1
31242,83,629.9,634.7,1875,62484,2,1
31243,83,630.2,634,1875,62486,2,1
31244,83,630.6,633.3,1875,62488,2,1
31245,83,630.9,632.8,1875,62490,2,1
31246,83,631.1,632.2,1875,62492,2,1
31247,83,631.3,631.6,1876,62494,2,1
31248,83,631.4,631.2,1876,62496,2,1
31249,83,631.5,631,1876,62498,2,1
31250,83,631.5,631,1876,62500,2,1
31251,83,631.6,631,1876,62502,2,1
31252,83,631.7,631.2,1876,62504,2,1
31253,83,631.7,631.4,1876,62506,2,1
31254,83,631.8,631.6,1876,62508,2,1
31255,83,631.9,631.9,1876,62510,2,1
31256,83,631.9,632.2,1876,62512,2,1
31257,83,631.8,632.6,1876,62514,2,1
31258,83,631.5,633.2,1876,62516,2,1
31259,83,631.2,633.3,1876,62518,2,1
31260,83,630.3,633.1,1876,62520,2,1
31261,83,629.1,631.2,1876,62522,2,1
31262,83,627.8,628.9,1876,62524,2,1
31263,83,626,625.8,1876,62526,2,1
31264,83,624.5,621.6,1877,62528,2,1
31265,83,623,617.3,1877,62530,2,1
31266,83,621.4,613.5,1877,62532,2,1
31267,83,620.4,610,1877,62534,2,1
31268,83,619.6,607.8,1877,62536,2,1
31269,83,619,605.8,1877,62538,2,1
31270,83,618.7,604.7,1877,62540,2,1
31271,83,618.5,604.7,1877,62542,2,1
31272,83,618.3,604.9,1877,62544,2,1
31273,83,618.2,605.1,1877,62546,2,1
31274,83,618.2,605.2,1877,62548,2,1
31275,83,618.1,605.9,1877,62550,2,1
31276,83,618.1,606.6,1877,62552,2,1
31277,83,618.1,607.3,1877,62554,2,1
31278,83,618.1,608,1877,62556,2,1
31279,83,618.1,608.8,1877,62558,2,1
31280,83,618.1,609.5,1877,62560,2,1
31281,83,618.2,610,1878,62562,2,1
31282,83,618.3,609.7,1878,62564,2,1
31283,83,618.5,609.4,1878,62566,2,1
31284,83,618.8,608.8,1878,62568,2,1
31285,83,619.1,608.2,1878,62570,2,1
31286,83,619.4,607.5,1878,62572,2,1
31287,83,619.7,607,1878,62574,2,1
31288,83,619.7,606.7,1878,62576,2,1
31289,83,619.6,606.5,1878,62578,2,1
31290,83,619.2,606.4,1878,62580,2,1
31291,83,618.7,606.6,1878,62582,2,1
31292,83,618.1,607,1878,62584,2,1
31293,83,617.5,607.3,1878,62586,2,1
31294,83,616.9,607.7,1878,62588,2,1
31295,83,616.5,607.8,1878,62590,2,1
31296,83,616.4,607.7,1878,62592,2,1
31297,83,616.4,607.6,1878,62594,2,1
31298,83,616.4,607.5,1879,62596,2,1
31299,83,616.5,607.5,1879,62598,2,1
31300,83,616.5,607.7,1879,62600,2,1
31301,83,616.5,608,1879,62602,2,1
31302,83,616.5,608.2,1879,62604,2,1
31303,83,616.5,608.1,1879,62606,2,1
31304,83,616.4,607.7,1879,62608,2,1
31305,83,616.3,607.4,1879,62610,2,1
31306,83,616.4,607.3,1879,62612,2,1
31307,83,616.6,607.3,1879,62614,2,1
31308,83,616.8,607.5,1879,62616,2,1
31309,83,617,607.8,1879,62618,2,1
31310,83,617,608.3,1879,62620,2,1
31311,83,617.1,608.7,1879,62622,2,1
31312,83,617.4,609,1879,62624,2,1
31313,83,617.5,609.1,1879,62626,2,1
31314,83,617.6,608.8,1879,62628,2,1
31315,83,617.7,608.4,1880,62630,2,1
31316,83,617.8,608.1,1880,62632,2,1
31317,83,618,607.5,1880,62634,2,1
31318,83,618,607.1,1880,62636,2,1
31319,83,617.8,606.7,1880,62638,2,1
31320,83,617.3,606.2,1880,62640,2,1
31321,83,616.7,606.1,1880,62642,2,1
31322,83,616.2,606.2,1880,62644,2,1
31323,83,615.6,606.5,1880,62646,2,1
31324,83,615.2,607.2,1880,62648,2,1
31325,83,614.8,607.8,1880,62650,2,1
31326,83,614.5,608.3,1880,62652,2,1
31327,83,615.3,608.5,1880,62654,2,1
31328,83,616.1,608.4,1880,62656,2,1
31329,83,617,608,1880,62658,2,1
31330,83,617.9,607.6,1880,62660,2,1
31331,83,618.8,607,1881,62662,2,1
31332,83,619.6,606.7,1881,62664,2,1
31333,83,620.4,606.6,1881,62666,2,1
31334,83,620.5,606.8,1881,62668,2,1
31335,83,620.6,607,1881,62670,2,1
31336,83,620.5,607.4,1881,62672,2,1
31337,83,620.3,607.8,1881,62674,2,1
31338,83,620,608.2,1881,62676,2,1
31339,83,619.8,608.4,1881,62678,2,1
31340,83,619.5,608.6,1881,62680,2,1
31341,83,619.2,608.8,1881,62682,2,1
31342,83,618.9,609,1881,62684,2,1
31343,83,618.6,609.2,1881,62686,2,1
31344,83,618.5,609.4,1881,62688,2,1
31345,83,618.5,609.4,1881,62690,2,1
31346,83,618.7,609.5,1881,62692,2,1
31347,83,618.9,609.5,1881,62694,2,1
31348,83,619.1,609.6,1882,62696,2,1
31349,83,619.5,609.7,1882,62698,2,1
31350,83,619.8,609.6,1882,62700,2,1
31351,83,620,609.3,1882,62702,2,1
31352,83,620.2,609.2,1882,62704,2,1
31353,83,620.1,608.9,1882,62706,2,1
31354,83,620.1,608.7,1882,62708,2,1
31355,83,620,608.4,1882,62710,2,1
31356,83,619.9,608.1,1882,62712,2,1
31357,83,619.3,608,1882,62714,2,1
31358,83,618.7,607.9,1882,62716,2,1
31359,83,618,607.9,1882,62718,2,1
31360,83,617.4,608,1882,62720,2,1
31361,83,616.8,608.1,1882,62722,2,1
31362,83,616.4,608.2,1882,62724,2,1
31363,83,616,608.2,1882,62726,2,1
31364,83,616.4,608.1,1882,62728,2,1
31365,83,616.9,607.9,1883,62730,2,1
31366,83,617.6,607.8,1883,62732,2,1
31367,83,618.2,607.5,1883,62734,2,1
31368,83,618.9,607.3,1883,62736,2,1
31369,83,619.4,607.2,1883,62738,2,1
31370,83,619.8,607.1,1883,62740,2,1
31371,83,619.9,607.1,1883,62742,2,1
31372,83,619.8,607.1,1883,62744,2,1
31373,83,619.4,607.1,1883,62746,2,1
31374,83,618.9,607.2,1883,62748,2,1
31375,83,618.4,607.2,1883,62750,2,1
31376,83,618,607.2,1883,62752,2,1
31377,83,617.5,607.1,1883,62754,2,1
31378,83,617.1,607.3,1883,62756,2,1
31379,83,616.8,607.5,1883,62758,2,1
31380,83,616.8,607.7,1883,62760,2,1
31381,83,616.8,608.4,1884,62762,2,1
31382,83,616.8,609,1884,62764,2,1
31383,83,616.8,609.6,1884,62766,2,1
31384,83,616.9,610.2,1884,62768,2,1
31385,83,617,610.5,1884,62770,2,1
31386,83,617.1,610.7,1884,62772,2,1
31387,83,617.3,611,1884,62774,2,1
31388,83,617.5,611,1884,62776,2,1
31389,83,617.7,611,1884,62778,2,1
31390,83,617.9,610.8,1884,62780,2,1
31391,83,618,610.5,1884,62782,2,1
31392,83,618.3,610.3,1884,62784,2,1
31393,83,618.5,610,1884,62786,2,1
31394,83,618.7,609.8,1884,62788,2,1
31395,83,618.8,609.6,1884,62790,2,1
31396,83,619,609.6,1884,62792,2,1
31397,83,619.4,609.7,1884,62794,2,1
31398,83,619.7,609.8,1885,62796,2,1
31399,83,619.9,609.9,1885,62798,2,1
31400,83,620.1,610.1,1885,62800,2,1
31401,83,620.2,610.3,1885,62802,2,1
31402,83,620.4,610.4,1885,62804,2,1
31403,83,620.4,610.4,1885,62806,2,1
31404,83,620.2,610.4,1885,62808,2,1
31405,83,620.1,610.3,1885,62810,2,1
31406,83,619.9,610.3,1885,62812,2,1
31407,83,619.8,610,1885,62814,2,1
31408,83,619.6,609,1885,62816,2,1
31409,83,619.4,608.1,1885,62818,2,1
31410,83,619.2,607.2,1885,62820,2,1
31411,83,618.7,606.5,1885,62822,2,1
31412,83,618.2,605.9,1885,62824,2,1
31413,83,617.6,605.7,1885,62826,2,1
31414,83,617.2,605.7,1886,62828,2,1
31415,83,616.9,606.4,1886,62830,2,1
31416,83,616.9,607.2,1886,62832,2,1
31417,83,616.9,608.1,1886,62834,2,1
31418,83,617.3,608.9,1886,62836,2,1
31419,83,617.6,609.7,1886,62838,2,1
31420,83,618,610.1,1886,62840,2,1
31421,83,618.4,610.4,1886,62842,2,1
31422,83,618.8,610.8,1886,62844,2,1
31423,83,618.9,610.6,1886,62846,2,1
31424,83,619,610.3,1886,62848,2,1
31425,83,618.9,609.9,1886,62850,2,1
31426,83,618.5,609.5,1886,62852,2,1
31427,83,617.9,609.1,1886,62854,2,1
31428,83,617.4,608.7,1886,62856,2,1
31429,83,616.8,608.3,1886,62858,2,1
31430,83,616.5,608.6,1886,62860,2,1
31431,83,616.2,609,1887,62862,2,1
31432,83,616.2,609.4,1887,62864,2,1
31433,83,616.5,609.8,1887,62866,2,1
31434,83,617.2,610.2,1887,62868,2,1
31435,83,617.8,610.5,1887,62870,2,1
31436,83,618.3,610.7,1887,62872,2,1
31437,83,618.3,610.5,1887,62874,2,1
31438,83,618.5,610.2,1887,62876,2,1
31439,83,618.6,609.8,1887,62878,2,1
31440,83,618.8,609.4,1887,62880,2,1
31441,83,618.7,608.9,1887,62882,2,1
31442,83,618.6,608.5,1887,62884,2,1
31443,83,618.7,608.2,1887,62886,2,1
31444,83,618.7,607.9,1887,62888,2,1
31445,83,618.7,607.7,1887,62890,2,1
31446,83,618.8,607.6,1887,62892,2,1
31447,83,618.8,607.6,1887,62894,2,1
31448,83,618.8,607.5,1888,62896,2,1
31449,83,618.8,607.4,1888,62898,2,1
31450,83,618.5,607.4,1888,62900,2,1
31451,83,618.2,607.4,1888,62902,2,1
31452,83,617.8,607.5,1888,62904,2,1
31453,83,617.2,607.8,1888,62906,2,1
31454,83,616.5,608.5,1888,62908,2,1
31455,83,615.8,609.2,1888,62910,2,1
31456,83,615.1,610,1888,62912,2,1
31457,83,614.7,610.8,1888,62914,2,1
31458,83,614.4,611.5,1888,62916,2,1
31459,83,614.3,612.2,1888,62918,2,1
31460,83,614.2,612.7,1888,62920,2,1
31461,83,614.3,612.1,1888,62922,2,1
31462,83,614.4,611.5,1888,62924,2,1
31463,83,614.6,610.3,1888,62926,2,1
31464,83,613.9,608.8,1889,62928,2,1
31465,83,613.2,607.3,1889,62930,2,1
31466,83,612.5,605.9,1889,62932,2,1
31467,83,612.4,604.7,1889,62934,2,1
31468,83,612.3,604,1889,62936,2,1
31469,83,612.3,603.5,1889,62938,2,1
31470,83,612.3,603.4,1889,62940,2,1
31471,83,613.1,603.8,1889,62942,2,1
31472,83,613.9,604.2,1889,62944,2,1
31473,83,614.2,604.8,1889,62946,2,1
31474,83,613.9,605.4,1889,62948,2,1
31475,83,613.5,606,1889,62950,2,1
31476,83,613.2,606.5,1889,62952,2,1
31477,83,613,607,1889,62954,2,1
31478,83,612.7,607.5,1889,62956,2,1
31479,83,612.3,607.9,1889,62958,2,1
31480,83,612.4,608.1,1889,62960,2,1
31481,83,612.2,608.2,1890,62962,2,1
31482,83,611.9,608.4,1890,62964,2,1
31483,83,611.4,609,1890,62966,2,1
31484,83,610.9,609.5,1890,62968,2,1
31485,83,610.3,610.1,1890,62970,2,1
31486,83,609.7,610,1890,62972,2,1
31487,83,609.1,610,1890,62974,2,1
31488,83,608.9,609.8,1890,62976,2,1
31489,83,608.7,609.6,1890,62978,2,1
31490,83,608,609,1890,62980,2,1
31491,83,607.5,608.4,1890,62982,2,1
31492,83,606.9,607.5,1890,62984,2,1
31493,83,606.5,607.2,1890,62986,2,1
31494,83,606.2,606.9,1890,62988,2,1
31495,83,605.9,606.7,1890,62990,2,1
31496,83,605.7,606.5,1890,62992,2,1
31497,83,605.9,606.2,1890,62994,2,1
31498,83,606,606,1891,62996,2,1
31499,83,606.1,605.8,1891,62998,2,1
31500,83,606.2,605.6,1891,63000,2,1
31501,83,606.2,605.4,1891,63002,2,1
31502,83,605.6,605.2,1891,63004,2,1
31503,83,605,605.2,1891,63006,2,1
31504,83,604.5,605.1,1891,63008,2,1
31505,83,604,605.1,1891,63010,2,1
31506,83,604.1,605,1891,63012,2,1
31507,83,604.4,605.8,1891,63014,2,1
31508,83,604.6,606.6,1891,63016,2,1
31509,83,605.4,607.4,1891,63018,2,1
31510,83,606.1,608.1,1891,63020,2,1
31511,83,606.8,608.6,1891,63022,2,1
31512,83,606.5,609.4,1891,63024,2,1
31513,83,605.7,610.2,1891,63026,2,1
31514,83,604.9,610.3,1891,63028,2,1
31515,83,604,610.2,1892,63030,2,1
31516,83,603.3,610,1892,63032,2,1
31517,83,602.6,609.9,1892,63034,2,1
31518,83,601.9,609.9,1892,63036,2,1
31519,83,602.1,609.8,1892,63038,2,1
31520,83,601.9,609.9,1892,63040,2,1
31521,83,601.7,610,1892,63042,2,1
31522,83,601.4,610.2,1892,63044,2,1
31523,83,601.1,610.5,1892,63046,2,1
31524,83,600.6,610.6,1892,63048,2,1
31525,83,600.2,610.6,1892,63050,2,1
31526,83,599.7,610.6,1892,63052,2,1
31527,83,599.6,610.2,1892,63054,2,1
31528,83,599.6,609.9,1892,63056,2,1
31529,83,599.6,609.6,1892,63058,2,1
31530,83,599.7,609.3,1892,63060,2,1
31531,83,599.9,609.2,1893,63062,2,1
31532,83,600,608.9,1893,63064,2,1
31533,83,600.1,608.7,1893,63066,2,1
31534,83,600.1,608.9,1893,63068,2,1
31535,83,600.2,609.1,1893,63070,2,1
31536,83,600.4,609.3,1893,63072,2,1
31537,83,600.7,609.4,1893,63074,2,1
31538,83,601,609.6,1893,63076,2,1
31539,83,601.4,609.8,1893,63078,2,1
31540,83,601.9,609.5,1893,63080,2,1
31541,83,601.8,609.2,1893,63082,2,1
31542,83,601.6,608.8,1893,63084,2,1
31543,83,601.4,608.5,1893,63086,2,1
31544,83,600.9,608.3,1893,63088,2,1
31545,83,600.3,608.2,1893,63090,2,1
31546,83,599.6,608.1,1893,63092,2,1
31547,83,598.9,608.2,1893,63094,2,1
31548,83,598.8,608.4,1894,63096,2,1
31549,83,598.6,608.5,1894,63098,2,1
31550,83,598.5,608.6,1894,63100,2,1
31551,83,598.6,608.7,1894,63102,2,1
31552,83,598.9,608.5,1894,63104,2,1
31553,83,599.5,608.2,1894,63106,2,1
31554,83,600.2,608,1894,63108,2,1
31555,83,601,607.7,1894,63110,2,1
31556,83,601.7,607.3,1894,63112,2,1
31557,83,601.8,606.8,1894,63114,2,1
31558,83,601.7,606.2,1894,63116,2,1
31559,83,600.8,605.7,1894,63118,2,1
31560,83,599,605.4,1894,63120,2,1
31561,83,596.3,605.4,1894,63122,2,1
31562,83,593.6,605.5,1894,63124,2,1
31563,83,590.8,605.7,1894,63126,2,1
31564,83,588.4,606.4,1894,63128,2,1
31565,83,586,607.1,1895,63130,2,1
31566,83,583.9,608.6,1895,63132,2,1
31567,83,582.6,609.9,1895,63134,2,1
31568,83,582.1,611.2,1895,63136,2,1
31569,83,581.6,612.3,1895,63138,2,1
31570,83,581.2,613.3,1895,63140,2,1
31571,83,581,614.1,1895,63142,2,1
31572,83,580.9,614.8,1895,63144,2,1
31573,83,581.1,614.8,1895,63146,2,1
31574,83,581.3,614.7,1895,63148,2,1
31575,83,581.6,614.6,1895,63150,2,1
31576,83,581.9,614.4,1895,63152,2,1
31577,83,582.2,614.1,1895,63154,2,1
31578,83,582.8,613.8,1895,63156,2,1
31579,83,583.4,613.5,1895,63158,2,1
31580,83,583.9,613.3,1895,63160,2,1
31581,83,584.3,613,1896,63162,2,1
31582,83,584.4,612.9,1896,63164,2,1
31583,83,584.1,612.7,1896,63166,2,1
31584,83,583.8,612.3,1896,63168,2,1
31585,83,583.4,612.1,1896,63170,2,1
31586,83,583.3,611.8,1896,63172,2,1
31587,83,583.3,611.6,1896,63174,2,1
31588,83,583.3,611.2,1896,63176,2,1
31589,83,583.8,611.4,1896,63178,2,1
31590,83,584.5,611.8,1896,63180,2,1
31591,83,584.9,612.5,1896,63182,2,1
31592,83,585.2,613.3,1896,63184,2,1
31593,83,585.2,614,1896,63186,2,1
31594,83,585.3,614.6,1896,63188,2,1
31595,83,585.4,615.4,1896,63190,2,1
31596,83,585.5,615.6,1896,63192,2,1
31597,83,585.6,615.7,1896,63194,2,1
31598,83,585.8,615.5,1897,63196,2,1
31599,83,585.8,615.3,1897,63198,2,1
31600,83,585.8,615.1,1897,63200,2,1
31601,83,585.6,614.9,1897,63202,2,1
31602,83,585.2,614.4,1897,63204,2,1
31603,83,585.4,613.9,1897,63206,2,1
31604,83,585.6,613.3,1897,63208,2,1
31605,83,585.9,613,1897,63210,2,1
31606,83,586.4,613,1897,63212,2,1
31607,83,586.7,613,1897,63214,2,1
31608,83,587.1,613.3,1897,63216,2,1
31609,83,587.5,613.6,1897,63218,2,1
31610,83,587.7,614,1897,63220,2,1
31611,83,587.8,614.5,1897,63222,2,1
31612,83,588.2,614.7,1897,63224,2,1
31613,83,588.5,614.7,1897,63226,2,1
31614,83,588.8,614.8,1898,63228,2,1
31615,83,588.5,614.3,1898,63230,2,1
31616,83,588.2,613.9,1898,63232,2,1
31617,83,587.3,613.5,1898,63234,2,1
31618,83,586.5,613.2,1898,63236,2,1
31619,83,585.6,612.8,1898,63238,2,1
31620,83,585.1,612.6,1898,63240,2,1
31621,83,584.7,612.6,1898,63242,2,1
31622,83,585,612.8,1898,63244,2,1
31623,83,585.4,612.9,1898,63246,2,1
31624,83,586,613,1898,63248,2,1
31625,83,586.8,613.1,1898,63250,2,1
31626,83,587.5,613.2,1898,63252,2,1
31627,83,588.1,613.4,1898,63254,2,1
31628,83,588.7,613.1,1898,63256,2,1
31629,83,589.2,612.9,1898,63258,2,1
31630,83,589.7,612.7,1898,63260,2,1
31631,83,590.1,612.5,1899,63262,2,1
31632,83,590.4,612.4,1899,63264,2,1
31633,83,590.7,612.6,1899,63266,2,1
31634,83,590.9,612.7,1899,63268,2,1
31635,83,591,612.7,1899,63270,2,1
31636,83,591,612.6,1899,63272,2,1
31637,83,590.9,612.6,1899,63274,2,1
31638,83,590.7,612.6,1899,63276,2,1
31639,83,590.4,612.3,1899,63278,2,1
31640,83,590,611.9,1899,63280,2,1
31641,83,589.7,611.5,1899,63282,2,1
31642,83,589.3,611.1,1899,63284,2,1
31643,83,589.1,610.9,1899,63286,2,1
31644,83,588.9,610.7,1899,63288,2,1
31645,83,588.8,610.7,1899,63290,2,1
31646,83,588.7,611,1899,63292,2,1
31647,83,588.7,611.2,1899,63294,2,1
31648,83,588.7,611.5,1900,63296,2,1
31649,83,588.7,611.7,1900,63298,2,1
31650,83,588.6,611.9,1900,63300,2,1
31651,83,588.6,611.7,1900,63302,2,1
31652,83,588.6,611.4,1900,63304,2,1
31653,83,588.6,611.1,1900,63306,2,1
31654,83,588.4,610.7,1900,63308,2,1
31655,83,588.2,610.1,1900,63310,2,1
31656,83,588,609.7,1900,63312,2,1
31657,83,587.9,609.4,1900,63314,2,1
31658,83,587.6,609.5,1900,63316,2,1
31659,83,587.3,609.7,1900,63318,2,1
31660,83,586.9,610.1,1900,63320,2,1
31661,83,586.5,610.5,1900,63322,2,1
31662,83,586.2,611.1,1900,63324,2,1
31663,83,585.9,611.5,1900,63326,2,1
31664,83,585.6,611.8,1900,63328,2,1
31665,83,585.3,612.2,1901,63330,2,1
31666,83,585.2,612.4,1901,63332,2,1
31667,83,585.3,612.4,1901,63334,2,1
31668,83,585.5,612.3,1901,63336,2,1
31669,83,585.6,612.1,1901,63338,2,1
31670,83,585.8,612,1901,63340,2,1
31671,83,586,611.7,1901,63342,2,1
31672,83,586.2,611.5,1901,63344,2,1
31673,83,586.3,611.3,1901,63346,2,1
31674,83,586.4,611.2,1901,63348,2,1
31675,83,586.4,611.2,1901,63350,2,1
31676,83,586.2,611.2,1901,63352,2,1
31677,83,586.1,611.2,1901,63354,2,1
31678,83,586.1,611.2,1901,63356,2,1
31679,83,586.1,611.2,1901,63358,2,1
31680,83,586.1,611.2,1901,63360,2,1
31681,83,586.1,611.3,1902,63362,2,1
31682,83,586.1,611.3,1902,63364,2,1
31683,83,586.2,611.4,1902,63366,2,1
31684,83,586.2,611.5,1902,63368,2,1
31685,83,586.2,611.6,1902,63370,2,1
31686,83,586.1,611.8,1902,63372,2,1
31687,83,586.1,611.9,1902,63374,2,1
31688,83,586.2,612,1902,63376,2,1
31689,83,586.1,612.1,1902,63378,2,1
31690,83,586.1,612.1,1902,63380,2,1
31691,83,586.1,612,1902,63382,2,1
31692,83,586.2,612,1902,63384,2,1
31693,83,586.2,611.8,1902,63386,2,1
31694,83,586.1,611.6,1902,63388,2,1
31695,83,586.1,611.5,1902,63390,2,1
31696,83,586.3,611.4,1902,63392,2,1
31697,83,586.5,611.4,1903,63394,2,1
31698,83,586.8,611.5,1903,63396,2,1
31699,83,587.3,611.7,1903,63398,2,1
31700,83,587.8,612,1903,63400,2,1
31701,83,588.3,612.3,1903,63402,2,1
31702,83,589,612.5,1903,63404,2,1
31703,83,589.6,612.6,1903,63406,2,1
31704,83,590.1,612.6,1903,63408,2,1
31705,83,590.5,611.9,1903,63410,2,1
31706,83,590.8,611.4,1903,63412,2,1
31707,83,591,611,1903,63414,2,1
31708,83,591.1,610.6,1903,63416,2,1
31709,83,591,610.2,1903,63418,2,1
31710,83,591.1,610,1903,63420,2,1
31711,83,591.2,609.7,1903,63422,2,1
31712,83,591.3,609.8,1903,63424,2,1
31713,83,591.5,609.8,1903,63426,2,1
31714,83,591.7,609.7,1904,63428,2,1
31715,83,592,609.6,1904,63430,2,1
31716,83,592.4,609.6,1904,63432,2,1
31717,83,592.6,609.5,1904,63434,2,1
31718,83,592.7,609.5,1904,63436,2,1
31719,83,592.7,609.8,1904,63438,2,1
31720,83,592.7,610.3,1904,63440,2,1
31721,83,592.6,610.8,1904,63442,2,1
31722,83,592.5,611.8,1904,63444,2,1
31723,83,592.4,613.1,1904,63446,2,1
31724,83,592.1,614.2,1904,63448,2,1
31725,83,591.8,615.3,1904,63450,2,1
31726,83,591,616.4,1904,63452,2,1
31727,83,590.3,617.3,1904,63454,2,1
31728,83,589.7,617.4,1904,63456,2,1
31729,83,589.2,617,1904,63458,2,1
31730,83,589.1,616.2,1904,63460,2,1
31731,83,589.1,615.4,1905,63462,2,1
31732,83,589.4,614.6,1905,63464,2,1
31733,83,590.1,613.8,1905,63466,2,1
31734,83,591,612.9,1905,63468,2,1
31735,83,591.9,612.6,1905,63470,2,1
31736,83,592.8,612.3,1905,63472,2,1
31737,83,593.2,612.1,1905,63474,2,1
31738,83,593.6,611.9,1905,63476,2,1
31739,83,593.9,611.6,1905,63478,2,1
31740,83,594.2,611.4,1905,63480,2,1
31741,83,594.3,611.3,1905,63482,2,1
31742,83,594.4,611.4,1905,63484,2,1
31743,83,594.4,611.7,1905,63486,2,1
31744,83,594.4,612.2,1905,63488,2,1
31745,83,594.5,612.8,1905,63490,2,1
31746,83,594.7,613.6,1905,63492,2,1
31747,83,595,614.4,1906,63494,2,1
31748,83,595.2,615.1,1906,63496,2,1
31749,83,595.4,615.6,1906,63498,2,1
31750,83,595.6,615.9,1906,63500,2,1
31751,83,595.9,616,1906,63502,2,1
31752,83,596.2,616,1906,63504,2,1
31753,83,596.3,615.7,1906,63506,2,1
31754,83,596.5,615.6,1906,63508,2,1
31755,83,596.7,615.5,1906,63510,2,1
31756,83,596.8,615.5,1906,63512,2,1
31757,83,597.1,615.6,1906,63514,2,1
31758,83,597.4,615.8,1906,63516,2,1
31759,83,597.8,616.1,1906,63518,2,1
31760,83,598.2,616.4,1906,63520,2,1
31761,83,598.5,616.7,1906,63522,2,1
31762,83,598.7,617,1906,63524,2,1
31763,83,598.8,617.3,1906,63526,2,1
31764,83,598.6,617.6,1907,63528,2,1
31765,83,598.4,617.7,1907,63530,2,1
31766,83,598.2,617.8,1907,63532,2,1
31767,83,598,617.8,1907,63534,2,1
31768,83,597.8,617.9,1907,63536,2,1
31769,83,597.6,617.9,1907,63538,2,1
31770,83,597.6,617.8,1907,63540,2,1
31771,83,597.6,617.7,1907,63542,2,1
31772,83,597.7,617.7,1907,63544,2,1
31773,83,597.8,617.8,1907,63546,2,1
31774,83,597.8,617.9,1907,63548,2,1
31775,83,597.8,617.9,1907,63550,2,1
31776,83,597.8,617.9,1907,63552,2,1
31777,83,597.6,617.9,1907,63554,2,1
31778,83,597.4,617.8,1907,63556,2,1
31779,83,597.2,617.7,1907,63558,2,1
31780,83,597,617.5,1907,63560,2,1
31781,83,596.8,617.4,1908,63562,2,1
31782,83,596.7,617.3,1908,63564,2,1
31783,83,596.6,617.1,1908,63566,2,1
31784,83,596.6,617,1908,63568,2,1
31785,83,596.6,616.9,1908,63570,2,1
31786,83,596.5,616.9,1908,63572,2,1
31787,83,596.4,616.9,1908,63574,2,1
31788,83,596.3,617.1,1908,63576,2,1
31789,83,596.1,617.2,1908,63578,2,1
31790,83,596,617.3,1908,63580,2,1
31791,83,595.8,617.4,1908,63582,2,1
31792,83,595.7,617.5,1908,63584,2,1
31793,83,595.7,617.6,1908,63586,2,1
31794,83,595.7,617.4,1908,63588,2,1
31795,83,595.7,617.2,1908,63590,2,1
31796,83,595.7,616.9,1908,63592,2,1
31797,83,595.7,616.6,1909,63594,2,1
31798,83,595.7,616.4,1909,63596,2,1
31799,83,595.7,616.4,1909,63598,2,1
31800,83,595.4,616.4,1909,63600,2,1
31801,83,595,616.6,1909,63602,2,1
31802,83,594.7,617.1,1909,63604,2,1
31803,83,594.5,617.8,1909,63606,2,1
31804,83,594.3,618.6,1909,63608,2,1
31805,83,594.1,619.5,1909,63610,2,1
31806,83,593.8,620.3,1909,63612,2,1
31807,83,593.9,621,1909,63614,2,1
31808,83,593.9,621.5,1909,63616,2,1
31809,83,593.7,621.7,1909,63618,2,1
31810,83,593.5,621.7,1909,63620,2,1
31811,83,593.3,621.4,1909,63622,2,1
31812,83,593.2,621.3,1909,63624,2,1
31813,83,593,621.1,1909,63626,2,1
31814,83,593.1,621,1909,63628,2,1
31815,83,593.4,620.8,1910,63630,2,1
31816,83,594.1,621.2,1910,63632,2,1
31817,83,594.8,621.7,1910,63634,2,1
31818,83,595.5,622.2,1910,63636,2,1
31819,83,596,622.5,1910,63638,2,1
31820,83,596.3,622.5,1910,63640,2,1
31821,83,596.4,622.5,1910,63642,2,1
31822,83,596.3,622.4,1910,63644,2,1
31823,83,595.8,622,1910,63646,2,1
31824,83,595.2,621.5,1910,63648,2,1
31825,83,594.5,620.8,1910,63650,2,1
31826,83,593.7,620.1,1910,63652,2,1
31827,83,593.3,619.7,1910,63654,2,1
31828,83,592.9,619.2,1910,63656,2,1
31829,83,592.4,618.9,1910,63658,2,1
31830,83,592,618.5,1910,63660,2,1
31831,83,591.7,618.1,1911,63662,2,1
31832,83,591.8,618.1,1911,63664,2,1
31833,83,591.8,618.2,1911,63666,2,1
31834,83,591.9,618.6,1911,63668,2,1
31835,83,592.2,619.2,1911,63670,2,1
31836,83,592.5,619.9,1911,63672,2,1
31837,83,592.9,620.8,1911,63674,2,1
31838,83,593.4,621.6,1911,63676,2,1
31839,83,593.9,622.4,1911,63678,2,1
31840,83,594.4,623.3,1911,63680,2,1
31841,83,594.9,623.9,1911,63682,2,1
31842,83,595.2,624.5,1911,63684,2,1
31843,83,595.5,624.9,1911,63686,2,1
31844,83,595.7,625.2,1911,63688,2,1
31845,83,595.9,625.5,1911,63690,2,1
31846,83,596.2,625.5,1911,63692,2,1
31847,83,596.5,625.1,1912,63694,2,1
31848,83,596.9,624.7,1912,63696,2,1
31849,83,597.2,624.2,1912,63698,2,1
31850,83,597.5,623.4,1912,63700,2,1
31851,83,597.7,622.7,1912,63702,2,1
31852,83,597.9,622.1,1912,63704,2,1
31853,83,597.8,621.9,1912,63706,2,1
31854,83,597.7,621.9,1912,63708,2,1
31855,83,597.6,622,1912,63710,2,1
31856,83,597.4,622.2,1912,63712,2,1
31857,83,597.2,622.4,1912,63714,2,1
31858,83,597,622.5,1912,63716,2,1
31859,83,596.9,622.7,1912,63718,2,1
31860,83,596.8,622.7,1912,63720,2,1
31861,83,596.9,622.6,1912,63722,2,1
31862,83,597,622.3,1912,63724,2,1
31863,83,597.1,621.8,1912,63726,2,1
31864,83,597.2,621.3,1913,63728,2,1
31865,83,597.2,620.8,1913,63730,2,1
31866,83,597.3,620.5,1913,63732,2,1
31867,83,597.4,620.2,1913,63734,2,1
31868,83,597.4,620,1913,63736,2,1
31869,83,597.4,620.1,1913,63738,2,1
31870,83,597.5,620.4,1913,63740,2,1
31871,83,597.6,620.7,1913,63742,2,1
31872,83,597.7,621.2,1913,63744,2,1
31873,83,597.7,621.6,1913,63746,2,1
31874,83,597.6,622.2,1913,63748,2,1
31875,83,597.5,622.7,1913,63750,2,1
31876,83,597.3,623.2,1913,63752,2,1
31877,83,597,623.6,1913,63754,2,1
31878,83,596.7,624.1,1913,63756,2,1
31879,83,596.3,625.1,1913,63758,2,1
31880,83,596,625.8,1913,63760,2,1
31881,83,595.8,626.5,1914,63762,2,1
31882,83,595.7,627.2,1914,63764,2,1
31883,83,595.7,627.8,1914,63766,2,1
31884,83,595.6,628.2,1914,63768,2,1
31885,83,595.4,628.5,1914,63770,2,1
31886,83,595.3,628.2,1914,63772,2,1
31887,83,595.3,627.8,1914,63774,2,1
31888,83,595.4,627.4,1914,63776,2,1
31889,83,595.3,627,1914,63778,2,1
31890,83,595.3,626.7,1914,63780,2,1
31891,83,595.6,626.5,1914,63782,2,1
31892,83,596,626.5,1914,63784,2,1
31893,83,596.4,626.5,1914,63786,2,1
31894,83,597,626.5,1914,63788,2,1
31895,83,597.5,626,1914,63790,2,1
31896,83,598,625.6,1914,63792,2,1
31897,83,598.5,625.3,1915,63794,2,1
31898,83,598.7,624.9,1915,63796,2,1
31899,83,598.9,624.6,1915,63798,2,1
31900,83,599.2,624.3,1915,63800,2,1
31901,83,599.2,624,1915,63802,2,1
31902,83,599.1,624.2,1915,63804,2,1
31903,83,598.9,624.4,1915,63806,2,1
31904,83,598.7,624.7,1915,63808,2,1
31905,83,598.4,624.8,1915,63810,2,1
31906,83,598,624.9,1915,63812,2,1
31907,83,597.5,624.8,1915,63814,2,1
31908,83,597.1,624.7,1915,63816,2,1
31909,83,596.8,624.6,1915,63818,2,1
31910,83,596.9,624.3,1915,63820,2,1
31911,83,597.5,624.1,1915,63822,2,1
31912,83,598.2,623.9,1915,63824,2,1
31913,83,599,623.9,1915,63826,2,1
31914,83,599.7,623.9,1916,63828,2,1
31915,83,600.4,624.1,1916,63830,2,1
31916,83,601,624.2,1916,63832,2,1
31917,83,601,624.4,1916,63834,2,1
31918,83,600.7,624.6,1916,63836,2,1
31919,83,600.4,624.8,1916,63838,2,1
31920,83,600,624.9,1916,63840,2,1
31921,83,599.7,624.9,1916,63842,2,1
31922,83,599.3,624.8,1916,63844,2,1
31923,83,599,624.5,1916,63846,2,1
31924,83,598.9,624.3,1916,63848,2,1
31925,83,598.8,623.8,1916,63850,2,1
31926,83,598.6,623.4,1916,63852,2,1
31927,83,598.5,622.8,1916,63854,2,1
31928,83,598.1,622.5,1916,63856,2,1
31929,83,597.8,622.2,1916,63858,2,1
31930,83,597.7,622.1,1916,63860,2,1
31931,83,597.9,622.1,1917,63862,2,1
31932,83,598.1,622.3,1917,63864,2,1
31933,83,598.3,622.5,1917,63866,2,1
31934,83,598.7,622.7,1917,63868,2,1
31935,83,599.3,622.9,1917,63870,2,1
31936,83,599.8,623.2,1917,63872,2,1
31937,83,600.1,623.2,1917,63874,2,1
31938,83,600,623.2,1917,63876,2,1
31939,83,599.8,623.2,1917,63878,2,1
31940,83,599.7,623.1,1917,63880,2,1
31941,83,599.9,623.1,1917,63882,2,1
31942,83,600,623.1,1917,63884,2,1
31943,83,600.2,623.1,1917,63886,2,1
31944,83,600.5,623,1917,63888,2,1
31945,83,600.7,622.9,1917,63890,2,1
31946,83,600.9,622.7,1917,63892,2,1
31947,83,601,622.4,1918,63894,2,1
31948,83,600.9,622.2,1918,63896,2,1
31949,83,600.8,622,1918,63898,2,1
31950,83,600.7,621.7,1918,63900,2,1
31951,83,600.8,621.5,1918,63902,2,1
31952,83,601.2,621.2,1918,63904,2,1
31953,83,601.7,621,1918,63906,2,1
31954,83,602.3,620.7,1918,63908,2,1
31955,83,602.8,620.5,1918,63910,2,1
31956,83,603.3,620.4,1918,63912,2,1
31957,83,603.7,620.2,1918,63914,2,1
31958,83,604.1,620.1,1918,63916,2,1
31959,83,604.1,619.8,1918,63918,2,1
31960,83,604,619.5,1918,63920,2,1
31961,83,603.9,619.1,1918,63922,2,1
31962,83,603.5,618.8,1918,63924,2,1
31963,83,603.2,618.6,1918,63926,2,1
31964,83,603,618.4,1919,63928,2,1
31965,83,603.3,618.2,1919,63930,2,1
31966,83,603.5,618.3,1919,63932,2,1
31967,83,603.8,618.5,1919,63934,2,1
31968,83,604,618.8,1919,63936,2,1
31969,83,604.4,619.1,1919,63938,2,1
31970,83,604.8,619.5,1919,63940,2,1
31971,83,605,619.9,1919,63942,2,1
31972,83,604.9,620.3,1919,63944,2,1
31973,83,604.7,620.6,1919,63946,2,1
31974,83,604.7,620.9,1919,63948,2,1
31975,83,604.8,621.1,1919,63950,2,1
31976,83,605,621.2,1919,63952,2,1
31977,83,605,621.2,1919,63954,2,1
31978,83,604.9,621.1,1919,63956,2,1
31979,83,604.2,621,1919,63958,2,1
31980,83,603.5,621.2,1919,63960,2,1
31981,83,602.9,621.4,1920,63962,2,1
31982,83,602.3,621.7,1920,63964,2,1
31983,83,601.9,622,1920,63966,2,1
31984,83,601.6,622.2,1920,63968,2,1
31985,83,601.4,622.3,1920,63970,2,1
31986,83,601.8,622.4,1920,63972,2,1
31987,83,602.1,622.3,1920,63974,2,1
31988,83,602.5,622,1920,63976,2,1
31989,83,602.7,621.9,1920,63978,2,1
31990,83,603,621.5,1920,63980,2,1
31991,83,603.2,621.1,1920,63982,2,1
31992,83,603.4,620.7,1920,63984,2,1
31993,83,603.5,620.2,1920,63986,2,1
31994,83,603.5,619.8,1920,63988,2,1
31995,83,603.4,619.3,1920,63990,2,1
31996,83,603.2,619.1,1920,63992,2,1
31997,83,602.9,619.2,1921,63994,2,1
31998,83,603.3,619.4,1921,63996,2,1
31999,83,603.5,619.6,1921,63998,2,1
32000,83,603.9,619.9,1921,64000,2,1
32001,83,604.4,620,1921,64002,2,1
32002,83,604.9,620.1,1921,64004,2,1
32003,83,605.4,620.1,1921,64006,2,1
32004,83,605.8,620.3,1921,64008,2,1
32005,83,605.5,620.3,1921,64010,2,1
32006,83,605.2,620.3,1921,64012,2,1
32007,83,604.9,620.3,1921,64014,2,1
32008,83,604.6,620.3,1921,64016,2,1
32009,83,604.4,620.3,1921,64018,2,1
32010,83,604.3,620.2,1921,64020,2,1
32011,83,604.3,620,1921,64022,2,1
32012,83,604.4,619.8,1921,64024,2,1
32013,83,604.7,619.7,1921,64026,2,1
32014,83,604.9,619.5,1922,64028,2,1
32015,83,605.2,619.2,1922,64030,2,1
32016,83,605.3,618.9,1922,64032,2,1
32017,83,605.6,618.5,1922,64034,2,1
32018,83,605.9,618.1,1922,64036,2,1
32019,83,606.2,617.7,1922,64038,2,1
32020,83,606.3,617.3,1922,64040,2,1
32021,83,606,617,1922,64042,2,1
32022,83,604.9,616.8,1922,64044,2,1
32023,83,602.3,616.4,1922,64046,2,1
32024,83,598,616.2,1922,64048,2,1
32025,83,593.4,616,1922,64050,2,1
32026,83,585.8,615.8,1922,64052,2,1
32027,83,575.9,615.7,1922,64054,2,1
32028,83,565.8,615.4,1922,64056,2,1
32029,83,555,614.1,1922,64058,2,1
32030,83,545.2,612.6,1922,64060,2,1
32031,83,537,610.6,1923,64062,2,1
32032,83,529.2,608.1,1923,64064,2,1
32033,83,524.5,605.4,1923,64066,2,1
32034,83,522.3,602.9,1923,64068,2,1
32035,83,521.1,600.7,1923,64070,2,1
32036,83,521.5,600,1923,64072,2,1
32037,83,522.2,600,1923,64074,2,1
32038,83,522.9,601,1923,64076,2,1
32039,83,523.4,602.5,1923,64078,2,1
32040,83,523.4,604.2,1923,64080,2,1
32041,83,523.3,605.7,1923,64082,2,1
32042,83,522.7,607,1923,64084,2,1
32043,83,522.1,607.7,1923,64086,2,1
32044,83,521.4,608.5,1923,64088,2,1
32045,83,520.7,608.7,1923,64090,2,1
32046,83,520.2,609,1923,64092,2,1
32047,83,520,609.4,1924,64094,2,1
32048,83,519.8,609.8,1924,64096,2,1
32049,83,519.7,610.2,1924,64098,2,1
32050,83,519.5,610.5,1924,64100,2,1
32051,83,519.5,610.7,1924,64102,2,1
32052,83,519.6,611.2,1924,64104,2,1
32053,83,519.7,611.4,1924,64106,2,1
32054,83,520.1,611.6,1924,64108,2,1
32055,83,520.6,611.5,1924,64110,2,1
32056,83,521.1,611.3,1924,64112,2,1
32057,83,521.5,610.8,1924,64114,2,1
32058,83,521.8,610.3,1924,64116,2,1
32059,83,522,609.5,1924,64118,2,1
32060,83,522.2,608.8,1924,64120,2,1
32061,83,522,608.2,1924,64122,2,1
32062,83,521.8,607.7,1924,64124,2,1
32063,83,521.5,607.3,1924,64126,2,1
32064,83,521.4,607.2,1925,64128,2,1
32065,83,521.3,607,1925,64130,2,1
32066,83,521.1,607,1925,64132,2,1
32067,83,520.7,607.1,1925,64134,2,1
32068,83,520.3,607.1,1925,64136,2,1
32069,83,519.9,607.1,1925,64138,2,1
32070,83,519.6,606.9,1925,64140,2,1
32071,83,519.3,606.7,1925,64142,2,1
32072,83,519.1,606.5,1925,64144,2,1
32073,83,518.9,606.1,1925,64146,2,1
32074,83,519,605.6,1925,64148,2,1
32075,83,519.3,605.1,1925,64150,2,1
32076,83,519.5,604.6,1925,64152,2,1
32077,83,519.7,604.2,1925,64154,2,1
32078,83,520,603.9,1925,64156,2,1
32079,83,520.5,603.5,1925,64158,2,1
32080,83,520.9,603.3,1925,64160,2,1
32081,83,521.5,603.2,1926,64162,2,1
32082,83,522.2,603.2,1926,64164,2,1
32083,83,522.9,603.2,1926,64166,2,1
32084,83,523.4,603.4,1926,64168,2,1
32085,83,523.7,604.1,1926,64170,2,1
32086,83,523.5,604.9,1926,64172,2,1
32087,83,523.3,605.8,1926,64174,2,1
32088,83,523,606.7,1926,64176,2,1
32089,83,522.5,607.6,1926,64178,2,1
32090,83,522,608.6,1926,64180,2,1
32091,83,521.5,609.1,1926,64182,2,1
32092,83,521.2,609.2,1926,64184,2,1
32093,83,521.3,608.8,1926,64186,2,1
32094,83,521.5,608.4,1926,64188,2,1
32095,83,521.5,607.9,1926,64190,2,1
32096,83,521.5,607.3,1926,64192,2,1
32097,83,521.5,606.7,1927,64194,2,1
32098,83,521.6,606.1,1927,64196,2,1
32099,83,521.6,605.6,1927,64198,2,1
32100,83,521.5,605.1,1927,64200,2,1
32101,83,521.5,604.3,1927,64202,2,1
32102,83,521.5,603.5,1927,64204,2,1
32103,83,521.7,602.8,1927,64206,2,1
32104,83,521.8,602.1,1927,64208,2,1
32105,83,522.1,601.4,1927,64210,2,1
32106,83,522.5,600.8,1927,64212,2,1
32107,83,523.1,600.5,1927,64214,2,1
32108,83,523.5,600.7,1927,64216,2,1
32109,83,523.9,600.9,1927,64218,2,1
32110,83,524.1,601.1,1927,64220,2,1
32111,83,524.3,601.5,1927,64222,2,1
32112,83,524.3,601.9,1927,64224,2,1
32113,83,524.3,602.1,1927,64226,2,1
32114,83,524.1,602.3,1928,64228,2,1
32115,83,524.3,602.2,1928,64230,2,1
32116,83,524.6,602.1,1928,64232,2,1
32117,83,524.8,601.8,1928,64234,2,1
32118,83,524.9,601.5,1928,64236,2,1
32119,83,525,601,1928,64238,2,1
32120,83,525,600.5,1928,64240,2,1
32121,83,525.1,600,1928,64242,2,1
32122,83,524.8,599.4,1928,64244,2,1
32123,83,524.5,599,1928,64246,2,1
32124,83,524.4,598.6,1928,64248,2,1
32125,83,524.4,598.4,1928,64250,2,1
32126,83,524.7,598.3,1928,64252,2,1
32127,83,524.9,598.7,1928,64254,2,1
32128,83,525.2,599.1,1928,64256,2,1
32129,83,525.4,599.4,1928,64258,2,1
32130,83,525.8,599.9,1928,64260,2,1
32131,83,526,600.3,1929,64262,2,1
32132,83,526.4,600.7,1929,64264,2,1
32133,83,526.6,600.9,1929,64266,2,1
32134,83,526.7,601,1929,64268,2,1
32135,83,526.9,600.9,1929,64270,2,1
32136,83,527,600.8,1929,64272,2,1
32137,83,527.2,600.6,1929,64274,2,1
32138,83,527.3,600.4,1929,64276,2,1
32139,83,527.3,600.4,1929,64278,2,1
32140,83,527.2,600.5,1929,64280,2,1
32141,83,527.2,600.7,1929,64282,2,1
32142,83,527.3,601,1929,64284,2,1
32143,83,527.6,601.2,1929,64286,2,1
32144,83,527.9,601.3,1929,64288,2,1
32145,83,528.1,601,1929,64290,2,1
32146,83,528.4,600.6,1929,64292,2,1
32147,83,528.7,599.4,1930,64294,2,1
32148,83,528.9,598.3,1930,64296,2,1
32149,83,528.9,597.2,1930,64298,2,1
32150,83,528.7,596.2,1930,64300,2,1
32151,83,528.6,595.4,1930,64302,2,1
32152,83,528.4,595,1930,64304,2,1
32153,83,528.2,595.3,1930,64306,2,1
32154,83,528.1,596.5,1930,64308,2,1
32155,83,528,597.4,1930,64310,2,1
32156,83,528.1,598.3,1930,64312,2,1
32157,83,528.2,598.4,1930,64314,2,1
32158,83,528.2,598.5,1930,64316,2,1
32159,83,528.3,598.5,1930,64318,2,1
32160,83,528.2,597.7,1930,64320,2,1
32161,83,528,596.6,1930,64322,2,1
32162,83,527.9,595.8,1930,64324,2,1
32163,83,527.7,596.2,1930,64326,2,1
32164,83,527.6,597.2,1931,64328,2,1
32165,83,527.4,598.3,1931,64330,2,1
32166,83,527.2,599.3,1931,64332,2,1
32167,83,527.2,600.3,1931,64334,2,1
32168,83,527.2,601.3,1931,64336,2,1
32169,83,527.3,602.4,1931,64338,2,1
32170,83,527.5,602,1931,64340,2,1
32171,83,527.7,600.9,1931,64342,2,1
32172,83,527.5,598.9,1931,64344,2,1
32173,83,527.1,596.4,1931,64346,2,1
32174,83,526.2,590.8,1931,64348,2,1
32175,83,525.2,583.4,1931,64350,2,1
32176,83,524.3,573.5,1931,64352,2,1
32177,83,523.5,562,1931,64354,2,1
32178,83,522.9,548.4,1931,64356,2,1
32179,83,522.7,535.1,1931,64358,2,1
32180,83,522.8,522.4,1931,64360,2,1
32181,83,523.4,512.9,1932,64362,2,1
32182,83,523.9,505.2,1932,64364,2,1
32183,83,524.1,500.3,1932,64366,2,1
32184,83,523.7,498.8,1932,64368,2,1
32185,83,523.1,501.3,1932,64370,2,1
32186,83,522.4,504.8,1932,64372,2,1
32187,83,521.6,508.7,1932,64374,2,1
32188,83,520.6,512.4,1932,64376,2,1
32189,83,519.7,516,1932,64378,2,1
32190,83,518.8,519.4,1932,64380,2,1
32191,83,518.1,521,1932,64382,2,1
32192,83,517.5,521.4,1932,64384,2,1
32193,83,516.9,521,1932,64386,2,1
32194,83,516.4,520,1932,64388,2,1
32195,83,516,518.9,1932,64390,2,1
32196,83,515.7,517.8,1932,64392,2,1
32197,83,515.3,516.8,1933,64394,2,1
32198,83,515.2,515.8,1933,64396,2,1
32199,83,515,515.4,1933,64398,2,1
32200,83,514.8,515.4,1933,64400,2,1
32201,83,514.7,515.9,1933,64402,2,1
32202,83,514.5,517.1,1933,64404,2,1
32203,83,514.4,518.5,1933,64406,2,1
32204,83,514.4,519.7,1933,64408,2,1
32205,83,514.5,520.6,1933,64410,2,1
32206,83,514.6,520.9,1933,64412,2,1
32207,83,514.7,521,1933,64414,2,1
32208,83,514.7,521.1,1933,64416,2,1
32209,83,514.8,520.4,1933,64418,2,1
32210,83,514.9,519.8,1933,64420,2,1
32211,83,514.9,519,1933,64422,2,1
32212,83,514.9,518.6,1933,64424,2,1
32213,83,514.9,518.2,1933,64426,2,1
32214,83,514.8,517.9,1934,64428,2,1
32215,83,514.4,517.7,1934,64430,2,1
32216,83,513.8,517.6,1934,64432,2,1
32217,83,513.1,517.6,1934,64434,2,1
32218,83,512.5,517.8,1934,64436,2,1
32219,83,511.9,518,1934,64438,2,1
32220,83,511.5,518.3,1934,64440,2,1
32221,83,511.1,518.7,1934,64442,2,1
32222,83,511,519,1934,64444,2,1
32223,83,511.2,519.2,1934,64446,2,1
32224,83,511.5,519.3,1934,64448,2,1
32225,83,511.8,519.5,1934,64450,2,1
32226,83,512.2,519.6,1934,64452,2,1
32227,83,512.6,519.8,1934,64454,2,1
32228,83,513.3,519.9,1934,64456,2,1
32229,83,514.1,520,1934,64458,2,1
32230,83,514.8,520,1934,64460,2,1
32231,83,515.6,520.1,1935,64462,2,1
32232,83,516.4,520.2,1935,64464,2,1
32233,83,517,520.3,1935,64466,2,1
32234,83,517.5,520.4,1935,64468,2,1
32235,83,517.2,520.4,1935,64470,2,1
32236,83,516.8,520.6,1935,64472,2,1
32237,83,516.5,520.8,1935,64474,2,1
32238,83,515.9,520.9,1935,64476,2,1
32239,83,515.3,521,1935,64478,2,1
32240,83,514.7,521.1,1935,64480,2,1
32241,83,514.1,521.3,1935,64482,2,1
32242,83,513.9,521.6,1935,64484,2,1
32243,83,513.7,521.9,1935,64486,2,1
32244,83,513.4,522.3,1935,64488,2,1
32245,83,513.2,522.6,1935,64490,2,1
32246,83,513,523,1935,64492,2,1
32247,83,513,523.3,1936,64494,2,1
32248,83,513,523.4,1936,64496,2,1
32249,83,513.2,523.6,1936,64498,2,1
32250,83,513.4,523.6,1936,64500,2,1
32251,83,513.6,523.8,1936,64502,2,1
32252,83,513.8,523.7,1936,64504,2,1
32253,83,513.7,523.7,1936,64506,2,1
32254,83,513.6,523.6,1936,64508,2,1
32255,83,513.4,523.3,1936,64510,2,1
32256,83,513.1,523,1936,64512,2,1
32257,83,512.8,522.7,1936,64514,2,1
32258,83,512.2,522.3,1936,64516,2,1
32259,83,511.8,522,1936,64518,2,1
32260,83,511.7,521.8,1936,64520,2,1
32261,83,511.5,521.6,1936,64522,2,1
32262,83,511.2,521.4,1936,64524,2,1
32263,83,511,521.4,1936,64526,2,1
32264,83,510.8,521.6,1937,64528,2,1
32265,83,510.9,521.9,1937,64530,2,1
32266,83,511.8,522.2,1937,64532,2,1
32267,83,512.7,522.6,1937,64534,2,1
32268,83,513.6,522.9,1937,64536,2,1
32269,83,514.5,523.5,1937,64538,2,1
32270,83,515.3,524,1937,64540,2,1
32271,83,515.9,524.6,1937,64542,2,1
32272,83,516.4,525.1,1937,64544,2,1
32273,83,516.1,525.7,1937,64546,2,1
32274,83,515.7,526.2,1937,64548,2,1
32275,83,515.2,526.9,1937,64550,2,1
32276,83,514.7,527.1,1937,64552,2,1
32277,83,514.3,527.4,1937,64554,2,1
32278,83,514,527.6,1937,64556,2,1
32279,83,513.8,527.9,1937,64558,2,1
32280,83,513.5,528.1,1937,64560,2,1
32281,83,513.2,528.4,1938,64562,2,1
32282,83,512.9,528.8,1938,64564,2,1
32283,83,512.6,529.4,1938,64566,2,1
32284,83,512.3,529.9,1938,64568,2,1
32285,83,511.9,530.2,1938,64570,2,1
32286,83,511.5,530.5,1938,64572,2,1
32287,83,511.1,530.8,1938,64574,2,1
32288,83,511,531,1938,64576,2,1
32289,83,511,531,1938,64578,2,1
32290,83,511,530.9,1938,64580,2,1
32291,83,511.1,530.9,1938,64582,2,1
32292,83,511.3,530.7,1938,64584,2,1
32293,83,511.6,530.6,1938,64586,2,1
32294,83,511.8,530.5,1938,64588,2,1
32295,83,512.2,530.4,1938,64590,2,1
32296,83,512.5,530.3,1938,64592,2,1
32297,83,512.7,530.3,1939,64594,2,1
32298,83,512.9,530.2,1939,64596,2,1
32299,83,512.9,530.3,1939,64598,2,1
32300,83,512.9,530.4,1939,64600,2,1
32301,83,513,530.3,1939,64602,2,1
32302,83,513,530.3,1939,64604,2,1
32303,83,512.9,530.2,1939,64606,2,1
32304,83,513,530.1,1939,64608,2,1
32305,83,513,530,1939,64610,2,1
32306,83,513.2,529.9,1939,64612,2,1
32307,83,513.2,529.9,1939,64614,2,1
32308,83,513.3,530.3,1939,64616,2,1
32309,83,513.5,530.9,1939,64618,2,1
32310,83,514,531.8,1939,64620,2,1
32311,83,515.8,534.6,1939,64622,2,1
32312,83,519.6,537.7,1939,64624,2,1
32313,83,524.1,542.4,1939,64626,2,1
32314,83,531.2,548,1940,64628,2,1
32315,83,538.6,554.1,1940,64630,2,1
32316,83,546.5,560.1,1940,64632,2,1
32317,83,555.8,565.7,1940,64634,2,1
32318,83,563.7,569.5,1940,64636,2,1
32319,83,569.7,573.2,1940,64638,2,1
32320,83,575,575.1,1940,64640,2,1
32321,83,577.5,576,1940,64642,2,1
32322,83,579.3,575.7,1940,64644,2,1
32323,83,579.8,574.8,1940,64646,2,1
32324,83,578.5,574,1940,64648,2,1
32325,83,577.2,573.2,1940,64650,2,1
32326,83,575.9,572.3,1940,64652,2,1
32327,83,574.7,571.9,1940,64654,2,1
32328,83,574.2,572,1940,64656,2,1
32329,83,573.9,572.2,1940,64658,2,1
32330,83,575.4,573,1940,64660,2,1
32331,83,576.9,574.6,1941,64662,2,1
32332,83,578.5,576.2,1941,64664,2,1
32333,83,580.1,577.9,1941,64666,2,1
32334,83,581.6,579.1,1941,64668,2,1
32335,83,582.8,579.7,1941,64670,2,1
32336,83,583.9,580.4,1941,64672,2,1
32337,83,584,581.2,1941,64674,2,1
32338,83,584.2,581.2,1941,64676,2,1
32339,83,584.2,581,1941,64678,2,1
32340,83,584.3,580.7,1941,64680,2,1
32341,83,584.3,580.2,1941,64682,2,1
32342,83,583.8,579.9,1941,64684,2,1
32343,83,583.3,579.5,1941,64686,2,1
32344,83,582.6,578.9,1941,64688,2,1
32345,83,582.1,578.2,1941,64690,2,1
32346,83,581.5,577.5,1941,64692,2,1
32347,83,581.1,576.8,1942,64694,2,1
32348,83,580.8,576.2,1942,64696,2,1
32349,83,581,575.6,1942,64698,2,1
32350,83,581.2,575,1942,64700,2,1
32351,83,581.4,574.5,1942,64702,2,1
32352,83,581.3,574.2,1942,64704,2,1
32353,83,581.2,573.9,1942,64706,2,1
32354,83,581,573.8,1942,64708,2,1
32355,83,580.7,573.7,1942,64710,2,1
32356,83,580.5,573.7,1942,64712,2,1
32357,83,580.2,573.7,1942,64714,2,1
32358,83,579.9,573.8,1942,64716,2,1
32359,83,580,573.9,1942,64718,2,1
32360,83,580.1,574.1,1942,64720,2,1
32361,83,580.1,574.1,1942,64722,2,1
32362,83,580.1,574.2,1942,64724,2,1
32363,83,579.9,574.4,1942,64726,2,1
32364,83,579.8,574.4,1943,64728,2,1
32365,83,579.7,574.3,1943,64730,2,1
32366,83,579.8,574.7,1943,64732,2,1
32367,83,580.1,575.1,1943,64734,2,1
32368,83,580.4,575.6,1943,64736,2,1
32369,83,580.7,576.1,1943,64738,2,1
32370,83,581,576.7,1943,64740,2,1
32371,83,581.4,577.3,1943,64742,2,1
32372,83,581.6,578.2,1943,64744,2,1
32373,83,581.8,578.7,1943,64746,2,1
32374,83,581.6,579.1,1943,64748,2,1
32375,83,581.1,579.6,1943,64750,2,1
32376,83,579.5,576.6,1943,64752,2,1
32377,83,577.5,569.1,1943,64754,2,1
32378,83,575.3,557.5,1943,64756,2,1
32379,83,572.1,541,1943,64758,2,1
32380,83,569.2,519.5,1943,64760,2,1
32381,83,566.8,494.3,1944,64762,2,1
32382,83,564.7,465.9,1944,64764,2,1
32383,83,562.8,441,1944,64766,2,1
32384,83,561.4,420.2,1944,64768,2,1
32385,83,559.6,403.6,1944,64770,2,1
32386,83,558.8,391.8,1944,64772,2,1
32387,83,557.5,385.5,1944,64774,2,1
32388,83,556,383.8,1944,64776,2,1
32389,83,553.7,385.9,1944,64778,2,1
32390,83,552.1,388.1,1944,64780,2,1
32391,83,550.3,390.6,1944,64782,2,1
32392,83,548.9,392.8,1944,64784,2,1
32393,83,547.4,394.7,1944,64786,2,1
32394,83,545.6,395.4,1944,64788,2,1
32395,83,544,394.6,1944,64790,2,1
32396,83,543.1,392.8,1944,64792,2,1
32397,83,542.3,391.1,1945,64794,2,1
32398,83,541.8,389.2,1945,64796,2,1
32399,83,541,387.2,1945,64798,2,1
32400,83,540.4,385.2,1945,64800,2,1
32401,83,540.1,383.5,1945,64802,2,1
32402,83,539.8,382.5,1945,64804,2,1
32403,83,539.3,382.2,1945,64806,2,1
32404,83,538.7,382,1945,64808,2,1
32405,83,538.2,382.1,1945,64810,2,1
32406,83,537.9,382.7,1945,64812,2,1
32407,83,537.8,383.5,1945,64814,2,1
32408,83,537.7,384.3,1945,64816,2,1
32409,83,537.6,384.9,1945,64818,2,1
32410,83,537.5,385.4,1945,64820,2,1
32411,83,537.6,385.6,1945,64822,2,1
32412,83,537.5,385.8,1945,64824,2,1
32413,83,537.4,385.6,1945,64826,2,1
32414,83,537.2,385,1946,64828,2,1
32415,83,536.9,384.3,1946,64830,2,1
32416,83,536.5,383.7,1946,64832,2,1
32417,83,536.2,382.8,1946,64834,2,1
32418,83,535.9,382,1946,64836,2,1
32419,83,535.7,381.2,1946,64838,2,1
32420,83,535.6,380.3,1946,64840,2,1
32421,83,535.4,379.9,1946,64842,2,1
32422,83,535.3,379.5,1946,64844,2,1
32423,83,535.3,379.1,1946,64846,2,1
32424,83,535.2,379,1946,64848,2,1
32425,83,535.2,379,1946,64850,2,1
32426,83,535.1,378.9,1946,64852,2,1
32427,83,535.1,378.7,1946,64854,2,1
32428,83,535,378.6,1946,64856,2,1
32429,83,535.1,378.6,1946,64858,2,1
32430,83,535.3,378.4,1946,64860,2,1
32431,83,535.5,378.3,1947,64862,2,1
32432,83,536.1,378.2,1947,64864,2,1
32433,83,536.8,378.5,1947,64866,2,1
32434,83,537.4,379.1,1947,64868,2,1
32435,83,538.1,379.7,1947,64870,2,1
32436,83,538.4,380.3,1947,64872,2,1
32437,83,538.6,381,1947,64874,2,1
32438,83,538.7,381.7,1947,64876,2,1
32439,83,538.4,382.4,1947,64878,2,1
32440,83,538.1,382.8,1947,64880,2,1
32441,83,537.8,383.2,1947,64882,2,1
32442,83,537.6,383.5,1947,64884,2,1
32443,83,537.4,383.9,1947,64886,2,1
32444,83,537.5,384.3,1947,64888,2,1
32445,83,537.6,384.9,1947,64890,2,1
32446,83,537.7,385.4,1947,64892,2,1
32447,83,537.8,385.9,1948,64894,2,1
32448,83,537.9,386.2,1948,64896,2,1
32449,83,538.1,386.5,1948,64898,2,1
32450,83,538.2,386.3,1948,64900,2,1
32451,83,538.3,386.1,1948,64902,2,1
32452,83,538.4,385.7,1948,64904,2,1
32453,83,538.4,384.9,1948,64906,2,1
32454,83,538.5,384,1948,64908,2,1
32455,83,538.6,383.4,1948,64910,2,1
32456,83,538.6,382.8,1948,64912,2,1
32457,83,538.7,382.4,1948,64914,2,1
32458,83,538.7,381.5,1948,64916,2,1
32459,83,538.8,380.5,1948,64918,2,1
32460,83,538.8,379.9,1948,64920,2,1
32461,83,538.9,379.2,1948,64922,2,1
32462,83,539.4,378.4,1948,64924,2,1
32463,83,539.9,377.6,1948,64926,2,1
32464,83,540.4,376.6,1949,64928,2,1
32465,83,541,376.1,1949,64930,2,1
32466,83,541.6,375.7,1949,64932,2,1
32467,83,542.1,375.6,1949,64934,2,1
32468,83,542.6,375.7,1949,64936,2,1
32469,83,542.6,375.8,1949,64938,2,1
32470,83,542.4,376.1,1949,64940,2,1
32471,83,542.1,376.5,1949,64942,2,1
32472,83,541.7,377,1949,64944,2,1
32473,83,541.2,377.6,1949,64946,2,1
32474,83,540.7,378.1,1949,64948,2,1
32475,83,540.1,378.7,1949,64950,2,1
32476,83,539.8,379.3,1949,64952,2,1
32477,83,539.3,380,1949,64954,2,1
32478,83,538.9,380.6,1949,64956,2,1
32479,83,538.7,381.1,1949,64958,2,1
32480,83,538.6,381.6,1949,64960,2,1
32481,83,538.8,382.2,1950,64962,2,1
32482,83,539,383,1950,64964,2,1
32483,83,539.3,383.8,1950,64966,2,1
32484,83,539.6,384.5,1950,64968,2,1
32485,83,539.9,385.2,1950,64970,2,1
32486,83,540.3,385.8,1950,64972,2,1
32487,83,540.8,386.4,1950,64974,2,1
32488,83,541,386.6,1950,64976,2,1
32489,83,541.3,386.7,1950,64978,2,1
32490,83,541.6,386.6,1950,64980,2,1
32491,83,542.2,386.6,1950,64982,2,1
32492,83,542.7,386.5,1950,64984,2,1
32493,83,543.2,386,1950,64986,2,1
32494,83,543.4,385.5,1950,64988,2,1
32495,83,543.6,385,1950,64990,2,1
32496,83,543.8,384.5,1950,64992,2,1
32497,83,543.9,383.9,1951,64994,2,1
32498,83,544,383.3,1951,64996,2,1
32499,83,544.1,382.7,1951,64998,2,1
32500,83,544,382.6,1951,65000,2,1
32501,83,543.9,382.7,1951,65002,2,1
32502,83,543.9,382.8,1951,65004,2,1
32503,83,543.8,383,1951,65006,2,1
32504,83,543.8,383.4,1951,65008,2,1
32505,83,544.2,383.7,1951,65010,2,1
32506,83,544.8,383.9,1951,65012,2,1
32507,83,545.7,384.1,1951,65014,2,1
32508,83,546.8,384.2,1951,65016,2,1
32509,83,547.8,384.1,1951,65018,2,1
32510,83,548.7,383.9,1951,65020,2,1
32511,83,549.7,383.7,1951,65022,2,1
32512,83,550.5,383.7,1951,65024,2,1
32513,83,550.9,383.9,1951,65026,2,1
32514,83,550.9,384.5,1952,65028,2,1
32515,83,550.7,385.1,1952,65030,2,1
32516,83,550.5,385.7,1952,65032,2,1
32517,83,550.1,386.3,1952,65034,2,1
32518,83,549.7,386.8,1952,65036,2,1
32519,83,549.1,386.9,1952,65038,2,1
32520,83,548.7,386.9,1952,65040,2,1
32521,83,548.5,386.7,1952,65042,2,1
32522,83,548.3,386.5,1952,65044,2,1
32523,83,548.2,386.4,1952,65046,2,1
32524,83,548.2,386.4,1952,65048,2,1
32525,83,547.9,386.5,1952,65050,2,1
32526,83,547.6,386.9,1952,65052,2,1
32527,83,547.1,387,1952,65054,2,1
32528,83,546.7,386.9,1952,65056,2,1
32529,83,546.2,386.8,1952,65058,2,1
32530,83,545.8,386.7,1952,65060,2,1
32531,83,545.7,386.3,1953,65062,2,1
32532,83,545.9,385.8,1953,65064,2,1
32533,83,546.2,385.2,1953,65066,2,1
32534,83,546.5,384.3,1953,65068,2,1
32535,83,547.2,383.3,1953,65070,2,1
32536,83,548.2,382.4,1953,65072,2,1
32537,83,549.1,381.6,1953,65074,2,1
32538,83,549.9,381.2,1953,65076,2,1
32539,83,550.6,380.5,1953,65078,2,1
32540,83,551.1,379.9,1953,65080,2,1
32541,83,551.4,379.6,1953,65082,2,1
32542,83,551.2,379.3,1953,65084,2,1
32543,83,550.8,379,1953,65086,2,1
32544,83,550.3,378.8,1953,65088,2,1
32545,83,549.6,378.7,1953,65090,2,1
32546,83,549.1,379.1,1953,65092,2,1
32547,83,548.5,379.5,1954,65094,2,1
32548,83,548.3,380,1954,65096,2,1
32549,83,548,380.3,1954,65098,2,1
32550,83,547.7,380.6,1954,65100,2,1
32551,83,547.5,380.7,1954,65102,2,1
32552,83,548.1,380.9,1954,65104,2,1
32553,83,548.7,381.2,1954,65106,2,1
32554,83,549.8,381.5,1954,65108,2,1
32555,83,550.9,381.7,1954,65110,2,1
32556,83,552.1,381.8,1954,65112,2,1
32557,83,553.2,382.1,1954,65114,2,1
32558,83,554.3,382.5,1954,65116,2,1
32559,83,554.9,382.9,1954,65118,2,1
32560,83,555.3,383.3,1954,65120,2,1
32561,83,555.3,383.8,1954,65122,2,1
32562,83,555.4,384.4,1954,65124,2,1
32563,83,555.3,384.8,1954,65126,2,1
32564,83,555.1,385.2,1955,65128,2,1
32565,83,554.9,385,1955,65130,2,1
32566,83,554.6,384.5,1955,65132,2,1
32567,83,554.4,383.7,1955,65134,2,1
32568,83,554.2,383,1955,65136,2,1
32569,83,553.8,382.1,1955,65138,2,1
32570,83,553.4,381.4,1955,65140,2,1
32571,83,552.9,380.6,1955,65142,2,1
32572,83,552.6,380,1955,65144,2,1
32573,83,552.1,379.8,1955,65146,2,1
32574,83,551.8,379.5,1955,65148,2,1
32575,83,551.8,379.3,1955,65150,2,1
32576,83,552.5,379,1955,65152,2,1
32577,83,553.8,378.8,1955,65154,2,1
32578,83,556.7,378.4,1955,65156,2,1
32579,83,560,378,1955,65158,2,1
32580,83,564.3,377.5,1955,65160,2,1
32581,83,569.2,377.1,1956,65162,2,1
32582,83,573.8,376.6,1956,65164,2,1
32583,83,577.5,376.2,1956,65166,2,1
32584,83,580.6,375.8,1956,65168,2,1
32585,83,582.2,375.7,1956,65170,2,1
32586,83,582.4,376,1956,65172,2,1
32587,83,581.7,376.4,1956,65174,2,1
32588,83,580.2,376.9,1956,65176,2,1
32589,83,578.8,377.2,1956,65178,2,1
32590,83,576.8,377.6,1956,65180,2,1
32591,83,575.2,377.7,1956,65182,2,1
32592,83,573.7,377.7,1956,65184,2,1
32593,83,573.4,377.4,1956,65186,2,1
32594,83,573.4,376.3,1956,65188,2,1
32595,83,573.3,375.1,1956,65190,2,1
32596,83,573.2,374.1,1956,65192,2,1
32597,83,573.7,372.9,1957,65194,2,1
32598,83,574.2,371.7,1957,65196,2,1
32599,83,574.6,370.5,1957,65198,2,1
32600,83,575.2,369.5,1957,65200,2,1
32601,83,575.5,369.5,1957,65202,2,1
32602,83,575.9,369.6,1957,65204,2,1
32603,83,576.7,369.8,1957,65206,2,1
32604,83,577.6,370.1,1957,65208,2,1
32605,83,578.5,370.5,1957,65210,2,1
32606,83,579.3,370.8,1957,65212,2,1
32607,83,579.7,371.3,1957,65214,2,1
32608,83,580.1,371.6,1957,65216,2,1
32609,83,580.5,372,1957,65218,2,1
32610,83,580.4,372.4,1957,65220,2,1
32611,83,580.4,372.6,1957,65222,2,1
32612,83,580.3,372.8,1957,65224,2,1
32613,83,580.2,372.9,1957,65226,2,1
32614,83,579.8,373,1958,65228,2,1
32615,83,579.3,372.9,1958,65230,2,1
32616,83,578.9,372.7,1958,65232,2,1
32617,83,578.5,372.5,1958,65234,2,1
32618,83,578.1,372.6,1958,65236,2,1
32619,83,577.9,372.2,1958,65238,2,1
32620,83,577.7,371.8,1958,65240,2,1
32621,83,577.8,371.3,1958,65242,2,1
32622,83,577.4,371,1958,65244,2,1
32623,83,577.1,370.7,1958,65246,2,1
32624,83,576.9,370.3,1958,65248,2,1
32625,83,576.8,369.8,1958,65250,2,1
32626,83,576.6,369.7,1958,65252,2,1
32627,83,576.4,369.6,1958,65254,2,1
32628,83,576.4,369.5,1958,65256,2,1
32629,83,576.7,369.8,1958,65258,2,1
32630,83,576.9,370.5,1958,65260,2,1
32631,83,577,371.4,1959,65262,2,1
32632,83,576.9,372.5,1959,65264,2,1
32633,83,576.8,373.4,1959,65266,2,1
32634,83,576.7,374.2,1959,65268,2,1
32635,83,576.8,374.4,1959,65270,2,1
32636,83,577.3,373.9,1959,65272,2,1
32637,83,577.9,372.7,1959,65274,2,1
32638,83,578.6,371.5,1959,65276,2,1
32639,83,579,369.8,1959,65278,2,1
32640,83,579.4,368.3,1959,65280,2,1
32641,83,579.7,366.9,1959,65282,2,1
32642,83,579.8,366.2,1959,65284,2,1
32643,83,579.6,365.8,1959,65286,2,1
32644,83,579.2,365.9,1959,65288,2,1
32645,83,578.8,366.3,1959,65290,2,1
32646,83,578.7,366.8,1959,65292,2,1
32647,83,577.7,367.6,1960,65294,2,1
32648,83,576.7,368.3,1960,65296,2,1
32649,83,575.9,368.9,1960,65298,2,1
32650,83,575.2,369.4,1960,65300,2,1
32651,83,575.3,369.8,1960,65302,2,1
32652,83,575.5,369.8,1960,65304,2,1
32653,83,575.6,369.5,1960,65306,2,1
32654,83,576.6,369.1,1960,65308,2,1
32655,83,577.7,368.7,1960,65310,2,1
32656,83,578.6,368.4,1960,65312,2,1
32657,83,579.4,368.7,1960,65314,2,1
32658,83,579.7,369.1,1960,65316,2,1
32659,83,580,369.6,1960,65318,2,1
32660,83,580.3,370,1960,65320,2,1
32661,83,580.7,370.3,1960,65322,2,1
32662,83,581,370.6,1960,65324,2,1
32663,83,581.4,370.4,1960,65326,2,1
32664,83,581.9,369.5,1961,65328,2,1
32665,83,582.1,368.6,1961,65330,2,1
32666,83,582.3,367.7,1961,65332,2,1
32667,83,582.5,366.5,1961,65334,2,1
32668,83,582.6,365.7,1961,65336,2,1
32669,83,582.4,365.1,1961,65338,2,1
32670,83,582.1,365.3,1961,65340,2,1
32671,83,581.5,365.6,1961,65342,2,1
32672,83,581,366.1,1961,65344,2,1
32673,83,580.5,366.8,1961,65346,2,1
32674,83,580.1,367.6,1961,65348,2,1
32675,83,579.9,368.3,1961,65350,2,1
32676,83,580,368.9,1961,65352,2,1
32677,83,580.3,368.7,1961,65354,2,1
32678,83,581.4,367.8,1961,65356,2,1
32679,83,583.5,366.6,1961,65358,2,1
32680,83,585.5,365.4,1961,65360,2,1
32681,83,587.8,361.8,1962,65362,2,1
32682,83,590.5,358,1962,65364,2,1
32683,83,593.3,354,1962,65366,2,1
32684,83,596,350.4,1962,65368,2,1
32685,83,598,347.5,1962,65370,2,1
32686,83,599.1,344.5,1962,65372,2,1
32687,83,600.2,341.4,1962,65374,2,1
32688,83,600.9,340.8,1962,65376,2,1
32689,83,600.9,340.7,1962,65378,2,1
32690,83,600.8,341,1962,65380,2,1
32691,83,600.6,341.6,1962,65382,2,1
32692,83,600.4,342.4,1962,65384,2,1
32693,83,600.1,343.3,1962,65386,2,1
32694,83,599.5,344.2,1962,65388,2,1
32695,83,598.9,345.1,1962,65390,2,1
32696,83,598.4,345.8,1962,65392,2,1
32697,83,597.9,346.4,1963,65394,2,1
32698,83,597.6,346.6,1963,65396,2,1
32699,83,597.4,346.9,1963,65398,2,1
32700,83,597.3,347.1,1963,65400,2,1
32701,83,597.5,347.2,1963,65402,2,1
32702,83,598.1,347.1,1963,65404,2,1
32703,83,599,346.9,1963,65406,2,1
32704,83,599.9,346.7,1963,65408,2,1
32705,83,600.8,346.6,1963,65410,2,1
32706,83,601.6,346.6,1963,65412,2,1
32707,83,602.4,346.7,1963,65414,2,1
32708,83,603.1,346.9,1963,65416,2,1
32709,83,603.4,347.2,1963,65418,2,1
32710,83,603.5,347.6,1963,65420,2,1
32711,83,603.2,348.1,1963,65422,2,1
32712,83,602.7,348.7,1963,65424,2,1
32713,83,602.2,349.2,1963,65426,2,1
32714,83,601.7,349.6,1964,65428,2,1
32715,83,600.9,349.9,1964,65430,2,1
32716,83,600.1,350.3,1964,65432,2,1
32717,83,599.4,350.7,1964,65434,2,1
32718,83,599,351,1964,65436,2,1
32719,83,598.8,351.1,1964,65438,2,1
32720,83,598.7,351.2,1964,65440,2,1
32721,83,598.5,351.2,1964,65442,2,1
32722,83,598.7,350.7,1964,65444,2,1
32723,83,599,350.2,1964,65446,2,1
32724,83,599.7,349.7,1964,65448,2,1
32725,83,600.3,349.3,1964,65450,2,1
32726,83,600.9,349.2,1964,65452,2,1
32727,83,601.5,349.1,1964,65454,2,1
32728,83,602.2,349.3,1964,65456,2,1
32729,83,602.7,349.6,1964,65458,2,1
32730,83,603.2,349.8,1964,65460,2,1
32731,83,603.2,350.1,1965,65462,2,1
32732,83,603.2,350.4,1965,65464,2,1
32733,83,603.2,350.6,1965,65466,2,1
32734,83,603.2,350.9,1965,65468,2,1
32735,83,603.2,350.8,1965,65470,2,1
32736,83,603.1,350.7,1965,65472,2,1
32737,83,602.9,350.7,1965,65474,2,1
32738,83,602.8,350.6,1965,65476,2,1
32739,83,602.6,350.5,1965,65478,2,1
32740,83,601.5,350.5,1965,65480,2,1
32741,83,600.1,350.5,1965,65482,2,1
32742,83,598.7,350.4,1965,65484,2,1
32743,83,597.4,350.4,1965,65486,2,1
32744,83,596.6,350.4,1965,65488,2,1
32745,83,596.1,350.4,1965,65490,2,1
32746,83,595.7,350.3,1965,65492,2,1
32747,83,596.3,350.1,1966,65494,2,1
32748,83,597.7,350,1966,65496,2,1
32749,83,599.1,349.8,1966,65498,2,1
32750,83,600.6,349.6,1966,65500,2,1
32751,83,602,349.4,1966,65502,2,1
32752,83,602.9,349.5,1966,65504,2,1
32753,83,604,349.7,1966,65506,2,1
32754,83,604.9,349.7,1966,65508,2,1
32755,83,605.6,349.8,1966,65510,2,1
32756,83,606.6,349.8,1966,65512,2,1
32757,83,607.4,349.6,1966,65514,2,1
32758,83,607.9,349.2,1966,65516,2,1
32759,83,608.4,348.7,1966,65518,2,1
32760,83,608.5,348.3,1966,65520,2,1
32761,83,607.6,348,1966,65522,2,1
32762,83,606.6,348.1,1966,65524,2,1
32763,83,605.3,348.4,1966,65526,2,1
32764,83,604,348.8,1967,65528,2,1
32765,83,602.9,349.4,1967,65530,2,1
32766,83,601.7,350.1,1967,65532,2,1
32767,83,600.8,350.8,1967,65534,2,1
32768,83,600.6,351.5,1967,65536,2,1
32769,83,600.4,352.1,1967,65538,2,1
32770,83,600.2,352.7,1967,65540,2,1
32771,83,600,353.2,1967,65542,2,1
32772,83,599.7,354,1967,65544,2,1
32773,83,599.5,354.3,1967,65546,2,1
32774,83,599.4,354.6,1967,65548,2,1
32775,83,599.4,354.7,1967,65550,2,1
32776,83,599.4,354.7,1967,65552,2,1
32777,83,599.5,354.7,1967,65554,2,1
32778,83,599.6,354.5,1967,65556,2,1
32779,83,599.8,354.3,1967,65558,2,1
32780,83,600.1,354,1967,65560,2,1
32781,83,600.5,353.8,1968,65562,2,1
32782,83,601.3,353.6,1968,65564,2,1
32783,83,602.2,352.8,1968,65566,2,1
32784,83,602.9,351.6,1968,65568,2,1
32785,83,603.6,350.6,1968,65570,2,1
32786,83,604.2,349.7,1968,65572,2,1
32787,83,604.7,349,1968,65574,2,1
32788,83,604.9,348.6,1968,65576,2,1
32789,83,604.6,348.1,1968,65578,2,1
32790,83,604.2,348.1,1968,65580,2,1
32791,83,603.8,348.6,1968,65582,2,1
32792,83,603.4,349.1,1968,65584,2,1
32793,83,602.9,349.5,1968,65586,2,1
32794,83,602.4,350.1,1968,65588,2,1
32795,83,601.5,350.3,1968,65590,2,1
32796,83,600.7,350.5,1968,65592,2,1
32797,83,600,350.8,1969,65594,2,1
32798,83,599.3,351.2,1969,65596,2,1
32799,83,598.6,351.6,1969,65598,2,1
32800,83,598,352,1969,65600,2,1
32801,83,597.2,352.3,1969,65602,2,1
32802,83,596.9,352.6,1969,65604,2,1
32803,83,596.5,352.9,1969,65606,2,1
32804,83,596.2,353.1,1969,65608,2,1
32805,83,595.7,353.2,1969,65610,2,1
32806,83,595.3,353.3,1969,65612,2,1
32807,83,595,353.3,1969,65614,2,1
32808,83,595.1,353.3,1969,65616,2,1
32809,83,595.3,353.2,1969,65618,2,1
32810,83,595.7,353.2,1969,65620,2,1
32811,83,596.1,353.2,1969,65622,2,1
32812,83,596.6,353.3,1969,65624,2,1
32813,83,597.1,353.3,1969,65626,2,1
32814,83,597.6,353.2,1970,65628,2,1
32815,83,598.1,353,1970,65630,2,1
32816,83,598.5,352.8,1970,65632,2,1
32817,83,599,352.5,1970,65634,2,1
32818,83,599.5,352.1,1970,65636,2,1
32819,83,599.9,351.4,1970,65638,2,1
32820,83,600.3,350.8,1970,65640,2,1
32821,83,600.6,350.2,1970,65642,2,1
32822,83,600.9,349.4,1970,65644,2,1
32823,83,601,348.6,1970,65646,2,1
32824,83,601.1,347.9,1970,65648,2,1
32825,83,601,347.7,1970,65650,2,1
32826,83,600.8,347.9,1970,65652,2,1
32827,83,600.1,348,1970,65654,2,1
32828,83,599.5,348,1970,65656,2,1
32829,83,598.9,348.1,1970,65658,2,1
32830,83,598.2,348,1970,65660,2,1
32831,83,597.5,347.8,1971,65662,2,1
32832,83,596.8,347.6,1971,65664,2,1
32833,83,595.9,347.3,1971,65666,2,1
32834,83,595.4,347.1,1971,65668,2,1
32835,83,594.9,346.9,1971,65670,2,1
32836,83,594.4,347,1971,65672,2,1
32837,83,594,347.1,1971,65674,2,1
32838,83,593.7,347.2,1971,65676,2,1
32839,83,593.5,347.3,1971,65678,2,1
32840,83,593.7,347.5,1971,65680,2,1
32841,83,594.1,347.6,1971,65682,2,1
32842,83,594.3,347.7,1971,65684,2,1
32843,83,594.4,347.9,1971,65686,2,1
32844,83,594,348.1,1971,65688,2,1
32845,83,593.6,348.6,1971,65690,2,1
32846,83,593.2,349.1,1971,65692,2,1
32847,83,592.9,349.6,1972,65694,2,1
32848,83,592.6,349.9,1972,65696,2,1
32849,83,592.6,350.1,1972,65698,2,1
32850,83,592.8,350.3,1972,65700,2,1
32851,83,593.5,350.4,1972,65702,2,1
32852,83,594.3,350.2,1972,65704,2,1
32853,83,595,350.2,1972,65706,2,1
32854,83,595.6,350.2,1972,65708,2,1
32855,83,596,350.4,1972,65710,2,1
32856,83,596.2,350.5,1972,65712,2,1
32857,83,596.2,350.7,1972,65714,2,1
32858,83,596.2,350.9,1972,65716,2,1
32859,83,596.1,351.2,1972,65718,2,1
32860,83,596.1,351.4,1972,65720,2,1
32861,83,596.2,351.7,1972,65722,2,1
32862,83,596.5,351.9,1972,65724,2,1
32863,83,596.8,352,1972,65726,2,1
32864,83,597.1,352.3,1973,65728,2,1
32865,83,597.4,352.6,1973,65730,2,1
32866,83,597.6,353.3,1973,65732,2,1
32867,83,597.8,354.3,1973,65734,2,1
32868,83,597.9,355.1,1973,65736,2,1
32869,83,597.8,356.1,1973,65738,2,1
32870,83,597.8,357,1973,65740,2,1
32871,83,597.7,357.7,1973,65742,2,1
32872,83,597.6,358.3,1973,65744,2,1
32873,83,597.4,358.2,1973,65746,2,1
32874,83,597.2,358,1973,65748,2,1
32875,83,597.2,357.6,1973,65750,2,1
32876,83,597.1,357.1,1973,65752,2,1
32877,83,597.2,356.7,1973,65754,2,1
32878,83,597.3,356.3,1973,65756,2,1
32879,83,597.5,355.8,1973,65758,2,1
32880,83,597.9,355.2,1973,65760,2,1
32881,83,598.4,354.3,1974,65762,2,1
32882,83,598.7,353.9,1974,65764,2,1
32883,83,599,352.6,1974,65766,2,1
32884,83,599.3,351.3,1974,65768,2,1
32885,83,599.4,350,1974,65770,2,1
32886,83,599.4,349.3,1974,65772,2,1
32887,83,599.4,348.7,1974,65774,2,1
32888,83,599.3,348.5,1974,65776,2,1
32889,83,599.3,348.3,1974,65778,2,1
32890,83,599.3,348.2,1974,65780,2,1
32891,83,599.2,348.1,1974,65782,2,1
32892,83,599,348.1,1974,65784,2,1
32893,83,598.6,347.5,1974,65786,2,1
32894,83,598.1,346.9,1974,65788,2,1
32895,83,597.6,346.3,1974,65790,2,1
32896,83,597.1,345.9,1974,65792,2,1
32897,83,596.5,346.2,1975,65794,2,1
32898,83,596,346.3,1975,65796,2,1
32899,83,595.7,346.3,1975,65798,2,1
32900,83,595.7,346.5,1975,65800,2,1
32901,83,595.5,346.9,1975,65802,2,1
32902,83,595.3,347.3,1975,65804,2,1
32903,83,595.2,347.7,1975,65806,2,1
32904,83,595.1,348,1975,65808,2,1
32905,83,595.1,348.3,1975,65810,2,1
32906,83,595.1,348.7,1975,65812,2,1
32907,83,595.2,349,1975,65814,2,1
32908,83,595.6,349.2,1975,65816,2,1
32909,83,596.2,349.5,1975,65818,2,1
32910,83,596.9,349.8,1975,65820,2,1
32911,83,597.5,350.1,1975,65822,2,1
32912,83,598,350.6,1975,65824,2,1
32913,83,598.3,351.1,1975,65826,2,1
32914,83,598.5,351.8,1976,65828,2,1
32915,83,598.8,352.4,1976,65830,2,1
32916,83,598.8,353.2,1976,65832,2,1
32917,83,598.8,353.9,1976,65834,2,1
32918,83,598.8,354.4,1976,65836,2,1
32919,83,598.8,355,1976,65838,2,1
32920,83,598.9,355.4,1976,65840,2,1
32921,83,599.2,355.8,1976,65842,2,1
32922,83,599.5,356.1,1976,65844,2,1
32923,83,599.7,356.2,1976,65846,2,1
32924,83,599.9,356,1976,65848,2,1
32925,83,600.2,355.4,1976,65850,2,1
32926,83,600.5,354.7,1976,65852,2,1
32927,83,600.9,354,1976,65854,2,1
32928,83,601.1,353.4,1976,65856,2,1
32929,83,601.2,352.8,1976,65858,2,1
32930,83,601.2,352.4,1976,65860,2,1
32931,83,601.2,352,1977,65862,2,1
32932,83,601.1,352.2,1977,65864,2,1
32933,83,600.9,352.4,1977,65866,2,1
32934,83,600.7,352.6,1977,65868,2,1
32935,83,600.6,352.9,1977,65870,2,1
32936,83,600.5,353.1,1977,65872,2,1
32937,83,600.6,353.4,1977,65874,2,1
32938,83,600.7,353.6,1977,65876,2,1
32939,83,600.8,353.7,1977,65878,2,1
32940,83,600.9,353.8,1977,65880,2,1
32941,83,601.1,353.9,1977,65882,2,1
32942,83,601.2,354.1,1977,65884,2,1
32943,83,601.3,354.3,1977,65886,2,1
32944,83,601.3,354.6,1977,65888,2,1
32945,83,601.3,354.8,1977,65890,2,1
32946,83,601.4,355.1,1977,65892,2,1
32947,83,601.4,355.6,1978,65894,2,1
32948,83,600.8,356.3,1978,65896,2,1
32949,83,600.2,356.8,1978,65898,2,1
32950,83,599.8,357.1,1978,65900,2,1
32951,83,599.6,357.9,1978,65902,2,1
32952,83,599.3,358.9,1978,65904,2,1
32953,83,599.2,359.8,1978,65906,2,1
32954,83,599.1,360.7,1978,65908,2,1
32955,83,599.7,361.6,1978,65910,2,1
32956,83,600.3,362.4,1978,65912,2,1
32957,83,600.8,363,1978,65914,2,1
32958,83,601.1,363.1,1978,65916,2,1
32959,83,601.4,362.9,1978,65918,2,1
32960,83,601.5,362.8,1978,65920,2,1
32961,83,601.5,362.6,1978,65922,2,1
32962,83,601.2,362,1978,65924,2,1
32963,83,600.9,361.4,1978,65926,2,1
32964,83,600.6,360.8,1979,65928,2,1
32965,83,600.3,360.4,1979,65930,2,1
32966,83,600.3,360.2,1979,65932,2,1
32967,83,601,359.8,1979,65934,2,1
32968,83,601.7,359.4,1979,65936,2,1
32969,83,602.5,359.2,1979,65938,2,1
32970,83,603.4,358.9,1979,65940,2,1
32971,83,604.2,358.7,1979,65942,2,1
32972,83,604.9,358.4,1979,65944,2,1
32973,83,605.1,358,1979,65946,2,1
32974,83,604.5,357.7,1979,65948,2,1
32975,83,603.9,357.6,1979,65950,2,1
32976,83,603.2,357.7,1979,65952,2,1
32977,83,602.5,358,1979,65954,2,1
32978,83,601.8,358.3,1979,65956,2,1
32979,83,601.3,358.6,1979,65958,2,1
32980,83,601.1,358.9,1979,65960,2,1
32981,83,601.1,359.2,1980,65962,2,1
32982,83,601.3,359.3,1980,65964,2,1
32983,83,601.5,359.2,1980,65966,2,1
32984,83,601.8,359.8,1980,65968,2,1
32985,83,602,360.5,1980,65970,2,1
32986,83,602.2,361.2,1980,65972,2,1
32987,83,602.5,362.1,1980,65974,2,1
32988,83,602.9,363.1,1980,65976,2,1
32989,83,603.3,364.2,1980,65978,2,1
32990,83,603.6,365.2,1980,65980,2,1
32991,83,603.8,365.6,1980,65982,2,1
32992,83,603.7,365.7,1980,65984,2,1
32993,83,603.6,365.9,1980,65986,2,1
32994,83,603.4,366,1980,65988,2,1
32995,83,603,366.2,1980,65990,2,1
32996,83,603,366.3,1980,65992,2,1
32997,83,603.1,366.5,1981,65994,2,1
32998,83,603.5,366.6,1981,65996,2,1
32999,83,604.3,366.8,1981,65998,2,1
33000,83,605,366.8,1981,66000,2,1
33001,83,605.6,366.4,1981,66002,2,1
33002,83,605.5,365.9,1981,66004,2,1
33003,83,604.9,365.5,1981,66006,2,1
33004,83,604.3,365,1981,66008,2,1
33005,83,603.3,364.6,1981,66010,2,1
33006,83,602.3,364.3,1981,66012,2,1
33007,83,601.4,364.1,1981,66014,2,1
33008,83,600.8,364.3,1981,66016,2,1
33009,83,600.6,364.8,1981,66018,2,1
33010,83,601,365.1,1981,66020,2,1
33011,83,601.4,365.3,1981,66022,2,1
33012,83,601.8,365.4,1981,66024,2,1
33013,83,602.2,365.4,1981,66026,2,1
33014,83,602.7,365.4,1982,66028,2,1
33015,83,603,365.2,1982,66030,2,1
33016,83,603.3,364.8,1982,66032,2,1
33017,83,603.2,364.4,1982,66034,2,1
33018,83,603.1,364.1,1982,66036,2,1
33019,83,602.8,363.8,1982,66038,2,1
33020,83,602.4,363.5,1982,66040,2,1
33021,83,602.1,363.3,1982,66042,2,1
33022,83,601.6,363.4,1982,66044,2,1
33023,83,601.1,364,1982,66046,2,1
33024,83,600.7,364.5,1982,66048,2,1
33025,83,600.2,365.3,1982,66050,2,1
33026,83,599.9,366.1,1982,66052,2,1
33027,83,599.7,366.8,1982,66054,2,1
33028,83,599.5,367.2,1982,66056,2,1
33029,83,599.7,367.5,1982,66058,2,1
33030,83,600.1,367.3,1982,66060,2,1
33031,83,600.6,366.8,1983,66062,2,1
33032,83,601.1,366.3,1983,66064,2,1
33033,83,601.6,365.8,1983,66066,2,1
33034,83,602.1,365.5,1983,66068,2,1
33035,83,602.4,365.2,1983,66070,2,1
33036,83,602.6,365.1,1983,66072,2,1
33037,83,602.7,365.1,1983,66074,2,1
33038,83,602.6,365.5,1983,66076,2,1
33039,83,602.5,365.9,1983,66078,2,1
33040,83,602.4,366.6,1983,66080,2,1
33041,83,602.4,367.2,1983,66082,2,1
33042,83,602.4,367.8,1983,66084,2,1
33043,83,602.3,369.1,1983,66086,2,1
33044,83,602.4,370.3,1983,66088,2,1
33045,83,602.6,371.3,1983,66090,2,1
33046,83,603.1,372.2,1983,66092,2,1
33047,83,603.6,372.7,1984,66094,2,1
33048,83,604,373.3,1984,66096,2,1
33049,83,604.4,373.6,1984,66098,2,1
33050,83,604.8,373.3,1984,66100,2,1
33051,83,604.9,373,1984,66102,2,1
33052,83,604.8,372.7,1984,66104,2,1
33053,83,604.5,372.3,1984,66106,2,1
33054,83,604.1,372,1984,66108,2,1
33055,83,603.7,371.7,1984,66110,2,1
33056,83,603.4,371.7,1984,66112,2,1
33057,83,603.2,371.5,1984,66114,2,1
33058,83,603.3,371.2,1984,66116,2,1
33059,83,603.5,371,1984,66118,2,1
33060,83,603.7,370.6,1984,66120,2,1
33061,83,604.1,370.2,1984,66122,2,1
33062,83,604.5,369.9,1984,66124,2,1
33063,83,605.1,369.7,1984,66126,2,1
33064,83,605.8,369.8,1985,66128,2,1
33065,83,606.2,369.9,1985,66130,2,1
33066,83,606.6,370.4,1985,66132,2,1
33067,83,607,371.4,1985,66134,2,1
33068,83,607.3,372.3,1985,66136,2,1
33069,83,607.5,373.2,1985,66138,2,1
33070,83,607.5,374,1985,66140,2,1
33071,83,607.4,374.8,1985,66142,2,1
33072,83,607.3,375.5,1985,66144,2,1
33073,83,607.2,375.5,1985,66146,2,1
33074,83,607,375.3,1985,66148,2,1
33075,83,606.7,375,1985,66150,2,1
33076,83,606.5,374.8,1985,66152,2,1
33077,83,606.4,374.2,1985,66154,2,1
33078,83,606.3,373.6,1985,66156,2,1
33079,83,606.4,372.8,1985,66158,2,1
33080,83,606.5,372.3,1985,66160,2,1
33081,83,606.8,371.9,1986,66162,2,1
33082,83,607.1,371.8,1986,66164,2,1
33083,83,607.4,371.7,1986,66166,2,1
33084,83,607.6,372,1986,66168,2,1
33085,83,607.7,372.9,1986,66170,2,1
33086,83,607.6,373.8,1986,66172,2,1
33087,83,607.5,374.8,1986,66174,2,1
33088,83,607.4,375.8,1986,66176,2,1
33089,83,607.3,376.7,1986,66178,2,1
33090,83,607.4,377.6,1986,66180,2,1
33091,83,607.6,378.3,1986,66182,2,1
33092,83,608.1,378.4,1986,66184,2,1
33093,83,608.9,378.4,1986,66186,2,1
33094,83,609.7,378.4,1986,66188,2,1
33095,83,610.6,378.2,1986,66190,2,1
33096,83,611.4,378.1,1986,66192,2,1
33097,83,612,377.9,1987,66194,2,1
33098,83,612.5,377.6,1987,66196,2,1
33099,83,612.6,377.3,1987,66198,2,1
33100,83,612.4,377,1987,66200,2,1
33101,83,612.3,376.8,1987,66202,2,1
33102,83,612,376.5,1987,66204,2,1
33103,83,611.7,376.4,1987,66206,2,1
33104,83,611.3,376.2,1987,66208,2,1
33105,83,611.1,376.2,1987,66210,2,1
33106,83,610.8,376.1,1987,66212,2,1
33107,83,610.5,375.9,1987,66214,2,1
33108,83,610.2,375.8,1987,66216,2,1
33109,83,610,375.7,1987,66218,2,1
33110,83,609.8,375.6,1987,66220,2,1
33111,83,609.8,375.6,1987,66222,2,1
33112,83,609.8,375.8,1987,66224,2,1
33113,83,609.9,376.1,1987,66226,2,1
33114,83,610,376.6,1988,66228,2,1
33115,83,610.1,377.1,1988,66230,2,1
33116,83,610.2,377.5,1988,66232,2,1
33117,83,610.3,378,1988,66234,2,1
33118,83,610.4,378.3,1988,66236,2,1
33119,83,610.6,378.3,1988,66238,2,1
33120,83,610.7,378.2,1988,66240,2,1
33121,83,611,378.1,1988,66242,2,1
33122,83,611.3,377.9,1988,66244,2,1
33123,83,611.7,377.6,1988,66246,2,1
33124,83,612.1,377.2,1988,66248,2,1
33125,83,612.5,376.9,1988,66250,2,1
33126,83,612.8,376.8,1988,66252,2,1
33127,83,613,376.7,1988,66254,2,1
33128,83,613.2,376.7,1988,66256,2,1
33129,83,613.3,376.7,1988,66258,2,1
33130,83,613.5,376.8,1988,66260,2,1
33131,83,613.3,377,1989,66262,2,1
33132,83,613.2,377.2,1989,66264,2,1
33133,83,613,377.2,1989,66266,2,1
33134,83,612.8,377.2,1989,66268,2,1
33135,83,612.6,377.4,1989,66270,2,1
33136,83,612.2,378.1,1989,66272,2,1
33137,83,611.8,380.6,1989,66274,2,1
33138,83,611.4,384,1989,66276,2,1
33139,83,610.7,390.7,1989,66278,2,1
33140,83,610.3,402.5,1989,66280,2,1
33141,83,610,418.7,1989,66282,2,1
33142,83,609.6,439,1989,66284,2,1
33143,83,609.3,461.3,1989,66286,2,1
33144,83,609.6,481.9,1989,66288,2,1
33145,83,610.2,501.9,1989,66290,2,1
33146,83,611,518.5,1989,66292,2,1
33147,83,611.5,529.8,1990,66294,2,1
33148,83,611.9,534,1990,66296,2,1
33149,83,612.3,531.6,1990,66298,2,1
33150,83,612.9,525.1,1990,66300,2,1
33151,83,612.9,518.5,1990,66302,2,1
33152,83,612.5,511.6,1990,66304,2,1
33153,83,612.2,504.8,1990,66306,2,1
33154,83,611.8,500.9,1990,66308,2,1
33155,83,611.4,500.6,1990,66310,2,1
33156,83,610.9,503.8,1990,66312,2,1
33157,83,610.4,509.9,1990,66314,2,1
33158,83,609.8,517.2,1990,66316,2,1
33159,83,609.7,524.7,1990,66318,2,1
33160,83,609.5,532.1,1990,66320,2,1
33161,83,609.4,536.7,1990,66322,2,1
33162,83,609.3,540,1990,66324,2,1
33163,83,609.3,541.5,1990,66326,2,1
33164,83,609.3,541.4,1991,66328,2,1
33165,83,609.4,539.5,1991,66330,2,1
33166,83,609.5,537.8,1991,66332,2,1
33167,83,609.6,536.1,1991,66334,2,1
33168,83,609.9,534.5,1991,66336,2,1
33169,83,610.2,533,1991,66338,2,1
33170,83,610.6,532.6,1991,66340,2,1
33171,83,611,532.5,1991,66342,2,1
33172,83,611.3,532.9,1991,66344,2,1
33173,83,611.7,533.3,1991,66346,2,1
33174,83,612,533.7,1991,66348,2,1
33175,83,612.1,533.9,1991,66350,2,1
33176,83,612.4,534.3,1991,66352,2,1
33177,83,612.5,534.7,1991,66354,2,1
33178,83,612.7,535,1991,66356,2,1
33179,83,612.8,535.4,1991,66358,2,1
33180,83,612.9,536.1,1991,66360,2,1
33181,83,613.1,536.7,1992,66362,2,1
33182,83,613.1,537.3,1992,66364,2,1
33183,83,613.1,537.8,1992,66366,2,1
33184,83,613.1,538.5,1992,66368,2,1
33185,83,613.1,539.1,1992,66370,2,1
33186,83,613,539.7,1992,66372,2,1
33187,83,612.9,540,1992,66374,2,1
33188,83,612.8,540.3,1992,66376,2,1
33189,83,612.6,540.6,1992,66378,2,1
33190,83,612.2,540.8,1992,66380,2,1
33191,83,611.7,540.7,1992,66382,2,1
33192,83,611.2,540.7,1992,66384,2,1
33193,83,610.7,540.6,1992,66386,2,1
33194,83,610.1,540.6,1992,66388,2,1
33195,83,609.5,540.7,1992,66390,2,1
33196,83,609,540.7,1992,66392,2,1
33197,83,608.2,540.7,1993,66394,2,1
33198,83,607.8,540.8,1993,66396,2,1
33199,83,607.1,540.8,1993,66398,2,1
33200,83,606.7,540.7,1993,66400,2,1
33201,83,606.5,540.6,1993,66402,2,1
33202,83,606.4,540.5,1993,66404,2,1
33203,83,606.4,540.4,1993,66406,2,1
33204,83,606.6,540.2,1993,66408,2,1
33205,83,606.8,540,1993,66410,2,1
33206,83,607.1,539.8,1993,66412,2,1
33207,83,608.5,539.5,1993,66414,2,1
33208,83,609.7,539.3,1993,66416,2,1
33209,83,610.8,539.1,1993,66418,2,1
33210,83,611.9,538.9,1993,66420,2,1
33211,83,613,538.8,1993,66422,2,1
33212,83,614.2,539.2,1993,66424,2,1
33213,83,615.3,539.5,1993,66426,2,1
33214,83,615.5,540,1994,66428,2,1
33215,83,615.6,540.4,1994,66430,2,1
33216,83,615.1,540.9,1994,66432,2,1
33217,83,614.6,541.6,1994,66434,2,1
33218,83,614.1,542.2,1994,66436,2,1
33219,83,613.4,542.4,1994,66438,2,1
33220,83,612.6,542.5,1994,66440,2,1
33221,83,611.9,542.7,1994,66442,2,1
33222,83,611.1,542.9,1994,66444,2,1
33223,83,611,543.2,1994,66446,2,1
33224,83,610.8,543.5,1994,66448,2,1
33225,83,610.7,543.9,1994,66450,2,1
33226,83,610.4,544.4,1994,66452,2,1
33227,83,610.3,544.8,1994,66454,2,1
33228,83,610.2,545.2,1994,66456,2,1
33229,83,610.3,545.3,1994,66458,2,1
33230,83,610.4,545.2,1994,66460,2,1
33231,83,610.6,545,1995,66462,2,1
33232,83,610.7,544.8,1995,66464,2,1
33233,83,611,544.5,1995,66466,2,1
33234,83,611.2,544.4,1995,66468,2,1
33235,83,611.3,544.4,1995,66470,2,1
33236,83,611.2,544.6,1995,66472,2,1
33237,83,611.1,545,1995,66474,2,1
33238,83,611,545.7,1995,66476,2,1
33239,83,610.8,546.6,1995,66478,2,1
33240,83,610.7,547.8,1995,66480,2,1
33241,83,610.5,548.8,1995,66482,2,1
33242,83,610.5,549.7,1995,66484,2,1
33243,83,610.4,550.7,1995,66486,2,1
33244,83,610.3,551.7,1995,66488,2,1
33245,83,610.3,552.5,1995,66490,2,1
33246,83,610.4,553,1995,66492,2,1
33247,83,610.6,553.2,1996,66494,2,1
33248,83,610.7,553.5,1996,66496,2,1
33249,83,610.9,554.2,1996,66498,2,1
33250,83,611.1,554.8,1996,66500,2,1
33251,83,611.4,555.3,1996,66502,2,1
33252,83,611.7,555.7,1996,66504,2,1
33253,83,611.9,556.2,1996,66506,2,1
33254,83,611.9,556.7,1996,66508,2,1
33255,83,612.1,557.3,1996,66510,2,1
33256,83,612.2,558.2,1996,66512,2,1
33257,83,612.4,558.8,1996,66514,2,1
33258,83,612.4,559.3,1996,66516,2,1
33259,83,612.3,559.7,1996,66518,2,1
33260,83,612.2,560,1996,66520,2,1
33261,83,612.1,559.9,1996,66522,2,1
33262,83,612,559.8,1996,66524,2,1
33263,83,611.9,559,1996,66526,2,1
33264,83,611.7,558.3,1997,66528,2,1
33265,83,611.6,557.9,1997,66530,2,1
33266,83,611.7,557.9,1997,66532,2,1
33267,83,611.7,558.3,1997,66534,2,1
33268,83,611.8,559.1,1997,66536,2,1
33269,83,611.9,559.8,1997,66538,2,1
33270,83,612.1,560.7,1997,66540,2,1
33271,83,612.3,561.5,1997,66542,2,1
33272,83,612.4,562.2,1997,66544,2,1
33273,83,612.5,562.6,1997,66546,2,1
33274,83,612,562.5,1997,66548,2,1
33275,83,611.5,562.1,1997,66550,2,1
33276,83,610.9,561.6,1997,66552,2,1
33277,83,610.3,561.2,1997,66554,2,1
33278,83,609.6,560.8,1997,66556,2,1
33279,83,608.8,560.4,1997,66558,2,1
33280,83,608,560.5,1997,66560,2,1
33281,83,607.9,560.6,1998,66562,2,1
33282,83,607.8,561,1998,66564,2,1
33283,83,607.6,561.5,1998,66566,2,1
33284,83,607.6,562.1,1998,66568,2,1
33285,83,607.5,562.7,1998,66570,2,1
33286,83,607.5,563.3,1998,66572,2,1
33287,83,607.6,563.4,1998,66574,2,1
33288,83,607.6,563.5,1998,66576,2,1
33289,83,607.7,563.5,1998,66578,2,1
33290,83,607.8,563.4,1998,66580,2,1
33291,83,607.8,563.2,1998,66582,2,1
33292,83,607.9,563,1998,66584,2,1
33293,83,607.8,562.9,1998,66586,2,1
33294,83,607.7,562.8,1998,66588,2,1
33295,83,607.5,562.8,1998,66590,2,1
33296,83,607.3,562.6,1998,66592,2,1
33297,83,607.2,562,1999,66594,2,1
33298,83,607,561.5,1999,66596,2,1
33299,83,606.8,561,1999,66598,2,1
33300,83,606.9,560.7,1999,66600,2,1
33301,83,606.9,560.5,1999,66602,2,1
33302,83,606.9,560.3,1999,66604,2,1
33303,83,606.9,560.3,1999,66606,2,1
33304,83,606.8,560.6,1999,66608,2,1
33305,83,606.7,560.9,1999,66610,2,1
33306,83,606.6,561,1999,66612,2,1
33307,83,606.5,560.8,1999,66614,2,1
33308,83,606.4,560.3,1999,66616,2,1
33309,83,606.3,559.8,1999,66618,2,1
33310,83,606.2,559.3,1999,66620,2,1
33311,83,606.2,558.8,1999,66622,2,1
33312,83,606.1,558.3,1999,66624,2,1
33313,83,605.7,557.8,1999,66626,2,1
33314,83,605.2,557.6,2000,66628,2,1
33315,83,604.6,557.6,2000,66630,2,1
33316,83,603.9,557.6,2000,66632,2,1
33317,83,603.4,557.7,2000,66634,2,1
33318,83,603,557.9,2000,66636,2,1
33319,83,603.3,558.1,2000,66638,2,1
33320,83,603.9,558.2,2000,66640,2,1
33321,83,604.6,558.2,2000,66642,2,1
33322,83,604.9,558.3,2000,66644,2,1
33323,83,604.8,558.4,2000,66646,2,1
33324,83,604.7,558.5,2000,66648,2,1
33325,83,604.3,558.9,2000,66650,2,1
33326,83,603.5,559.3,2000,66652,2,1
33327,83,602.7,559.7,2000,66654,2,1
33328,83,602,560.1,2000,66656,2,1
33329,83,601.8,560.4,2000,66658,2,1
33330,83,602,560.7,2000,66660,2,1
33331,83,602.2,560.9,2001,66662,2,1
33332,83,602.3,560.9,2001,66664,2,1
33333,83,602,561.1,2001,66666,2,1
33334,83,601.5,561.3,2001,66668,2,1
33335,83,601.1,561.7,2001,66670,2,1
33336,83,600.6,562.2,2001,66672,2,1
33337,83,600.4,562.8,2001,66674,2,1
33338,83,600.4,563.4,2001,66676,2,1
33339,83,600.6,563.9,2001,66678,2,1
33340,83,600.9,564.5,2001,66680,2,1
33341,83,601.4,565.1,2001,66682,2,1
33342,83,601.5,565.6,2001,66684,2,1
33343,83,601.6,566,2001,66686,2,1
33344,83,601.4,566.5,2001,66688,2,1
33345,83,601,566.8,2001,66690,2,1
33346,83,600.5,567.5,2001,66692,2,1
33347,83,600,568.2,2002,66694,2,1
33348,83,599.5,568.9,2002,66696,2,1
33349,83,599.2,569.5,2002,66698,2,1
33350,83,599,569.8,2002,66700,2,1
33351,83,598.7,570,2002,66702,2,1
33352,83,598.3,569.8,2002,66704,2,1
33353,83,598,568.8,2002,66706,2,1
33354,83,597.9,567.9,2002,66708,2,1
33355,83,597.7,567.1,2002,66710,2,1
33356,83,597.5,566.2,2002,66712,2,1
33357,83,597.2,565.4,2002,66714,2,1
33358,83,596.9,564.6,2002,66716,2,1
33359,83,596.6,563.7,2002,66718,2,1
33360,83,596.2,563.3,2002,66720,2,1
33361,83,595.8,562.9,2002,66722,2,1
33362,83,595.2,562.6,2002,66724,2,1
33363,83,594.2,562,2002,66726,2,1
33364,83,592.9,561.2,2003,66728,2,1
33365,83,590.9,559.4,2003,66730,2,1
33366,83,587.7,556.8,2003,66732,2,1
33367,83,583.8,553.1,2003,66734,2,1
33368,83,579.6,548.8,2003,66736,2,1
33369,83,573.8,544.4,2003,66738,2,1
33370,83,568.3,539.8,2003,66740,2,1
33371,83,563.3,534.4,2003,66742,2,1
33372,83,558.8,529.9,2003,66744,2,1
33373,83,555.3,526.5,2003,66746,2,1
33374,83,552.6,524.9,2003,66748,2,1
33375,83,550.3,524.4,2003,66750,2,1
33376,83,549.7,524.3,2003,66752,2,1
33377,83,549.1,524.6,2003,66754,2,1
33378,83,548.6,525.8,2003,66756,2,1
33379,83,548.7,527.1,2003,66758,2,1
33380,83,549.3,528.4,2003,66760,2,1
33381,83,549.7,529.3,2004,66762,2,1
33382,83,550,529.8,2004,66764,2,1
33383,83,549.9,530.1,2004,66766,2,1
33384,83,549.8,530.3,2004,66768,2,1
33385,83,549.9,530,2004,66770,2,1
33386,83,549.6,529.6,2004,66772,2,1
33387,83,549.3,529.1,2004,66774,2,1
33388,83,549.2,528.6,2004,66776,2,1
33389,83,549.2,528.1,2004,66778,2,1
33390,83,549.7,527.6,2004,66780,2,1
33391,83,549.9,527.2,2004,66782,2,1
33392,83,550,527.6,2004,66784,2,1
33393,83,549.9,528.2,2004,66786,2,1
33394,83,549.5,529.2,2004,66788,2,1
33395,83,549.1,530.2,2004,66790,2,1
33396,83,548.6,531.1,2004,66792,2,1
33397,83,547.9,532,2005,66794,2,1
33398,83,547,532.8,2005,66796,2,1
33399,83,546.2,533.1,2005,66798,2,1
33400,83,545.6,533.4,2005,66800,2,1
33401,83,545.4,533.5,2005,66802,2,1
33402,83,545.2,533.6,2005,66804,2,1
33403,83,545.1,533.7,2005,66806,2,1
33404,83,545.1,533.8,2005,66808,2,1
33405,83,545.5,533.6,2005,66810,2,1
33406,83,545.9,533.5,2005,66812,2,1
33407,83,546.1,533.3,2005,66814,2,1
33408,83,546,533.1,2005,66816,2,1
33409,83,546,533,2005,66818,2,1
33410,83,546.1,532.8,2005,66820,2,1
33411,83,546.1,532.9,2005,66822,2,1
33412,83,546.1,533.2,2005,66824,2,1
33413,83,545.6,533.8,2005,66826,2,1
33414,83,545,534.4,2006,66828,2,1
33415,83,544.5,535,2006,66830,2,1
33416,83,544.5,535.4,2006,66832,2,1
33417,83,544.4,535.7,2006,66834,2,1
33418,83,544.3,535.8,2006,66836,2,1
33419,83,544.4,535.9,2006,66838,2,1
33420,83,545,536,2006,66840,2,1
33421,83,545.6,536.2,2006,66842,2,1
33422,83,546.4,536.2,2006,66844,2,1
33423,83,546.4,536.2,2006,66846,2,1
33424,83,546.6,536.3,2006,66848,2,1
33425,83,546.8,536.6,2006,66850,2,1
33426,83,547,537,2006,66852,2,1
33427,83,547.2,537.3,2006,66854,2,1
33428,83,547.5,537.5,2006,66856,2,1
33429,83,547.5,537.8,2006,66858,2,1
33430,83,547.7,538.4,2006,66860,2,1
33431,83,547.9,538.9,2007,66862,2,1
33432,83,548.1,539.3,2007,66864,2,1
33433,83,548.3,539.7,2007,66866,2,1
33434,83,548.6,540,2007,66868,2,1
33435,83,548.9,540.2,2007,66870,2,1
33436,83,549.3,540.2,2007,66872,2,1
33437,83,549.5,540.2,2007,66874,2,1
33438,83,549.7,540.2,2007,66876,2,1
33439,83,549.9,540.1,2007,66878,2,1
33440,83,550.1,540.1,2007,66880,2,1
33441,83,550.2,540.1,2007,66882,2,1
33442,83,550.2,540.3,2007,66884,2,1
33443,83,550.2,540.5,2007,66886,2,1
33444,83,550.2,540.6,2007,66888,2,1
33445,83,550.2,540.8,2007,66890,2,1
33446,83,550.2,541.1,2007,66892,2,1
33447,83,550.3,541,2008,66894,2,1
33448,83,550.4,541.1,2008,66896,2,1
33449,83,550.6,541.2,2008,66898,2,1
33450,83,550.8,541.4,2008,66900,2,1
33451,83,551.1,541.5,2008,66902,2,1
33452,83,551.2,541.7,2008,66904,2,1
33453,83,551.2,542,2008,66906,2,1
33454,83,551.1,542.3,2008,66908,2,1
33455,83,551.1,542.5,2008,66910,2,1
33456,83,551.2,542.7,2008,66912,2,1
33457,83,551.3,543,2008,66914,2,1
33458,83,551.1,543.1,2008,66916,2,1
33459,83,551,543.4,2008,66918,2,1
33460,83,550.9,543.6,2008,66920,2,1
33461,83,550.8,543.9,2008,66922,2,1
33462,83,550.7,544,2008,66924,2,1
33463,83,550.7,544.1,2008,66926,2,1
33464,83,550.7,544,2009,66928,2,1
33465,83,551,543.9,2009,66930,2,1
33466,83,551.4,543.9,2009,66932,2,1
33467,83,551.2,543.9,2009,66934,2,1
33468,83,551.1,543.7,2009,66936,2,1
33469,83,551,543.9,2009,66938,2,1
33470,83,550.8,544.1,2009,66940,2,1
33471,83,550.6,544.5,2009,66942,2,1
33472,83,550.2,544.9,2009,66944,2,1
33473,83,549.7,545.2,2009,66946,2,1
33474,83,549.6,545.5,2009,66948,2,1
33475,83,549.2,545.7,2009,66950,2,1
33476,83,548.7,545.8,2009,66952,2,1
33477,83,548.2,546,2009,66954,2,1
33478,83,547.6,546.2,2009,66956,2,1
33479,83,547.1,546.4,2009,66958,2,1
33480,83,546.7,546.7,2009,66960,2,1
33481,83,546.5,546.8,2010,66962,2,1
33482,83,546.4,546.8,2010,66964,2,1
33483,83,546.3,546.8,2010,66966,2,1
33484,83,546.4,546.7,2010,66968,2,1
33485,83,546.5,546.5,2010,66970,2,1
33486,83,546.7,546.1,2010,66972,2,1
33487,83,546.9,545.7,2010,66974,2,1
33488,83,546.6,545.3,2010,66976,2,1
33489,83,546.2,545,2010,66978,2,1
33490,83,545.8,544.8,2010,66980,2,1
33491,83,545.7,544.8,2010,66982,2,1
33492,83,545.8,544.7,2010,66984,2,1
33493,83,545.7,544.8,2010,66986,2,1
33494,83,545.6,544.9,2010,66988,2,1
33495,83,545.8,544.9,2010,66990,2,1
33496,83,546.1,544.9,2010,66992,2,1
33497,83,546.5,544.7,2011,66994,2,1
33498,83,546.6,544.4,2011,66996,2,1
33499,83,546.7,544.1,2011,66998,2,1
33500,83,546.9,543.8,2011,67000,2,1
33501,83,547.2,543.3,2011,67002,2,1
33502,83,547.8,542.9,2011,67004,2,1
33503,83,548.2,542.7,2011,67006,2,1
33504,83,548.6,542.5,2011,67008,2,1
33505,83,548.8,542.4,2011,67010,2,1
33506,83,549,542.3,2011,67012,2,1
33507,83,549.1,542.2,2011,67014,2,1
33508,83,549.1,542.4,2011,67016,2,1
33509,83,549.2,542.6,2011,67018,2,1
33510,83,549.3,542.8,2011,67020,2,1
33511,83,549.2,543,2011,67022,2,1
33512,83,549.2,543.2,2011,67024,2,1
33513,83,549.1,543.2,2011,67026,2,1
33514,83,549.3,543.5,2012,67028,2,1
33515,83,549.5,543.8,2012,67030,2,1
33516,83,549.6,544.1,2012,67032,2,1
33517,83,549.5,544.2,2012,67034,2,1
33518,83,549.5,544.4,2012,67036,2,1
33519,83,549.4,544.5,2012,67038,2,1
33520,83,549.2,544.7,2012,67040,2,1
33521,83,548.8,545,2012,67042,2,1
33522,83,548.6,545.2,2012,67044,2,1
33523,83,548.4,545.6,2012,67046,2,1
33524,83,548.5,545.9,2012,67048,2,1
33525,83,548.8,546.3,2012,67050,2,1
33526,83,549.1,546.5,2012,67052,2,1
33527,83,549.5,546.9,2012,67054,2,1
33528,83,549.8,547.4,2012,67056,2,1
33529,83,549.7,547.7,2012,67058,2,1
33530,83,549.6,547.9,2012,67060,2,1
33531,83,549.4,548,2013,67062,2,1
33532,83,548.9,548,2013,67064,2,1
33533,83,548.4,548,2013,67066,2,1
33534,83,547.9,548.2,2013,67068,2,1
33535,83,547.5,548.4,2013,67070,2,1
33536,83,547.3,549,2013,67072,2,1
33537,83,547.1,549.7,2013,67074,2,1
33538,83,546.9,550.3,2013,67076,2,1
33539,83,546.8,550.9,2013,67078,2,1
33540,83,546.7,551.6,2013,67080,2,1
33541,83,546.5,552.3,2013,67082,2,1
33542,83,546,552.9,2013,67084,2,1
33543,83,545.6,553.1,2013,67086,2,1
33544,83,545.1,553,2013,67088,2,1
33545,83,544.4,552.9,2013,67090,2,1
33546,83,543,552.7,2013,67092,2,1
33547,83,541.7,552.5,2014,67094,2,1
33548,83,538.8,552.4,2014,67096,2,1
33549,83,535.2,551.7,2014,67098,2,1
33550,83,530.7,551.3,2014,67100,2,1
33551,83,525.8,550.9,2014,67102,2,1
33552,83,521,550.4,2014,67104,2,1
33553,83,516.9,549.9,2014,67106,2,1
33554,83,512.9,549.5,2014,67108,2,1
33555,83,510.5,549.1,2014,67110,2,1
33556,83,508.6,549,2014,67112,2,1
33557,83,507.5,548.8,2014,67114,2,1
33558,83,507,548.3,2014,67116,2,1
33559,83,506.9,547.9,2014,67118,2,1
33560,83,507.8,547.5,2014,67120,2,1
33561,83,509,547.2,2014,67122,2,1
33562,83,510.1,546.9,2014,67124,2,1
33563,83,511.8,546.8,2014,67126,2,1
33564,83,513.4,546.6,2015,67128,2,1
33565,83,514.3,546.7,2015,67130,2,1
33566,83,514.5,546.7,2015,67132,2,1
33567,83,513.8,546.7,2015,67134,2,1
33568,83,512.7,546.9,2015,67136,2,1
33569,83,512.2,547,2015,67138,2,1
33570,83,512.4,547,2015,67140,2,1
33571,83,512.7,547,2015,67142,2,1
33572,83,513.5,546.8,2015,67144,2,1
33573,83,514.1,546.7,2015,67146,2,1
33574,83,513.9,546.5,2015,67148,2,1
33575,83,513.7,546.3,2015,67150,2,1
33576,83,513.2,546.2,2015,67152,2,1
33577,83,512.1,546,2015,67154,2,1
33578,83,511.3,545.7,2015,67156,2,1
33579,83,510.6,545.3,2015,67158,2,1
33580,83,510.4,545,2015,67160,2,1
33581,83,511.1,544.5,2016,67162,2,1
33582,83,511.9,544.2,2016,67164,2,1
33583,83,512.6,544.2,2016,67166,2,1
33584,83,513.3,544.3,2016,67168,2,1
33585,83,513.7,544.5,2016,67170,2,1
33586,83,514,544.7,2016,67172,2,1
33587,83,514.7,544.7,2016,67174,2,1
33588,83,515.3,544.8,2016,67176,2,1
33589,83,515.9,545,2016,67178,2,1
33590,83,516.5,545.1,2016,67180,2,1
33591,83,517.1,545.2,2016,67182,2,1
33592,83,517.4,545.2,2016,67184,2,1
33593,83,517.2,545.3,2016,67186,2,1
33594,83,516.6,545.3,2016,67188,2,1
33595,83,516.1,545.4,2016,67190,2,1
33596,83,515.4,545.4,2016,67192,2,1
33597,83,514.9,545.3,2017,67194,2,1
33598,83,514.5,545.1,2017,67196,2,1
33599,83,514.5,544.8,2017,67198,2,1
33600,83,514.7,544.5,2017,67200,2,1
33601,83,514.8,544.2,2017,67202,2,1
33602,83,514.2,544.1,2017,67204,2,1
33603,83,513.6,544.1,2017,67206,2,1
33604,83,513,544,2017,67208,2,1
33605,83,512.2,544.1,2017,67210,2,1
33606,83,511.2,544.4,2017,67212,2,1
33607,83,510.4,544.8,2017,67214,2,1
33608,83,510.9,545,2017,67216,2,1
33609,83,511.9,545.3,2017,67218,2,1
33610,83,513,545.7,2017,67220,2,1
33611,83,513.3,546.2,2017,67222,2,1
33612,83,513.5,546.6,2017,67224,2,1
33613,83,513.6,547,2017,67226,2,1
33614,83,513.7,547.2,2018,67228,2,1
33615,83,512.7,547.5,2018,67230,2,1
33616,83,511.8,547.6,2018,67232,2,1
33617,83,511.3,547.8,2018,67234,2,1
33618,83,511.8,548.2,2018,67236,2,1
33619,83,512.3,548.5,2018,67238,2,1
33620,83,512.8,548.8,2018,67240,2,1
33621,83,513.1,549,2018,67242,2,1
33622,83,513.4,549.2,2018,67244,2,1
33623,83,513.3,549.5,2018,67246,2,1
33624,83,512.9,549.8,2018,67248,2,1
33625,83,512.4,550.2,2018,67250,2,1
33626,83,512.1,550.6,2018,67252,2,1
33627,83,512,551.1,2018,67254,2,1
33628,83,512.1,551.6,2018,67256,2,1
33629,83,512.3,552,2018,67258,2,1
33630,83,512.7,552.3,2018,67260,2,1
33631,83,513.2,552.5,2019,67262,2,1
33632,83,513.7,552.4,2019,67264,2,1
33633,83,514,552.5,2019,67266,2,1
33634,83,514.3,552.5,2019,67268,2,1
33635,83,514.4,552.8,2019,67270,2,1
33636,83,514.4,553,2019,67272,2,1
33637,83,514.2,553.2,2019,67274,2,1
33638,83,513.9,553.4,2019,67276,2,1
33639,83,513.5,553.5,2019,67278,2,1
33640,83,513,553.1,2019,67280,2,1
33641,83,512.5,552.9,2019,67282,2,1
33642,83,512.1,552.7,2019,67284,2,1
33643,83,511.6,552.4,2019,67286,2,1
33644,83,511.2,552.1,2019,67288,2,1
33645,83,510.8,551.8,2019,67290,2,1
33646,83,510.4,551.6,2019,67292,2,1
33647,83,510.1,551.7,2020,67294,2,1
33648,83,510.2,551.7,2020,67296,2,1
33649,83,510.4,552,2020,67298,2,1
33650,83,510.7,552.3,2020,67300,2,1
33651,83,511.1,552.6,2020,67302,2,1
33652,83,511.5,552.9,2020,67304,2,1
33653,83,511.8,553.2,2020,67306,2,1
33654,83,511.8,553.2,2020,67308,2,1
33655,83,511.5,553.1,2020,67310,2,1
33656,83,511.1,553,2020,67312,2,1
33657,83,510.8,552.8,2020,67314,2,1
33658,83,510.7,552.9,2020,67316,2,1
33659,83,510.9,553,2020,67318,2,1
33660,83,511.1,553.1,2020,67320,2,1
33661,83,511.6,553.4,2020,67322,2,1
33662,83,512.1,553.7,2020,67324,2,1
33663,83,512.7,553.9,2020,67326,2,1
33664,83,513.3,554.1,2021,67328,2,1
33665,83,513.2,554.2,2021,67330,2,1
33666,83,512.9,554,2021,67332,2,1
33667,83,512.5,553.8,2021,67334,2,1
33668,83,512.1,553.8,2021,67336,2,1
33669,83,511.8,554.1,2021,67338,2,1
33670,83,511.6,554.5,2021,67340,2,1
33671,83,511.4,554.9,2021,67342,2,1
33672,83,511.8,555.2,2021,67344,2,1
33673,83,512.3,555.7,2021,67346,2,1
33674,83,513.8,556,2021,67348,2,1
33675,83,515.3,556.2,2021,67350,2,1
33676,83,516.6,556.2,2021,67352,2,1
33677,83,516.4,556.2,2021,67354,2,1
33678,83,515.8,556.2,2021,67356,2,1
33679,83,514.9,556.2,2021,67358,2,1
33680,83,513.9,555.9,2021,67360,2,1
33681,83,512.1,555.6,2022,67362,2,1
33682,83,510.2,555.4,2022,67364,2,1
33683,83,509.3,555.1,2022,67366,2,1
33684,83,509.9,554.7,2022,67368,2,1
33685,83,510.9,554.4,2022,67370,2,1
33686,83,511.9,554.2,2022,67372,2,1
33687,83,513,554.1,2022,67374,2,1
33688,83,514,554.1,2022,67376,2,1
33689,83,515,554,2022,67378,2,1
33690,83,515.1,554.4,2022,67380,2,1
33691,83,514.5,554.9,2022,67382,2,1
33692,83,513.4,555.4,2022,67384,2,1
33693,83,512.3,555.7,2022,67386,2,1
33694,83,511.2,555.8,2022,67388,2,1
33695,83,510.2,555.8,2022,67390,2,1
33696,83,509.2,555.7,2022,67392,2,1
33697,83,509.2,555.2,2023,67394,2,1
33698,83,509.6,554.7,2023,67396,2,1
33699,83,510.8,554.1,2023,67398,2,1
33700,83,512,553.5,2023,67400,2,1
33701,83,513.1,553.1,2023,67402,2,1
33702,83,514,552.9,2023,67404,2,1
33703,83,514.2,552.8,2023,67406,2,1
33704,83,513.5,552.8,2023,67408,2,1
33705,83,512.8,552.9,2023,67410,2,1
33706,83,512,553.1,2023,67412,2,1
33707,83,511,553.3,2023,67414,2,1
33708,83,510.4,553.5,2023,67416,2,1
33709,83,510.1,553.7,2023,67418,2,1
33710,83,510.5,553.8,2023,67420,2,1
33711,83,510.9,553.9,2023,67422,2,1
33712,83,511.3,554,2023,67424,2,1
33713,83,511.8,554,2023,67426,2,1
33714,83,512.2,553.9,2024,67428,2,1
33715,83,512.5,553.9,2024,67430,2,1
33716,83,512.5,553.9,2024,67432,2,1
33717,83,512.5,553.9,2024,67434,2,1
33718,83,512.5,554,2024,67436,2,1
33719,83,512.5,553.9,2024,67438,2,1
33720,83,512.3,553.9,2024,67440,2,1
33721,83,512,553.8,2024,67442,2,1
33722,83,511.7,553.8,2024,67444,2,1
33723,83,511.4,553.9,2024,67446,2,1
33724,83,510.9,554,2024,67448,2,1
33725,83,510.5,554.1,2024,67450,2,1
33726,83,510.1,554.2,2024,67452,2,1
33727,83,510,554.2,2024,67454,2,1
33728,83,510,554.3,2024,67456,2,1
33729,83,510,554.4,2024,67458,2,1
33730,83,510.2,554.4,2024,67460,2,1
33731,83,510.4,554.3,2025,67462,2,1
33732,83,510.8,554.2,2025,67464,2,1
33733,83,511.2,554.1,2025,67466,2,1
33734,83,511.9,554,2025,67468,2,1
33735,83,512.7,553.8,2025,67470,2,1
33736,83,513.4,553.7,2025,67472,2,1
33737,83,514.1,553.6,2025,67474,2,1
33738,83,514.5,553.6,2025,67476,2,1
33739,83,514.9,553.6,2025,67478,2,1
33740,83,515,553.9,2025,67480,2,1
33741,83,514.5,554.2,2025,67482,2,1
33742,83,514.1,554.7,2025,67484,2,1
33743,83,513.6,555.1,2025,67486,2,1
33744,83,513.2,555.6,2025,67488,2,1
33745,83,512.8,556.1,2025,67490,2,1
33746,83,512.5,556.9,2025,67492,2,1
33747,83,512.2,557.5,2025,67494,2,1
33748,83,512,558.3,2026,67496,2,1
33749,83,512,559.3,2026,67498,2,1
33750,83,512.3,560.3,2026,67500,2,1
33751,83,512.6,561.3,2026,67502,2,1
33752,83,512.9,562,2026,67504,2,1
33753,83,513.3,562.3,2026,67506,2,1
33754,83,513.7,562.6,2026,67508,2,1
33755,83,514.5,563,2026,67510,2,1
33756,83,515.1,562.9,2026,67512,2,1
33757,83,515.4,562.8,2026,67514,2,1
33758,83,515.5,562.7,2026,67516,2,1
33759,83,515.5,562.1,2026,67518,2,1
33760,83,515.4,561.5,2026,67520,2,1
33761,83,515.2,560.3,2026,67522,2,1
33762,83,514.8,559,2026,67524,2,1
33763,83,514.5,557.7,2026,67526,2,1
33764,83,514.2,556.5,2027,67528,2,1
33765,83,514.2,555.2,2027,67530,2,1
33766,83,514.3,554.4,2027,67532,2,1
33767,83,514.5,553.6,2027,67534,2,1
33768,83,514.5,553.5,2027,67536,2,1
33769,83,514.5,553.5,2027,67538,2,1
33770,83,514.5,553.7,2027,67540,2,1
33771,83,514.6,553.9,2027,67542,2,1
33772,83,515.4,554.2,2027,67544,2,1
33773,83,516.1,554.5,2027,67546,2,1
33774,83,516.8,554.8,2027,67548,2,1
33775,83,517.7,555.1,2027,67550,2,1
33776,83,518.4,555.4,2027,67552,2,1
33777,83,519.2,555.7,2027,67554,2,1
33778,83,520,555.9,2027,67556,2,1
33779,83,520.1,555.9,2027,67558,2,1
33780,83,520.2,556,2027,67560,2,1
33781,83,520.3,556,2028,67562,2,1
33782,83,520.4,556,2028,67564,2,1
33783,83,520.6,556.1,2028,67566,2,1
33784,83,520.7,556.3,2028,67568,2,1
33785,83,520.8,556.4,2028,67570,2,1
33786,83,520.7,556.6,2028,67572,2,1
33787,83,520.6,556.8,2028,67574,2,1
33788,83,520.4,557.7,2028,67576,2,1
33789,83,520.1,558.5,2028,67578,2,1
33790,83,519.9,559.4,2028,67580,2,1
33791,83,519.7,560.3,2028,67582,2,1
33792,83,519.7,561.2,2028,67584,2,1
33793,83,519.9,562,2028,67586,2,1
33794,83,520.1,562.8,2028,67588,2,1
33795,83,520.5,562.8,2028,67590,2,1
33796,83,520.9,562.4,2028,67592,2,1
33797,83,521.4,561.7,2029,67594,2,1
33798,83,521.8,561,2029,67596,2,1
33799,83,522.1,560.4,2029,67598,2,1
33800,83,522.2,559.8,2029,67600,2,1
33801,83,522.3,559.3,2029,67602,2,1
33802,83,522.3,558.6,2029,67604,2,1
33803,83,522.3,558.4,2029,67606,2,1
33804,83,522.2,558.3,2029,67608,2,1
33805,83,522.1,558.2,2029,67610,2,1
33806,83,521.8,558.1,2029,67612,2,1
33807,83,521.4,558.2,2029,67614,2,1
33808,83,521.1,558.3,2029,67616,2,1
33809,83,520.6,558.6,2029,67618,2,1
33810,83,520.2,558.8,2029,67620,2,1
33811,83,519.8,559,2029,67622,2,1
33812,83,519.5,558.8,2029,67624,2,1
33813,83,519.4,558.5,2029,67626,2,1
33814,83,519.3,558.2,2030,67628,2,1
33815,83,519,557.8,2030,67630,2,1
33816,83,518.2,557.4,2030,67632,2,1
33817,83,517.5,557,2030,67634,2,1
33818,83,516.8,556.8,2030,67636,2,1
33819,83,516.2,556.8,2030,67638,2,1
33820,83,515.8,557,2030,67640,2,1
33821,83,515.6,557.4,2030,67642,2,1
33822,83,515.6,557.9,2030,67644,2,1
33823,83,516,558.2,2030,67646,2,1
33824,83,516.5,558.6,2030,67648,2,1
33825,83,516.8,558.9,2030,67650,2,1
33826,83,517.1,559.1,2030,67652,2,1
33827,83,517.1,559.8,2030,67654,2,1
33828,83,517.1,560.6,2030,67656,2,1
33829,83,517,561.2,2030,67658,2,1
33830,83,516.8,561.8,2030,67660,2,1
33831,83,516.7,562.5,2031,67662,2,1
33832,83,516.4,563.1,2031,67664,2,1
33833,83,516.2,563.8,2031,67666,2,1
33834,83,516.2,564.1,2031,67668,2,1
33835,83,516.3,564.4,2031,67670,2,1
33836,83,516.6,564.7,2031,67672,2,1
33837,83,517,565.1,2031,67674,2,1
33838,83,517.4,565.4,2031,67676,2,1
33839,83,517.8,565.6,2031,67678,2,1
33840,83,518.3,565.7,2031,67680,2,1
33841,83,518.6,565.9,2031,67682,2,1
33842,83,518.7,566.2,2031,67684,2,1
33843,83,518.8,566.5,2031,67686,2,1
33844,83,518.6,566.5,2031,67688,2,1
33845,83,518.5,566.6,2031,67690,2,1
33846,83,517.8,566.6,2031,67692,2,1
33847,83,517.1,566.6,2032,67694,2,1
33848,83,516.5,566.5,2032,67696,2,1
33849,83,515.9,566.2,2032,67698,2,1
33850,83,515.4,565.8,2032,67700,2,1
33851,83,515.1,565.5,2032,67702,2,1
33852,83,514.8,565.3,2032,67704,2,1
33853,83,515.1,564.5,2032,67706,2,1
33854,83,515.5,563.4,2032,67708,2,1
33855,83,516.1,562.5,2032,67710,2,1
33856,83,516.7,561.6,2032,67712,2,1
33857,83,517.2,560.8,2032,67714,2,1
33858,83,517.6,560,2032,67716,2,1
33859,83,518,559.2,2032,67718,2,1
33860,83,518.2,558.9,2032,67720,2,1
33861,83,518.3,558.9,2032,67722,2,1
33862,83,518.2,558.8,2032,67724,2,1
33863,83,518.1,558.3,2032,67726,2,1
33864,83,518,557.8,2033,67728,2,1
33865,83,517.9,557.2,2033,67730,2,1
33866,83,518,556.6,2033,67732,2,1
33867,83,518.1,556,2033,67734,2,1
33868,83,518.4,555.3,2033,67736,2,1
33869,83,518.7,554.8,2033,67738,2,1
33870,83,519,554.7,2033,67740,2,1
33871,83,519.3,554.9,2033,67742,2,1
33872,83,519.5,555.1,2033,67744,2,1
33873,83,519.6,555.3,2033,67746,2,1
33874,83,519.7,555.6,2033,67748,2,1
33875,83,519.7,556,2033,67750,2,1
33876,83,519.9,556.7,2033,67752,2,1
33877,83,520.2,557.3,2033,67754,2,1
33878,83,520.4,557.8,2033,67756,2,1
33879,83,520.8,558.3,2033,67758,2,1
33880,83,521.2,558.7,2033,67760,2,1
33881,83,521.4,559,2034,67762,2,1
33882,83,521.5,559.3,2034,67764,2,1
33883,83,521.4,559.3,2034,67766,2,1
33884,83,521.3,559.4,2034,67768,2,1
33885,83,521.2,559.6,2034,67770,2,1
33886,83,521,559.9,2034,67772,2,1
33887,83,520.8,560.3,2034,67774,2,1
33888,83,520.5,560.7,2034,67776,2,1
33889,83,520.3,561,2034,67778,2,1
33890,83,520,561.4,2034,67780,2,1
33891,83,519.7,561.7,2034,67782,2,1
33892,83,519.4,561.9,2034,67784,2,1
33893,83,519.2,561.9,2034,67786,2,1
33894,83,519.2,562.1,2034,67788,2,1
33895,83,519.2,562.5,2034,67790,2,1
33896,83,519.2,562.8,2034,67792,2,1
33897,83,519.1,563.1,2035,67794,2,1
33898,83,519.1,563,2035,67796,2,1
33899,83,519.1,562.9,2035,67798,2,1
33900,83,519.2,562.7,2035,67800,2,1
33901,83,519.3,562.3,2035,67802,2,1
33902,83,519.5,561.7,2035,67804,2,1
33903,83,519.9,561.1,2035,67806,2,1
33904,83,520.4,560.5,2035,67808,2,1
33905,83,520.9,560.3,2035,67810,2,1
33906,83,521.4,560,2035,67812,2,1
33907,83,521.8,559.7,2035,67814,2,1
33908,83,522.6,559.5,2035,67816,2,1
33909,83,523.3,559.5,2035,67818,2,1
33910,83,523.9,559.5,2035,67820,2,1
33911,83,524.8,559.5,2035,67822,2,1
33912,83,525.8,559.6,2035,67824,2,1
33913,83,526.8,559.9,2035,67826,2,1
33914,83,528.1,560.2,2036,67828,2,1
33915,83,529.3,560.8,2036,67830,2,1
33916,83,530.6,561.3,2036,67832,2,1
33917,83,531.9,561.8,2036,67834,2,1
33918,83,532.7,562.3,2036,67836,2,1
33919,83,533.4,562.7,2036,67838,2,1
33920,83,534,563,2036,67840,2,1
33921,83,534.2,563.7,2036,67842,2,1
33922,83,534,564.2,2036,67844,2,1
33923,83,533.8,564.7,2036,67846,2,1
33924,83,533.6,565.3,2036,67848,2,1
33925,83,533.4,565.7,2036,67850,2,1
33926,83,533.3,566.2,2036,67852,2,1
33927,83,533.1,566.6,2036,67854,2,1
33928,83,533,565.9,2036,67856,2,1
33929,83,532.9,565.2,2036,67858,2,1
33930,83,532.8,564.5,2036,67860,2,1
33931,83,532.8,563.7,2037,67862,2,1
33932,83,532.7,563,2037,67864,2,1
33933,83,532.6,562.3,2037,67866,2,1
33934,83,532.7,561.6,2037,67868,2,1
33935,83,532.8,561.5,2037,67870,2,1
33936,83,533.2,561.3,2037,67872,2,1
33937,83,534.1,561.1,2037,67874,2,1
33938,83,535.1,561,2037,67876,2,1
33939,83,536.1,560.8,2037,67878,2,1
33940,83,537.4,560.7,2037,67880,2,1
33941,83,538.5,560.7,2037,67882,2,1
33942,83,539.5,561.2,2037,67884,2,1
33943,83,540.3,561.8,2037,67886,2,1
33944,83,540.5,562.4,2037,67888,2,1
33945,83,540.6,562.9,2037,67890,2,1
33946,83,540.6,563.2,2037,67892,2,1
33947,83,540.5,563.6,2038,67894,2,1
33948,83,540.2,563.8,2038,67896,2,1
33949,83,539.9,563.3,2038,67898,2,1
33950,83,539.5,562.8,2038,67900,2,1
33951,83,539.2,562.2,2038,67902,2,1
33952,83,538.9,561.7,2038,67904,2,1
33953,83,538.6,561.2,2038,67906,2,1
33954,83,538.5,560.3,2038,67908,2,1
33955,83,538.5,559.5,2038,67910,2,1
33956,83,538.5,559,2038,67912,2,1
33957,83,538.6,558.9,2038,67914,2,1
33958,83,538.7,558.8,2038,67916,2,1
33959,83,538.9,558.7,2038,67918,2,1
33960,83,539,558.7,2038,67920,2,1
33961,83,539.1,559.5,2038,67922,2,1
33962,83,539.3,560.4,2038,67924,2,1
33963,83,539.5,561.3,2038,67926,2,1
33964,83,539.6,561.9,2039,67928,2,1
33965,83,539.7,562.4,2039,67930,2,1
33966,83,539.8,562.7,2039,67932,2,1
33967,83,539.9,562.9,2039,67934,2,1
33968,83,539.7,562.2,2039,67936,2,1
33969,83,539.5,561.4,2039,67938,2,1
33970,83,539.3,560.5,2039,67940,2,1
33971,83,539.1,559.8,2039,67942,2,1
33972,83,538.8,559.2,2039,67944,2,1
33973,83,538.6,558.8,2039,67946,2,1
33974,83,538.4,558.6,2039,67948,2,1
33975,83,538.4,559,2039,67950,2,1
33976,83,538.6,559.5,2039,67952,2,1
33977,83,539.1,559.9,2039,67954,2,1
33978,83,539.7,560.3,2039,67956,2,1
33979,83,540.3,561.2,2039,67958,2,1
33980,83,540.9,562,2039,67960,2,1
33981,83,541.5,562.9,2040,67962,2,1
33982,83,541.9,563.1,2040,67964,2,1
33983,83,541.8,563.1,2040,67966,2,1
33984,83,541.3,563,2040,67968,2,1
33985,83,540.8,562.8,2040,67970,2,1
33986,83,539.8,562,2040,67972,2,1
33987,83,538.8,561.1,2040,67974,2,1
33988,83,537.8,560.3,2040,67976,2,1
33989,83,536.9,559.8,2040,67978,2,1
33990,83,536.4,559.6,2040,67980,2,1
33991,83,536.2,559.4,2040,67982,2,1
33992,83,536.5,559.8,2040,67984,2,1
33993,83,537.4,560.5,2040,67986,2,1
33994,83,538.3,561.4,2040,67988,2,1
33995,83,539.3,562.4,2040,67990,2,1
33996,83,540.2,563.3,2040,67992,2,1
33997,83,541.1,564.2,2040,67994,2,1
33998,83,541.7,564.8,2041,67996,2,1
33999,83,541.9,564.5,2041,67998,2,1
34000,83,541.8,563.9,2041,68000,2,1
34001,83,541.8,563,2041,68002,2,1
34002,83,541.7,562.1,2041,68004,2,1
34003,83,541.5,561.2,2041,68006,2,1
34004,83,541.3,560.4,2041,68008,2,1
34005,83,541.1,559.7,2041,68010,2,1
34006,83,540.7,559.5,2041,68012,2,1
34007,83,540.5,559.4,2041,68014,2,1
34008,83,540.4,559.4,2041,68016,2,1
34009,83,540.4,559.6,2041,68018,2,1
34010,83,540.5,560.6,2041,68020,2,1
34011,83,540.6,561.8,2041,68022,2,1
34012,83,540.8,563,2041,68024,2,1
34013,83,540.8,564.1,2041,68026,2,1
34014,83,540.9,565,2042,68028,2,1
34015,83,540.9,565.9,2042,68030,2,1
34016,83,540.9,566.8,2042,68032,2,1
34017,83,540.8,566.7,2042,68034,2,1
34018,83,540.7,566.6,2042,68036,2,1
34019,83,540.7,566.1,2042,68038,2,1
34020,83,540.8,565.7,2042,68040,2,1
34021,83,540.9,565.2,2042,68042,2,1
34022,83,541,564.6,2042,68044,2,1
34023,83,541.7,563.9,2042,68046,2,1
34024,83,542.4,563.4,2042,68048,2,1
34025,83,543.2,562.9,2042,68050,2,1
34026,83,543.2,563,2042,68052,2,1
34027,83,543.2,562.9,2042,68054,2,1
34028,83,543.1,562.9,2042,68056,2,1
34029,83,542.9,563.1,2042,68058,2,1
34030,83,542,563.4,2042,68060,2,1
34031,83,541,563.6,2043,68062,2,1
34032,83,540.1,563.8,2043,68064,2,1
34033,83,539.9,564,2043,68066,2,1
34034,83,539.6,564.3,2043,68068,2,1
34035,83,539.8,564.4,2043,68070,2,1
34036,83,540.1,564.5,2043,68072,2,1
34037,83,540.5,564.2,2043,68074,2,1
34038,83,540.9,564,2043,68076,2,1
34039,83,541.3,563.7,2043,68078,2,1
34040,83,541.7,563.3,2043,68080,2,1
34041,83,542,562.7,2043,68082,2,1
34042,83,542,562.2,2043,68084,2,1
34043,83,541.9,561.9,2043,68086,2,1
34044,83,541.8,561.9,2043,68088,2,1
34045,83,541.8,561.9,2043,68090,2,1
34046,83,541.7,561.9,2043,68092,2,1
34047,83,541.6,562.1,2044,68094,2,1
34048,83,541.6,562.1,2044,68096,2,1
34049,83,541.8,562.3,2044,68098,2,1
34050,83,542,562.4,2044,68100,2,1
34051,83,542.2,562.3,2044,68102,2,1
34052,83,542.2,562.3,2044,68104,2,1
34053,83,542.2,562.4,2044,68106,2,1
34054,83,542.1,562.7,2044,68108,2,1
34055,83,542,563.3,2044,68110,2,1
34056,83,541.9,563.9,2044,68112,2,1
34057,83,541.7,564.5,2044,68114,2,1
34058,83,541.7,565.3,2044,68116,2,1
34059,83,541.8,566.1,2044,68118,2,1
34060,83,542.3,567.3,2044,68120,2,1
34061,83,542.9,568.3,2044,68122,2,1
34062,83,543.3,568.9,2044,68124,2,1
34063,83,543.4,569.5,2044,68126,2,1
34064,83,542.5,570,2045,68128,2,1
34065,83,541.6,570.5,2045,68130,2,1
34066,83,540.6,570.9,2045,68132,2,1
34067,83,539.5,570.9,2045,68134,2,1
34068,83,538.9,570.9,2045,68136,2,1
34069,83,538.7,571,2045,68138,2,1
34070,83,538.6,571.1,2045,68140,2,1
34071,83,539.5,571.2,2045,68142,2,1
34072,83,540.3,571.3,2045,68144,2,1
34073,83,541.1,571.3,2045,68146,2,1
34074,83,541.8,571.3,2045,68148,2,1
34075,83,541.8,571.5,2045,68150,2,1
34076,83,541.8,571.6,2045,68152,2,1
34077,83,541.8,571.8,2045,68154,2,1
34078,83,541.9,572,2045,68156,2,1
34079,83,542,572,2045,68158,2,1
34080,83,542.1,572.1,2045,68160,2,1
34081,83,542.2,572,2046,68162,2,1
34082,83,542.3,571.9,2046,68164,2,1
34083,83,542.3,572.1,2046,68166,2,1
34084,83,542.1,572.4,2046,68168,2,1
34085,83,542,572.6,2046,68170,2,1
34086,83,541.8,573,2046,68172,2,1
34087,83,541.7,573.3,2046,68174,2,1
34088,83,541.5,573.4,2046,68176,2,1
34089,83,541.4,573.4,2046,68178,2,1
34090,83,541.6,573.1,2046,68180,2,1
34091,83,543.1,574.6,2046,68182,2,1
34092,83,544.5,577.3,2046,68184,2,1
34093,83,547.5,581.1,2046,68186,2,1
34094,83,550.5,586.3,2046,68188,2,1
34095,83,553.6,592,2046,68190,2,1
34096,83,556.7,598,2046,68192,2,1
34097,83,559.6,604.6,2046,68194,2,1
34098,83,561.2,609.3,2047,68196,2,1
34099,83,562.9,612.8,2047,68198,2,1
34100,83,563.1,613.7,2047,68200,2,1
34101,83,562.9,613.5,2047,68202,2,1
34102,83,562.8,613,2047,68204,2,1
34103,83,562.7,612.1,2047,68206,2,1
34104,83,562.6,610.8,2047,68208,2,1
34105,83,562.5,609.5,2047,68210,2,1
34106,83,562.6,608.6,2047,68212,2,1
34107,83,562.5,609.1,2047,68214,2,1
34108,83,562.6,609.5,2047,68216,2,1
34109,83,562.6,610,2047,68218,2,1
34110,83,562.6,610.6,2047,68220,2,1
34111,83,562.7,611.4,2047,68222,2,1
34112,83,562.9,612.2,2047,68224,2,1
34113,83,563.2,612.9,2047,68226,2,1
34114,83,563.7,613.6,2048,68228,2,1
34115,83,564.8,614.2,2048,68230,2,1
34116,83,565.8,614.6,2048,68232,2,1
34117,83,566.8,614.9,2048,68234,2,1
34118,83,567.6,614.9,2048,68236,2,1
34119,83,568.2,614.8,2048,68238,2,1
34120,83,568.5,614.7,2048,68240,2,1
34121,83,568.8,614.6,2048,68242,2,1
34122,83,568.4,614.5,2048,68244,2,1
34123,83,568,614.4,2048,68246,2,1
34124,83,567.7,614.2,2048,68248,2,1
34125,83,567.6,614.1,2048,68250,2,1
34126,83,567.8,613.8,2048,68252,2,1
34127,83,568,613.5,2048,68254,2,1
34128,83,568.1,613.2,2048,68256,2,1
34129,83,568.3,612.9,2048,68258,2,1
34130,83,568.2,612.8,2048,68260,2,1
34131,83,568.2,612.8,2049,68262,2,1
34132,83,568.2,612.9,2049,68264,2,1
34133,83,568.1,613,2049,68266,2,1
34134,83,568.1,613.1,2049,68268,2,1
34135,83,568.1,613.1,2049,68270,2,1
34136,83,568.3,613,2049,68272,2,1
34137,83,568.6,612.8,2049,68274,2,1
34138,83,568.8,612.6,2049,68276,2,1
34139,83,569.1,612.5,2049,68278,2,1
34140,83,569.3,612.5,2049,68280,2,1
34141,83,569.4,612.6,2049,68282,2,1
34142,83,569.4,612.7,2049,68284,2,1
34143,83,569.3,613,2049,68286,2,1
34144,83,569.3,613.3,2049,68288,2,1
34145,83,568.9,613.7,2049,68290,2,1
34146,83,568.1,614.1,2049,68292,2,1
34147,83,567.2,614.3,2049,68294,2,1
34148,83,566.4,614.6,2050,68296,2,1
34149,83,566,614.7,2050,68298,2,1
34150,83,565.6,614.8,2050,68300,2,1
34151,83,565.2,614.9,2050,68302,2,1
34152,83,565.2,614.9,2050,68304,2,1
34153,83,565.6,614.7,2050,68306,2,1
34154,83,566.2,614.4,2050,68308,2,1
34155,83,567.2,614.2,2050,68310,2,1
34156,83,567.7,614,2050,68312,2,1
34157,83,568.2,613.7,2050,68314,2,1
34158,83,568.5,613.1,2050,68316,2,1
34159,83,568.8,612.4,2050,68318,2,1
34160,83,569,611.6,2050,68320,2,1
34161,83,569.2,610.7,2050,68322,2,1
34162,83,568.5,609.9,2050,68324,2,1
34163,83,567.9,608.9,2050,68326,2,1
34164,83,567.4,608,2051,68328,2,1
34165,83,567,607.4,2051,68330,2,1
34166,83,566.7,606.9,2051,68332,2,1
34167,83,566.4,606.9,2051,68334,2,1
34168,83,566.3,606.8,2051,68336,2,1
34169,83,566.6,606.6,2051,68338,2,1
34170,83,567,606.6,2051,68340,2,1
34171,83,567.5,606.6,2051,68342,2,1
34172,83,568,606.6,2051,68344,2,1
34173,83,568.5,606.6,2051,68346,2,1
34174,83,569,606.5,2051,68348,2,1
34175,83,568.9,606.7,2051,68350,2,1
34176,83,568.7,607,2051,68352,2,1
34177,83,568.5,607.4,2051,68354,2,1
34178,83,568.2,607.9,2051,68356,2,1
34179,83,567.8,608.5,2051,68358,2,1
34180,83,567.4,609,2051,68360,2,1
34181,83,566.7,609.5,2052,68362,2,1
34182,83,566.3,609.8,2052,68364,2,1
34183,83,565.9,609.7,2052,68366,2,1
34184,83,565.5,609.7,2052,68368,2,1
34185,83,565,609.6,2052,68370,2,1
34186,83,564.6,609.2,2052,68372,2,1
34187,83,564.2,608.9,2052,68374,2,1
34188,83,564,608.3,2052,68376,2,1
34189,83,563.9,607.7,2052,68378,2,1
34190,83,563.7,607.1,2052,68380,2,1
34191,83,563.6,606.5,2052,68382,2,1
34192,83,563.6,605.9,2052,68384,2,1
34193,83,563.7,605.6,2052,68386,2,1
34194,83,563.8,605.4,2052,68388,2,1
34195,83,564,605.3,2052,68390,2,1
34196,83,564.1,605.3,2052,68392,2,1
34197,83,564.3,604.3,2053,68394,2,1
34198,83,564.5,601.7,2053,68396,2,1
34199,83,564.9,597.5,2053,68398,2,1
34200,83,566,590.9,2053,68400,2,1
34201,83,567,582.1,2053,68402,2,1
34202,83,568.2,571.3,2053,68404,2,1
34203,83,570.4,559.2,2053,68406,2,1
34204,83,572.6,547.4,2053,68408,2,1
34205,83,574.6,537.1,2053,68410,2,1
34206,83,576.3,528.4,2053,68412,2,1
34207,83,577.4,522.1,2053,68414,2,1
34208,83,578.1,519.5,2053,68416,2,1
34209,83,578.6,519.5,2053,68418,2,1
34210,83,577.9,521.3,2053,68420,2,1
34211,83,577.3,524.9,2053,68422,2,1
34212,83,576.4,528.6,2053,68424,2,1
34213,83,575.5,532.3,2053,68426,2,1
34214,83,574.7,536,2054,68428,2,1
34215,83,574.1,537.8,2054,68430,2,1
34216,83,573.9,538.1,2054,68432,2,1
34217,83,573.8,537.3,2054,68434,2,1
34218,83,573.9,534.8,2054,68436,2,1
34219,83,574.2,532.3,2054,68438,2,1
34220,83,574.9,529.2,2054,68440,2,1
34221,83,575.6,526.2,2054,68442,2,1
34222,83,576.3,523.5,2054,68444,2,1
34223,83,576.9,521.8,2054,68446,2,1
34224,83,577.4,520.6,2054,68448,2,1
34225,83,577.8,520,2054,68450,2,1
34226,83,578.1,519.5,2054,68452,2,1
34227,83,578.2,519.7,2054,68454,2,1
34228,83,578.2,520,2054,68456,2,1
34229,83,578.1,521.2,2054,68458,2,1
34230,83,578,522.3,2054,68460,2,1
34231,83,577.9,523.6,2055,68462,2,1
34232,83,577.7,524.8,2055,68464,2,1
34233,83,577.6,526.1,2055,68466,2,1
34234,83,577.4,527.4,2055,68468,2,1
34235,83,577.2,528.6,2055,68470,2,1
34236,83,576.9,529,2055,68472,2,1
34237,83,576.6,529.4,2055,68474,2,1
34238,83,575.7,529.4,2055,68476,2,1
34239,83,574.9,529.4,2055,68478,2,1
34240,83,574.1,529.4,2055,68480,2,1
34241,83,573.4,528.9,2055,68482,2,1
34242,83,572.7,528.5,2055,68484,2,1
34243,83,572.3,528.3,2055,68486,2,1
34244,83,572,528.1,2055,68488,2,1
34245,83,572.3,528.1,2055,68490,2,1
34246,83,572.6,528,2055,68492,2,1
34247,83,573,527.9,2055,68494,2,1
34248,83,573.3,528.3,2056,68496,2,1
34249,83,573.7,528.7,2056,68498,2,1
34250,83,574.1,528.9,2056,68500,2,1
34251,83,574.4,529.1,2056,68502,2,1
34252,83,574.7,529.4,2056,68504,2,1
34253,83,575,529.6,2056,68506,2,1
34254,83,575.5,529.8,2056,68508,2,1
34255,83,575.9,530,2056,68510,2,1
34256,83,576.3,530.8,2056,68512,2,1
34257,83,576.7,531.5,2056,68514,2,1
34258,83,576.9,532.4,2056,68516,2,1
34259,83,577,533.2,2056,68518,2,1
34260,83,577.1,534.1,2056,68520,2,1
34261,83,576.8,534.9,2056,68522,2,1
34262,83,576.5,535.7,2056,68524,2,1
34263,83,576.3,535.7,2056,68526,2,1
34264,83,575.6,535.8,2057,68528,2,1
34265,83,574.7,535.8,2057,68530,2,1
34266,83,573.9,535.7,2057,68532,2,1
34267,83,573.1,535.6,2057,68534,2,1
34268,83,572.5,535.4,2057,68536,2,1
34269,83,571.9,535.1,2057,68538,2,1
34270,83,571.4,534.8,2057,68540,2,1
34271,83,571.4,534.4,2057,68542,2,1
34272,83,571.7,533.6,2057,68544,2,1
34273,83,572,532.8,2057,68546,2,1
34274,83,572.3,532.1,2057,68548,2,1
34275,83,572.6,531.4,2057,68550,2,1
34276,83,572.6,530.8,2057,68552,2,1
34277,83,572.6,530.3,2057,68554,2,1
34278,83,572.5,529.9,2057,68556,2,1
34279,83,572.5,530.1,2057,68558,2,1
34280,83,572.5,530.3,2057,68560,2,1
34281,83,572.5,530.5,2058,68562,2,1
34282,83,572.5,530.5,2058,68564,2,1
34283,83,572.5,530.5,2058,68566,2,1
34284,83,572.6,530.4,2058,68568,2,1
34285,83,572.6,530.4,2058,68570,2,1
34286,83,572.7,530.6,2058,68572,2,1
34287,83,572.7,530.8,2058,68574,2,1
34288,83,572.7,531.1,2058,68576,2,1
34289,83,572.6,531.5,2058,68578,2,1
34290,83,572.4,531.9,2058,68580,2,1
34291,83,572.2,532.4,2058,68582,2,1
34292,83,572,533.1,2058,68584,2,1
34293,83,571.8,533.4,2058,68586,2,1
34294,83,571.7,534,2058,68588,2,1
34295,83,571.8,534.5,2058,68590,2,1
34296,83,571.8,534.8,2058,68592,2,1
34297,83,572.3,535.1,2058,68594,2,1
34298,83,572.8,535.3,2059,68596,2,1
34299,83,573.3,535.5,2059,68598,2,1
34300,83,573.9,535.8,2059,68600,2,1
34301,83,574.4,536.1,2059,68602,2,1
34302,83,574.8,536,2059,68604,2,1
34303,83,575.2,535.8,2059,68606,2,1
34304,83,575.3,535.5,2059,68608,2,1
34305,83,575.3,535.2,2059,68610,2,1
34306,83,575.1,534.9,2059,68612,2,1
34307,83,574.8,534.5,2059,68614,2,1
34308,83,574.6,534.2,2059,68616,2,1
34309,83,574.5,534.3,2059,68618,2,1
34310,83,574.5,534.4,2059,68620,2,1
34311,83,574.5,534.6,2059,68622,2,1
34312,83,574.6,534.7,2059,68624,2,1
34313,83,574.9,534.7,2059,68626,2,1
34314,83,575.6,534.8,2060,68628,2,1
34315,83,576.2,534.8,2060,68630,2,1
34316,83,576.6,534.9,2060,68632,2,1
34317,83,577,534.8,2060,68634,2,1
34318,83,577.2,534.7,2060,68636,2,1
34319,83,577.3,534.7,2060,68638,2,1
34320,83,577.4,534.5,2060,68640,2,1
34321,83,577.2,534.3,2060,68642,2,1
34322,83,577,534.1,2060,68644,2,1
34323,83,576.7,533.9,2060,68646,2,1
34324,83,576.6,533.7,2060,68648,2,1
34325,83,576.6,533.4,2060,68650,2,1
34326,83,576.6,533.2,2060,68652,2,1
34327,83,576.8,533,2060,68654,2,1
34328,83,577,532.8,2060,68656,2,1
34329,83,577.1,532.7,2060,68658,2,1
34330,83,577.1,532.6,2060,68660,2,1
34331,83,576.8,532.6,2061,68662,2,1
34332,83,576.6,532.6,2061,68664,2,1
34333,83,576.5,532.6,2061,68666,2,1
34334,83,576.5,533.1,2061,68668,2,1
34335,83,576.6,533.5,2061,68670,2,1
34336,83,576.7,533.9,2061,68672,2,1
34337,83,576.9,534.3,2061,68674,2,1
34338,83,577.4,534.9,2061,68676,2,1
34339,83,577.8,535.5,2061,68678,2,1
34340,83,578.1,536.1,2061,68680,2,1
34341,83,578.1,536.4,2061,68682,2,1
34342,83,578,537,2061,68684,2,1
34343,83,578,537.7,2061,68686,2,1
34344,83,577.9,538.7,2061,68688,2,1
34345,83,577.7,539.6,2061,68690,2,1
34346,83,577.4,540.4,2061,68692,2,1
34347,83,577.1,541.2,2061,68694,2,1
34348,83,576.9,542,2062,68696,2,1
34349,83,575.9,542.4,2062,68698,2,1
34350,83,575,542.8,2062,68700,2,1
34351,83,574.1,542.8,2062,68702,2,1
34352,83,573.4,542.8,2062,68704,2,1
34353,83,572.6,542.4,2062,68706,2,1
34354,83,571.6,542,2062,68708,2,1
34355,83,570.3,541.7,2062,68710,2,1
34356,83,569.7,541,2062,68712,2,1
34357,83,568.9,540.2,2062,68714,2,1
34358,83,568,539.5,2062,68716,2,1
34359,83,567.2,538.8,2062,68718,2,1
34360,83,566.4,538.4,2062,68720,2,1
34361,83,565.8,537.7,2062,68722,2,1
34362,83,565.6,537.1,2062,68724,2,1
34363,83,565.6,536.8,2062,68726,2,1
34364,83,565.8,536.4,2063,68728,2,1
34365,83,566.1,536.1,2063,68730,2,1
34366,83,566.4,535.8,2063,68732,2,1
34367,83,566.7,535.4,2063,68734,2,1
34368,83,567,535.4,2063,68736,2,1
34369,83,567.3,535.6,2063,68738,2,1
34370,83,567.7,535.8,2063,68740,2,1
34371,83,568,536.9,2063,68742,2,1
34372,83,568.3,538,2063,68744,2,1
34373,83,568.6,539.3,2063,68746,2,1
34374,83,568.9,540.6,2063,68748,2,1
34375,83,569.1,541.8,2063,68750,2,1
34376,83,569.2,543,2063,68752,2,1
34377,83,568.8,543.7,2063,68754,2,1
34378,83,568.5,543.5,2063,68756,2,1
34379,83,567.7,543.2,2063,68758,2,1
34380,83,566.9,542.8,2063,68760,2,1
34381,83,566.1,542,2064,68762,2,1
34382,83,565.4,541.2,2064,68764,2,1
34383,83,564.7,540.3,2064,68766,2,1
34384,83,564.2,539.7,2064,68768,2,1
34385,83,563.8,539.1,2064,68770,2,1
34386,83,563.8,538.5,2064,68772,2,1
34387,83,564.1,538,2064,68774,2,1
34388,83,564.4,537.8,2064,68776,2,1
34389,83,564.7,537.8,2064,68778,2,1
34390,83,565.4,537.9,2064,68780,2,1
34391,83,566.2,538.1,2064,68782,2,1
34392,83,567.1,538.6,2064,68784,2,1
34393,83,567.8,539.4,2064,68786,2,1
34394,83,568.4,540.6,2064,68788,2,1
34395,83,568.4,541.9,2064,68790,2,1
34396,83,568.5,542.9,2064,68792,2,1
34397,83,568.1,544,2064,68794,2,1
34398,83,567.6,544.9,2065,68796,2,1
34399,83,567,545.6,2065,68798,2,1
34400,83,566.3,545.7,2065,68800,2,1
34401,83,565.4,545.3,2065,68802,2,1
34402,83,565,544.7,2065,68804,2,1
34403,83,564.7,543.8,2065,68806,2,1
34404,83,564.5,542.8,2065,68808,2,1
34405,83,564.7,541.7,2065,68810,2,1
34406,83,565,540.2,2065,68812,2,1
34407,83,565.3,539,2065,68814,2,1
34408,83,565.9,538,2065,68816,2,1
34409,83,566.5,537.1,2065,68818,2,1
34410,83,566.9,536.9,2065,68820,2,1
34411,83,567.4,536.7,2065,68822,2,1
34412,83,567.4,537.1,2065,68824,2,1
34413,83,567.4,538.1,2065,68826,2,1
34414,83,567.5,539.6,2066,68828,2,1
34415,83,567.7,541.1,2066,68830,2,1
34416,83,567.8,542.7,2066,68832,2,1
34417,83,568.1,544.3,2066,68834,2,1
34418,83,568.2,546.1,2066,68836,2,1
34419,83,568.5,547.2,2066,68838,2,1
34420,83,568.8,548.2,2066,68840,2,1
34421,83,569.1,548.5,2066,68842,2,1
34422,83,569.3,548.8,2066,68844,2,1
34423,83,569.7,548.7,2066,68846,2,1
34424,83,570,548.5,2066,68848,2,1
34425,83,570.4,548.3,2066,68850,2,1
34426,83,570.6,547.8,2066,68852,2,1
34427,83,570.8,547.1,2066,68854,2,1
34428,83,570.9,546.5,2066,68856,2,1
34429,83,571,545.8,2066,68858,2,1
34430,83,571,545.4,2066,68860,2,1
34431,83,571,545.1,2067,68862,2,1
34432,83,570.9,544.7,2067,68864,2,1
34433,83,570.8,544.6,2067,68866,2,1
34434,83,570.3,544.6,2067,68868,2,1
34435,83,569.8,544.6,2067,68870,2,1
34436,83,569.2,544.6,2067,68872,2,1
34437,83,568.2,544.6,2067,68874,2,1
34438,83,567.1,544.6,2067,68876,2,1
34439,83,566.1,544.5,2067,68878,2,1
34440,83,565.2,544.2,2067,68880,2,1
34441,83,564.9,543.9,2067,68882,2,1
34442,83,564.5,543.7,2067,68884,2,1
34443,83,564.2,543.4,2067,68886,2,1
34444,83,564.4,543.1,2067,68888,2,1
34445,83,564.6,543,2067,68890,2,1
34446,83,564.8,543.1,2067,68892,2,1
34447,83,564.8,543.5,2067,68894,2,1
34448,83,564.8,543.9,2068,68896,2,1
34449,83,564.8,544.4,2068,68898,2,1
34450,83,564.8,544.8,2068,68900,2,1
34451,83,565,545.1,2068,68902,2,1
34452,83,565.4,545.4,2068,68904,2,1
34453,83,565.8,545.4,2068,68906,2,1
34454,83,566.2,545.4,2068,68908,2,1
34455,83,566.7,545.3,2068,68910,2,1
34456,83,567.1,545.2,2068,68912,2,1
34457,83,567.5,545.3,2068,68914,2,1
34458,83,567.7,545.4,2068,68916,2,1
34459,83,567.7,545.6,2068,68918,2,1
34460,83,567.8,546.1,2068,68920,2,1
34461,83,567.8,546.7,2068,68922,2,1
34462,83,567.9,547.5,2068,68924,2,1
34463,83,568.1,548.2,2068,68926,2,1
34464,83,568.4,548.8,2069,68928,2,1
34465,83,568.7,549.4,2069,68930,2,1
34466,83,569,549.9,2069,68932,2,1
34467,83,569.4,550.1,2069,68934,2,1
34468,83,569.9,550.4,2069,68936,2,1
34469,83,570.4,550.5,2069,68938,2,1
34470,83,570.6,550.6,2069,68940,2,1
34471,83,570.7,550.7,2069,68942,2,1
34472,83,570.8,550.7,2069,68944,2,1
34473,83,570.7,550.7,2069,68946,2,1
34474,83,570.6,550.7,2069,68948,2,1
34475,83,570.3,550.6,2069,68950,2,1
34476,83,570.1,550.4,2069,68952,2,1
34477,83,569.8,550.2,2069,68954,2,1
34478,83,569.6,550,2069,68956,2,1
34479,83,569.3,549.8,2069,68958,2,1
34480,83,569,549.6,2069,68960,2,1
34481,83,568.8,549.2,2070,68962,2,1
34482,83,568.5,548.9,2070,68964,2,1
34483,83,568.3,548.6,2070,68966,2,1
34484,83,568.1,548.4,2070,68968,2,1
34485,83,568.4,548.4,2070,68970,2,1
34486,83,568.9,548.3,2070,68972,2,1
34487,83,569.3,548.3,2070,68974,2,1
34488,83,569.8,548.4,2070,68976,2,1
34489,83,570.3,548.6,2070,68978,2,1
34490,83,571.4,548.8,2070,68980,2,1
34491,83,572.4,548.9,2070,68982,2,1
34492,83,573.1,549.2,2070,68984,2,1
34493,83,573.7,549.4,2070,68986,2,1
34494,83,574.3,549.7,2070,68988,2,1
34495,83,574.7,550,2070,68990,2,1
34496,83,575.2,550,2070,68992,2,1
34497,83,575,550,2070,68994,2,1
34498,83,574.9,549.9,2071,68996,2,1
34499,83,574.7,549.8,2071,68998,2,1
34500,83,574.6,549.8,2071,69000,2,1
34501,83,574.5,549.7,2071,69002,2,1
34502,83,574.4,549.7,2071,69004,2,1
34503,83,574.5,549.5,2071,69006,2,1
34504,83,574.8,549.2,2071,69008,2,1
34505,83,575.2,548.8,2071,69010,2,1
34506,83,575.6,548.4,2071,69012,2,1
34507,83,576,547.9,2071,69014,2,1
34508,83,576.3,547.5,2071,69016,2,1
34509,83,576.7,547.1,2071,69018,2,1
34510,83,577,547.1,2071,69020,2,1
34511,83,576.9,547.3,2071,69022,2,1
34512,83,576.9,547.4,2071,69024,2,1
34513,83,576.7,547.4,2071,69026,2,1
34514,83,576.3,547.3,2072,69028,2,1
34515,83,575.6,547.2,2072,69030,2,1
34516,83,574.8,547.1,2072,69032,2,1
34517,83,574.1,546.9,2072,69034,2,1
34518,83,573.5,546.6,2072,69036,2,1
34519,83,572.9,546.1,2072,69038,2,1
34520,83,572.8,545.8,2072,69040,2,1
34521,83,573.1,545.5,2072,69042,2,1
34522,83,574,545.4,2072,69044,2,1
34523,83,574.9,545.3,2072,69046,2,1
34524,83,575.9,545.2,2072,69048,2,1
34525,83,576.8,545.2,2072,69050,2,1
34526,83,577.7,545.4,2072,69052,2,1
34527,83,578.2,545.6,2072,69054,2,1
34528,83,578.1,545.7,2072,69056,2,1
34529,83,577.6,545.5,2072,69058,2,1
34530,83,576.8,545.5,2072,69060,2,1
34531,83,575.8,545.4,2073,69062,2,1
34532,83,574.6,545.4,2073,69064,2,1
34533,83,573.3,545.4,2073,69066,2,1
34534,83,571.9,545.4,2073,69068,2,1
34535,83,570.9,545.5,2073,69070,2,1
34536,83,570,545.8,2073,69072,2,1
34537,83,569.4,546.3,2073,69074,2,1
34538,83,569.4,546.6,2073,69076,2,1
34539,83,570.5,546.9,2073,69078,2,1
34540,83,571.6,547.3,2073,69080,2,1
34541,83,572.7,547.7,2073,69082,2,1
34542,83,573.9,548,2073,69084,2,1
34543,83,575.2,548.3,2073,69086,2,1
34544,83,576.4,548.4,2073,69088,2,1
34545,83,577.2,548.3,2073,69090,2,1
34546,83,576.8,548.2,2073,69092,2,1
34547,83,576.5,548.2,2073,69094,2,1
34548,83,575.7,548.3,2074,69096,2,1
34549,83,574.8,548.5,2074,69098,2,1
34550,83,574,548.7,2074,69100,2,1
34551,83,573,549,2074,69102,2,1
34552,83,571.9,549.4,2074,69104,2,1
34553,83,571,549.7,2074,69106,2,1
34554,83,570.1,550.1,2074,69108,2,1
34555,83,569.8,550.9,2074,69110,2,1
34556,83,569.5,551.5,2074,69112,2,1
34557,83,569.4,552,2074,69114,2,1
34558,83,569.8,552.6,2074,69116,2,1
34559,83,570.5,553.2,2074,69118,2,1
34560,83,571.6,553.8,2074,69120,2,1
34561,83,572.8,554.1,2074,69122,2,1
34562,83,573.9,554.1,2074,69124,2,1
34563,83,574.8,554.2,2074,69126,2,1
34564,83,575.2,554.4,2075,69128,2,1
34565,83,575.3,554.6,2075,69130,2,1
34566,83,575.3,554.7,2075,69132,2,1
34567,83,574.7,554.8,2075,69134,2,1
34568,83,574.1,555,2075,69136,2,1
34569,83,573.5,555.2,2075,69138,2,1
34570,83,573,555.4,2075,69140,2,1
34571,83,573.3,555.5,2075,69142,2,1
34572,83,573.6,555.6,2075,69144,2,1
34573,83,573.9,555.6,2075,69146,2,1
34574,83,574.2,555.4,2075,69148,2,1
34575,83,574.6,555.2,2075,69150,2,1
34576,83,574.8,554.9,2075,69152,2,1
34577,83,574.9,554.7,2075,69154,2,1
34578,83,574.5,554.6,2075,69156,2,1
34579,83,574.2,555,2075,69158,2,1
34580,83,573.9,555.4,2075,69160,2,1
34581,83,573.5,555.8,2076,69162,2,1
34582,83,573.2,556.3,2076,69164,2,1
34583,83,572.9,556.7,2076,69166,2,1
34584,83,572.8,557,2076,69168,2,1
34585,83,572.8,557.3,2076,69170,2,1
34586,83,572.7,557,2076,69172,2,1
34587,83,572.6,556.6,2076,69174,2,1
34588,83,572.6,556.2,2076,69176,2,1
34589,83,572.7,555.9,2076,69178,2,1
34590,83,572.7,555.7,2076,69180,2,1
34591,83,572.7,555.6,2076,69182,2,1
34592,83,572.8,555.8,2076,69184,2,1
34593,83,572.7,556.1,2076,69186,2,1
34594,83,572.7,556.5,2076,69188,2,1
34595,83,572.5,556.9,2076,69190,2,1
34596,83,572.4,557.2,2076,69192,2,1
34597,83,572.4,557.5,2076,69194,2,1
34598,83,572.4,557.5,2077,69196,2,1
34599,83,572.4,557.3,2077,69198,2,1
34600,83,572.5,557.2,2077,69200,2,1
34601,83,572.5,557.1,2077,69202,2,1
34602,83,572.6,557,2077,69204,2,1
34603,83,572.6,557,2077,69206,2,1
34604,83,572.5,557,2077,69208,2,1
34605,83,572.2,557.1,2077,69210,2,1
34606,83,572,557.1,2077,69212,2,1
34607,83,571.7,557.2,2077,69214,2,1
34608,83,571.5,557.4,2077,69216,2,1
34609,83,571.3,557.8,2077,69218,2,1
34610,83,570.8,558.2,2077,69220,2,1
34611,83,570.5,558.6,2077,69222,2,1
34612,83,570.2,558.9,2077,69224,2,1
34613,83,570,559.2,2077,69226,2,1
34614,83,569.7,559.4,2078,69228,2,1
34615,83,569.4,559.5,2078,69230,2,1
34616,83,569.2,559.6,2078,69232,2,1
34617,83,569.3,559.6,2078,69234,2,1
34618,83,569.4,559.6,2078,69236,2,1
34619,83,569.7,559.7,2078,69238,2,1
34620,83,570.1,559.8,2078,69240,2,1
34621,83,570.6,559.8,2078,69242,2,1
34622,83,571,559.7,2078,69244,2,1
34623,83,571.4,559.7,2078,69246,2,1
34624,83,571.9,559.8,2078,69248,2,1
34625,83,572.2,560.1,2078,69250,2,1
34626,83,572.3,560.6,2078,69252,2,1
34627,83,572.4,561.2,2078,69254,2,1
34628,83,572.3,561.7,2078,69256,2,1
34629,83,572.2,562.3,2078,69258,2,1
34630,83,572.1,562.7,2078,69260,2,1
34631,83,572,563.1,2079,69262,2,1
34632,83,571.9,563.3,2079,69264,2,1
34633,83,571.9,563.5,2079,69266,2,1
34634,83,571.9,563.7,2079,69268,2,1
34635,83,572,563.9,2079,69270,2,1
34636,83,572,564.2,2079,69272,2,1
34637,83,572.1,564.3,2079,69274,2,1
34638,83,572.1,564.4,2079,69276,2,1
34639,83,572.1,564.5,2079,69278,2,1
34640,83,572.1,564.5,2079,69280,2,1
34641,83,572,564.6,2079,69282,2,1
34642,83,572,564.6,2079,69284,2,1
34643,83,572,564.5,2079,69286,2,1
34644,83,572.1,564.4,2079,69288,2,1
34645,83,572.2,563.8,2079,69290,2,1
34646,83,572,563.1,2079,69292,2,1
34647,83,571.8,562.5,2080,69294,2,1
34648,83,571.6,562,2080,69296,2,1
34649,83,571.4,562,2080,69298,2,1
34650,83,571.3,562.1,2080,69300,2,1
34651,83,571.3,562.2,2080,69302,2,1
34652,83,571.3,562.7,2080,69304,2,1
34653,83,571.5,563,2080,69306,2,1
34654,83,571.6,563.1,2080,69308,2,1
34655,83,571.2,563.2,2080,69310,2,1
34656,83,570.7,563,2080,69312,2,1
34657,83,570,562.7,2080,69314,2,1
34658,83,569.1,562.4,2080,69316,2,1
34659,83,568.8,562,2080,69318,2,1
34660,83,568.7,561.7,2080,69320,2,1
34661,83,568.8,561.6,2080,69322,2,1
34662,83,569.3,561.5,2080,69324,2,1
34663,83,569.9,561.4,2080,69326,2,1
34664,83,570.2,561.2,2081,69328,2,1
34665,83,570.5,561,2081,69330,2,1
34666,83,570.2,560.7,2081,69332,2,1
34667,83,570.5,560.3,2081,69334,2,1
34668,83,571.2,559.8,2081,69336,2,1
34669,83,572,559.5,2081,69338,2,1
34670,83,572.8,559.2,2081,69340,2,1
34671,83,573.7,559,2081,69342,2,1
34672,83,574.5,559.3,2081,69344,2,1
34673,83,575.2,559.6,2081,69346,2,1
34674,83,575.2,559.9,2081,69348,2,1
34675,83,574.9,560.4,2081,69350,2,1
34676,83,574.5,560.9,2081,69352,2,1
34677,83,574.1,561.4,2081,69354,2,1
34678,83,574,561.8,2081,69356,2,1
34679,83,573.8,561.8,2081,69358,2,1
34680,83,573.7,561.7,2081,69360,2,1
34681,83,573.5,561.7,2082,69362,2,1
34682,83,573.2,561.6,2082,69364,2,1
34683,83,573,561.7,2082,69366,2,1
34684,83,572.7,561.7,2082,69368,2,1
34685,83,572.5,561.9,2082,69370,2,1
34686,83,572.3,562,2082,69372,2,1
34687,83,572.1,562.3,2082,69374,2,1
34688,83,571.6,562.6,2082,69376,2,1
34689,83,571.2,562.9,2082,69378,2,1
34690,83,570.7,563.3,2082,69380,2,1
34691,83,570.1,563.8,2082,69382,2,1
34692,83,569.5,564.3,2082,69384,2,1
34693,83,569.1,564.7,2082,69386,2,1
34694,83,568.7,565.1,2082,69388,2,1
34695,83,568.4,565.6,2082,69390,2,1
34696,83,568.3,566.1,2082,69392,2,1
34697,83,568.3,566.6,2082,69394,2,1
34698,83,568.3,567.1,2083,69396,2,1
34699,83,568.2,567,2083,69398,2,1
34700,83,567.9,566.8,2083,69400,2,1
34701,83,567.8,565.4,2083,69402,2,1
34702,83,567.7,563.8,2083,69404,2,1
34703,83,567.6,560.5,2083,69406,2,1
34704,83,567.6,555,2083,69408,2,1
34705,83,567.7,548,2083,69410,2,1
34706,83,568,540.5,2083,69412,2,1
34707,83,568.6,533.3,2083,69414,2,1
34708,83,569.1,527.2,2083,69416,2,1
34709,83,569.7,521.2,2083,69418,2,1
34710,83,570.2,516.8,2083,69420,2,1
34711,83,570.8,514.6,2083,69422,2,1
34712,83,571.4,514.1,2083,69424,2,1
34713,83,571.8,514.9,2083,69426,2,1
34714,83,572.1,515.9,2084,69428,2,1
34715,83,572.3,516.9,2084,69430,2,1
34716,83,572.5,518,2084,69432,2,1
34717,83,572.5,519.4,2084,69434,2,1
34718,83,572.3,521.2,2084,69436,2,1
34719,83,571.9,522.6,2084,69438,2,1
34720,83,571.5,523.5,2084,69440,2,1
34721,83,571.6,524.2,2084,69442,2,1
34722,83,572.4,524.5,2084,69444,2,1
34723,83,573.2,524.8,2084,69446,2,1
34724,83,574.2,525,2084,69448,2,1
34725,83,574.4,524.8,2084,69450,2,1
34726,83,574.2,524.6,2084,69452,2,1
34727,83,574.1,524.4,2084,69454,2,1
34728,83,573.6,524.4,2084,69456,2,1
34729,83,572.8,524.8,2084,69458,2,1
34730,83,572,525.2,2084,69460,2,1
34731,83,571.2,525.6,2085,69462,2,1
34732,83,571.2,525.9,2085,69464,2,1
34733,83,571.6,526.2,2085,69466,2,1
34734,83,572,526.4,2085,69468,2,1
34735,83,572.2,526.7,2085,69470,2,1
34736,83,572,526.8,2085,69472,2,1
34737,83,571.8,527,2085,69474,2,1
34738,83,571.7,526.9,2085,69476,2,1
34739,83,571.6,526.8,2085,69478,2,1
34740,83,571.4,526.6,2085,69480,2,1
34741,83,571,526.5,2085,69482,2,1
34742,83,570.7,526.4,2085,69484,2,1
34743,83,570.4,525.5,2085,69486,2,1
34744,83,570.2,524.5,2085,69488,2,1
34745,83,570.3,523.7,2085,69490,2,1
34746,83,570.4,523,2085,69492,2,1
34747,83,570.4,522.4,2085,69494,2,1
34748,83,570.6,522,2086,69496,2,1
34749,83,570.7,521.6,2086,69498,2,1
34750,83,570.6,522,2086,69500,2,1
34751,83,570.3,522.4,2086,69502,2,1
34752,83,569.7,522.6,2086,69504,2,1
34753,83,569.1,522.7,2086,69506,2,1
34754,83,568.7,522.8,2086,69508,2,1
34755,83,568.6,522.8,2086,69510,2,1
34756,83,568.6,522.8,2086,69512,2,1
34757,83,568,522.8,2086,69514,2,1
34758,83,567.7,522.9,2086,69516,2,1
34759,83,567.4,523.2,2086,69518,2,1
34760,83,567.1,523.5,2086,69520,2,1
34761,83,566.7,524.3,2086,69522,2,1
34762,83,566.2,525.2,2086,69524,2,1
34763,83,565.8,526,2086,69526,2,1
34764,83,565.9,526.8,2087,69528,2,1
34765,83,566,527.4,2087,69530,2,1
34766,83,566.1,527.9,2087,69532,2,1
34767,83,566.1,528.4,2087,69534,2,1
34768,83,566,528.4,2087,69536,2,1
34769,83,565.9,527.6,2087,69538,2,1
34770,83,565.7,526.9,2087,69540,2,1
34771,83,565.5,526.1,2087,69542,2,1
34772,83,565.3,525.3,2087,69544,2,1
34773,83,565.1,524.4,2087,69546,2,1
34774,83,565,523.5,2087,69548,2,1
34775,83,565,522.5,2087,69550,2,1
34776,83,564.9,522.2,2087,69552,2,1
34777,83,565.1,521.7,2087,69554,2,1
34778,83,565.4,521.1,2087,69556,2,1
34779,83,565.8,520.4,2087,69558,2,1
34780,83,566.2,519.8,2087,69560,2,1
34781,83,566.6,519.2,2088,69562,2,1
34782,83,566.7,518.9,2088,69564,2,1
34783,83,566.6,518.8,2088,69566,2,1
34784,83,566.1,519,2088,69568,2,1
34785,83,565.5,519.3,2088,69570,2,1
34786,83,564.7,519.9,2088,69572,2,1
34787,83,563.8,520.7,2088,69574,2,1
34788,83,563.4,521.5,2088,69576,2,1
34789,83,563.4,522.2,2088,69578,2,1
34790,83,563.8,522.7,2088,69580,2,1
34791,83,564.4,523.4,2088,69582,2,1
34792,83,565,524.2,2088,69584,2,1
34793,83,565.7,524.7,2088,69586,2,1
34794,83,566,525.2,2088,69588,2,1
34795,83,566.1,525.7,2088,69590,2,1
34796,83,566.1,526.2,2088,69592,2,1
34797,83,566,526.6,2088,69594,2,1
34798,83,566,527,2089,69596,2,1
34799,83,566.1,527.1,2089,69598,2,1
34800,83,565.7,527.1,2089,69600,2,1
34801,83,565.7,526.9,2089,69602,2,1
34802,83,565.5,526.5,2089,69604,2,1
34803,83,565.2,526.2,2089,69606,2,1
34804,83,564.8,525.6,2089,69608,2,1
34805,83,563.7,525,2089,69610,2,1
34806,83,562.6,524.7,2089,69612,2,1
34807,83,561.8,524.3,2089,69614,2,1
34808,83,561.3,523.7,2089,69616,2,1
34809,83,560.8,523.3,2089,69618,2,1
34810,83,560.5,522.9,2089,69620,2,1
34811,83,560.5,522.6,2089,69622,2,1
34812,83,561.3,522.2,2089,69624,2,1
34813,83,562,521.8,2089,69626,2,1
34814,83,562.6,521.4,2090,69628,2,1
34815,83,562.9,521.3,2090,69630,2,1
34816,83,562.4,521.3,2090,69632,2,1
34817,83,561.7,521.3,2090,69634,2,1
34818,83,560.5,521.4,2090,69636,2,1
34819,83,559.1,521.6,2090,69638,2,1
34820,83,557.8,521.9,2090,69640,2,1
34821,83,556.7,522.6,2090,69642,2,1
34822,83,556,523.3,2090,69644,2,1
34823,83,556.4,524.4,2090,69646,2,1
34824,83,556.7,525.5,2090,69648,2,1
34825,83,557.3,526.6,2090,69650,2,1
34826,83,558,527.5,2090,69652,2,1
34827,83,558.5,528.1,2090,69654,2,1
34828,83,558.9,528.3,2090,69656,2,1
34829,83,559,528.6,2090,69658,2,1
34830,83,559,528.4,2090,69660,2,1
34831,83,558.8,528.8,2091,69662,2,1
34832,83,558.7,529.3,2091,69664,2,1
34833,83,558.6,529.7,2091,69666,2,1
34834,83,558.4,530.3,2091,69668,2,1
34835,83,558.3,530.7,2091,69670,2,1
34836,83,558.2,531,2091,69672,2,1
34837,83,558.1,531.4,2091,69674,2,1
34838,83,558,530.8,2091,69676,2,1
34839,83,557.8,529.8,2091,69678,2,1
34840,83,557.6,528.6,2091,69680,2,1
34841,83,557.4,527.5,2091,69682,2,1
34842,83,557.2,526.4,2091,69684,2,1
34843,83,557,525.6,2091,69686,2,1
34844,83,556.8,524.7,2091,69688,2,1
34845,83,556.5,524.1,2091,69690,2,1
34846,83,556,523.8,2091,69692,2,1
34847,83,555.7,523.9,2091,69694,2,1
34848,83,554.8,524,2092,69696,2,1
34849,83,553.8,524.1,2092,69698,2,1
34850,83,552.8,524.2,2092,69700,2,1
34851,83,552,524.2,2092,69702,2,1
34852,83,551.3,524.2,2092,69704,2,1
34853,83,550.9,523.8,2092,69706,2,1
34854,83,550.6,523.4,2092,69708,2,1
34855,83,551,523,2092,69710,2,1
34856,83,551.6,522.8,2092,69712,2,1
34857,83,552.2,522.5,2092,69714,2,1
34858,83,552.7,522.4,2092,69716,2,1
34859,83,553.1,522.3,2092,69718,2,1
34860,83,553.2,522.5,2092,69720,2,1
34861,83,553.2,522.8,2092,69722,2,1
34862,83,553.2,523,2092,69724,2,1
34863,83,552.5,523.3,2092,69726,2,1
34864,83,551.8,523.7,2093,69728,2,1
34865,83,550.9,524,2093,69730,2,1
34866,83,549.9,524.3,2093,69732,2,1
34867,83,549,524.5,2093,69734,2,1
34868,83,548.1,524.7,2093,69736,2,1
34869,83,547.2,524.7,2093,69738,2,1
34870,83,546.8,524.5,2093,69740,2,1
34871,83,546.6,524.2,2093,69742,2,1
34872,83,546.6,523.8,2093,69744,2,1
34873,83,547.1,523.4,2093,69746,2,1
34874,83,547.6,522.9,2093,69748,2,1
34875,83,548.1,522.7,2093,69750,2,1
34876,83,548.5,522.5,2093,69752,2,1
34877,83,549,522.5,2093,69754,2,1
34878,83,549.5,522.7,2093,69756,2,1
34879,83,549.9,522.9,2093,69758,2,1
34880,83,549.9,523.1,2093,69760,2,1
34881,83,550,523.4,2094,69762,2,1
34882,83,550,523.7,2094,69764,2,1
34883,83,549.9,523.9,2094,69766,2,1
34884,83,549.8,524,2094,69768,2,1
34885,83,549.4,524,2094,69770,2,1
34886,83,549,524,2094,69772,2,1
34887,83,548.5,524,2094,69774,2,1
34888,83,547.8,523.9,2094,69776,2,1
34889,83,547,523.8,2094,69778,2,1
34890,83,546.2,523.7,2094,69780,2,1
34891,83,545.4,523.7,2094,69782,2,1
34892,83,544.7,523.9,2094,69784,2,1
34893,83,544,524,2094,69786,2,1
34894,83,543.6,524.2,2094,69788,2,1
34895,83,543.3,524.4,2094,69790,2,1
34896,83,543.1,524.7,2094,69792,2,1
34897,83,543,525.1,2094,69794,2,1
34898,83,542.9,525.4,2095,69796,2,1
34899,83,542.8,525.8,2095,69798,2,1
34900,83,542.7,526.4,2095,69800,2,1
34901,83,542.7,527,2095,69802,2,1
34902,83,542.7,527.5,2095,69804,2,1
34903,83,542.8,528,2095,69806,2,1
34904,83,542.9,528.3,2095,69808,2,1
34905,83,543.1,528.5,2095,69810,2,1
34906,83,543.3,528.6,2095,69812,2,1
34907,83,543.5,528.4,2095,69814,2,1
34908,83,543.7,529.1,2095,69816,2,1
34909,83,543.9,529.8,2095,69818,2,1
34910,83,544,530.5,2095,69820,2,1
34911,83,544.2,532.6,2095,69822,2,1
34912,83,544.6,536.4,2095,69824,2,1
34913,83,545.6,541.2,2095,69826,2,1
34914,83,546.9,548.1,2096,69828,2,1
34915,83,548.4,556.7,2096,69830,2,1
34916,83,549.9,566.8,2096,69832,2,1
34917,83,551.5,577.3,2096,69834,2,1
34918,83,553.6,586.6,2096,69836,2,1
34919,83,555.3,594.3,2096,69838,2,1
34920,83,556.4,601,2096,69840,2,1
34921,83,557,605.5,2096,69842,2,1
34922,83,557.6,606.6,2096,69844,2,1
34923,83,558.2,605.3,2096,69846,2,1
34924,83,558.7,603.8,2096,69848,2,1
34925,83,558.6,602.1,2096,69850,2,1
34926,83,558.6,600.7,2096,69852,2,1
34927,83,558.3,599.5,2096,69854,2,1
34928,83,558.2,599.3,2096,69856,2,1
34929,83,558,600.1,2096,69858,2,1
34930,83,557.8,602,2097,69860,2,1
34931,83,557.7,604.5,2097,69862,2,1
34932,83,557.7,606.9,2097,69864,2,1
34933,83,557.8,608.9,2097,69866,2,1
34934,83,558.1,610.7,2097,69868,2,1
34935,83,558.5,611.6,2097,69870,2,1
34936,83,558.8,612.4,2097,69872,2,1
34937,83,559,613.1,2097,69874,2,1
34938,83,559.1,613.2,2097,69876,2,1
34939,83,559.2,613.4,2097,69878,2,1
34940,83,559,613.5,2097,69880,2,1
34941,83,558.9,613.5,2097,69882,2,1
34942,83,558.7,613.5,2097,69884,2,1
34943,83,558.7,613.5,2097,69886,2,1
34944,83,558.7,613.3,2097,69888,2,1
34945,83,559.1,613.1,2097,69890,2,1
34946,83,559.5,613,2097,69892,2,1
34947,83,560,612.8,2097,69894,2,1
34948,83,560,612.8,2098,69896,2,1
34949,83,560,612.7,2098,69898,2,1
34950,83,560.1,612.6,2098,69900,2,1
34951,83,560.1,612.6,2098,69902,2,1
34952,83,559.9,612.6,2098,69904,2,1
34953,83,559.8,612.7,2098,69906,2,1
34954,83,559.6,613.1,2098,69908,2,1
34955,83,560,613.4,2098,69910,2,1
34956,83,560.3,613.7,2098,69912,2,1
34957,83,560.6,614,2098,69914,2,1
34958,83,560.9,614.2,2098,69916,2,1
34959,83,561.1,614.3,2098,69918,2,1
34960,83,561.3,614,2098,69920,2,1
34961,83,561.6,613.5,2098,69922,2,1
34962,83,561.9,613,2098,69924,2,1
34963,83,562.2,612.4,2098,69926,2,1
34964,83,562.4,611.9,2099,69928,2,1
34965,83,562.5,611.3,2099,69930,2,1
34966,83,562.5,610.8,2099,69932,2,1
34967,83,562.6,610.5,2099,69934,2,1
34968,83,562.5,610.1,2099,69936,2,1
34969,83,562.4,609.6,2099,69938,2,1
34970,83,562.3,609.2,2099,69940,2,1
34971,83,562.1,608.7,2099,69942,2,1
34972,83,562,608.4,2099,69944,2,1
34973,83,561.9,608,2099,69946,2,1
34974,83,561.7,607.6,2099,69948,2,1
34975,83,561.6,607.2,2099,69950,2,1
34976,83,561.5,607,2099,69952,2,1
34977,83,561.4,606.8,2099,69954,2,1
34978,83,561.3,606.5,2099,69956,2,1
34979,83,561.3,606.2,2099,69958,2,1
34980,83,561.2,605.7,2100,69960,2,1
34981,83,561.1,605.4,2100,69962,2,1
34982,83,560.7,605.1,2100,69964,2,1
34983,83,560.4,604.7,2100,69966,2,1
34984,83,560,604.4,2100,69968,2,1
34985,83,559.7,604.2,2100,69970,2,1
34986,83,559.1,603.9,2100,69972,2,1
34987,83,558.5,603.8,2100,69974,2,1
34988,83,558,603.7,2100,69976,2,1
34989,83,557.7,603.4,2100,69978,2,1
34990,83,557.3,603.3,2100,69980,2,1
34991,83,556.7,603.2,2100,69982,2,1
34992,83,556.1,603.1,2100,69984,2,1
34993,83,555.8,603.1,2100,69986,2,1
34994,83,555.5,603,2100,69988,2,1
34995,83,554.9,602.9,2100,69990,2,1
34996,83,554.3,603,2100,69992,2,1
34997,83,553.8,603.2,2101,69994,2,1
34998,83,553.6,603.5,2101,69996,2,1
34999,83,553.5,604,2101,69998,2,1
35000,83,553.4,604.8,2101,70000,2,1
35001,83,553.4,605.6,2101,70002,2,1
35002,83,553.7,606.5,2101,70004,2,1
35003,83,554.2,607.1,2101,70006,2,1
35004,83,554.7,607.7,2101,70008,2,1
35005,83,555.1,608.1,2101,70010,2,1
35006,83,555.5,608.5,2101,70012,2,1
35007,83,555.9,608.4,2101,70014,2,1
35008,83,556.2,608.4,2101,70016,2,1
35009,83,556.5,608.2,2101,70018,2,1
35010,83,556.6,607.8,2101,70020,2,1
35011,83,556.8,606.8,2101,70022,2,1
35012,83,556.9,605.8,2101,70024,2,1
35013,83,556.9,604.8,2101,70026,2,1
35014,83,556.8,603.9,2102,70028,2,1
35015,83,556.8,602.3,2102,70030,2,1
35016,83,556.7,601,2102,70032,2,1
35017,83,556.6,599.8,2102,70034,2,1
35018,83,556.5,599.2,2102,70036,2,1
35019,83,556.4,598.6,2102,70038,2,1
35020,83,556.3,597.9,2102,70040,2,1
35021,83,556.1,597.2,2102,70042,2,1
35022,83,556,597.1,2102,70044,2,1
35023,83,555.8,597,2102,70046,2,1
35024,83,555.2,596.7,2102,70048,2,1
35025,83,554.6,596.6,2102,70050,2,1
35026,83,554,596.6,2102,70052,2,1
35027,83,553.4,596.6,2102,70054,2,1
35028,83,553,596.7,2102,70056,2,1
35029,83,552.1,596.9,2102,70058,2,1
35030,83,551.3,596.8,2103,70060,2,1
35031,83,550.7,596.8,2103,70062,2,1
35032,83,550.2,596.6,2103,70064,2,1
35033,83,549.6,596.4,2103,70066,2,1
35034,83,549.1,596.2,2103,70068,2,1
35035,83,548.6,596.1,2103,70070,2,1
35036,83,548.4,596.5,2103,70072,2,1
35037,83,548.2,597.2,2103,70074,2,1
35038,83,548.2,597.8,2103,70076,2,1
35039,83,548.2,598.4,2103,70078,2,1
35040,83,548.1,598.6,2103,70080,2,1
35041,83,548.1,598.7,2103,70082,2,1
35042,83,548,598.6,2103,70084,2,1
35043,83,548,597.9,2103,70086,2,1
35044,83,548,597.3,2103,70088,2,1
35045,83,548,596.4,2103,70090,2,1
35046,83,548.1,595.5,2103,70092,2,1
35047,83,548.1,594.6,2103,70094,2,1
35048,83,548.3,593.5,2104,70096,2,1
35049,83,548.4,592.3,2104,70098,2,1
35050,83,548.7,591.3,2104,70100,2,1
35051,83,549,590.5,2104,70102,2,1
35052,83,549.4,589.9,2104,70104,2,1
35053,83,549.8,589.3,2104,70106,2,1
35054,83,550.2,589.1,2104,70108,2,1
35055,83,550.6,589,2104,70110,2,1
35056,83,551,588.9,2104,70112,2,1
35057,83,551.3,588.8,2104,70114,2,1
35058,83,551.6,588.7,2104,70116,2,1
35059,83,551.7,588.7,2104,70118,2,1
35060,83,551.8,588.9,2104,70120,2,1
35061,83,551.8,589.2,2104,70122,2,1
35062,83,551.4,589.6,2104,70124,2,1
35063,83,551,590.1,2104,70126,2,1
35064,83,550.5,590.5,2105,70128,2,1
35065,83,549.8,591.1,2105,70130,2,1
35066,83,549.1,591.7,2105,70132,2,1
35067,83,548.5,592,2105,70134,2,1
35068,83,547.8,592.3,2105,70136,2,1
35069,83,547.4,592.6,2105,70138,2,1
35070,83,546.5,592.9,2105,70140,2,1
35071,83,545.7,593.2,2105,70142,2,1
35072,83,545,593,2105,70144,2,1
35073,83,544.3,592.7,2105,70146,2,1
35074,83,543.5,592.1,2105,70148,2,1
35075,83,542.5,590.4,2105,70150,2,1
35076,83,541,587.2,2105,70152,2,1
35077,83,539.9,582.7,2105,70154,2,1
35078,83,538.9,577.2,2105,70156,2,1
35079,83,537.7,571.2,2105,70158,2,1
35080,83,536.6,565,2106,70160,2,1
35081,83,535.7,558.8,2106,70162,2,1
35082,83,534.9,553.3,2106,70164,2,1
35083,83,534.9,548.6,2106,70166,2,1
35084,83,534.6,544.7,2106,70168,2,1
35085,83,534.2,541.6,2106,70170,2,1
35086,83,534,539.3,2106,70172,2,1
35087,83,533.3,536.8,2106,70174,2,1
35088,83,532.6,534.6,2106,70176,2,1
35089,83,532,532.6,2106,70178,2,1
35090,83,531.6,531.4,2106,70180,2,1
35091,83,531.3,530.8,2106,70182,2,1
35092,83,531,530.2,2106,70184,2,1
35093,83,530.7,529.8,2106,70186,2,1
35094,83,530.7,529.9,2106,70188,2,1
35095,83,530.8,529.9,2106,70190,2,1
35096,83,530.9,529.4,2106,70192,2,1
35097,83,530.7,528.9,2107,70194,2,1
35098,83,530.5,528,2107,70196,2,1
35099,83,530.4,527.1,2107,70198,2,1
35100,83,530.4,526.3,2107,70200,2,1
35101,83,530.5,525.5,2107,70202,2,1
35102,83,530.6,524.9,2107,70204,2,1
35103,83,530.6,524.7,2107,70206,2,1
35104,83,530.7,524.8,2107,70208,2,1
35105,83,530.8,525.1,2107,70210,2,1
35106,83,531,525.8,2107,70212,2,1
35107,83,531.4,526.5,2107,70214,2,1
35108,83,531.8,527.2,2107,70216,2,1
35109,83,532.1,528,2107,70218,2,1
35110,83,532.5,528.6,2107,70220,2,1
35111,83,532.8,528.7,2107,70222,2,1
35112,83,533.3,528.7,2107,70224,2,1
35113,83,533.6,528.3,2107,70226,2,1
35114,83,533.9,527.8,2108,70228,2,1
35115,83,534.3,527.2,2108,70230,2,1
35116,83,534.6,526.5,2108,70232,2,1
35117,83,535.2,525.6,2108,70234,2,1
35118,83,535.9,525.1,2108,70236,2,1
35119,83,536.5,524.6,2108,70238,2,1
35120,83,537.2,524.1,2108,70240,2,1
35121,83,537.7,523.7,2108,70242,2,1
35122,83,538.3,523.5,2108,70244,2,1
35123,83,538.8,523.4,2108,70246,2,1
35124,83,539,523.3,2108,70248,2,1
35125,83,539.2,523.4,2108,70250,2,1
35126,83,539.3,523.6,2108,70252,2,1
35127,83,539.2,523.8,2108,70254,2,1
35128,83,539.1,523.9,2108,70256,2,1
35129,83,538.9,524.1,2108,70258,2,1
35130,83,538.7,524.4,2109,70260,2,1
35131,83,538.5,525,2109,70262,2,1
35132,83,538.3,525.6,2109,70264,2,1
35133,83,538,526.2,2109,70266,2,1
35134,83,537.7,526.8,2109,70268,2,1
35135,83,537.5,527.3,2109,70270,2,1
35136,83,537.4,527.8,2109,70272,2,1
35137,83,537.2,528.2,2109,70274,2,1
35138,83,537.1,528.3,2109,70276,2,1
35139,83,537,528.4,2109,70278,2,1
35140,83,537,528.3,2109,70280,2,1
35141,83,537,528.2,2109,70282,2,1
35142,83,537,528,2109,70284,2,1
35143,83,537.2,527.6,2109,70286,2,1
35144,83,537.4,527.2,2109,70288,2,1
35145,83,537.6,526.7,2109,70290,2,1
35146,83,537.8,526.2,2109,70292,2,1
35147,83,538.1,525.8,2110,70294,2,1
35148,83,538.3,525.3,2110,70296,2,1
35149,83,538.5,524.8,2110,70298,2,1
35150,83,538.8,524.6,2110,70300,2,1
35151,83,538.9,524.3,2110,70302,2,1
35152,83,539.1,524.1,2110,70304,2,1
35153,83,539.3,523.8,2110,70306,2,1
35154,83,539.6,523.7,2110,70308,2,1
35155,83,540,523.8,2110,70310,2,1
35156,83,540.4,524,2110,70312,2,1
35157,83,540.5,524.3,2110,70314,2,1
35158,83,540.6,524.5,2110,70316,2,1
35159,83,540.3,524.8,2110,70318,2,1
35160,83,540,525,2110,70320,2,1
35161,83,539.6,525.2,2110,70322,2,1
35162,83,539.3,525.3,2110,70324,2,1
35163,83,539,525.4,2110,70326,2,1
35164,83,538.7,525.5,2111,70328,2,1
35165,83,538.5,525.5,2111,70330,2,1
35166,83,538.4,525.5,2111,70332,2,1
35167,83,538.3,525.5,2111,70334,2,1
35168,83,538.3,525.4,2111,70336,2,1
35169,83,538.4,525.7,2111,70338,2,1
35170,83,539,526,2111,70340,2,1
35171,83,539.7,526.3,2111,70342,2,1
35172,83,540.5,526.6,2111,70344,2,1
35173,83,541.8,527.3,2111,70346,2,1
35174,83,543.1,527.9,2111,70348,2,1
35175,83,544.3,528.5,2111,70350,2,1
35176,83,544.8,528.9,2111,70352,2,1
35177,83,544.7,529.4,2111,70354,2,1
35178,83,544.6,529.8,2111,70356,2,1
35179,83,544.4,530.2,2111,70358,2,1
35180,83,543.5,530.3,2112,70360,2,1
35181,83,542.6,530.4,2112,70362,2,1
35182,83,541.5,530.6,2112,70364,2,1
35183,83,540.9,530.9,2112,70366,2,1
35184,83,540.4,531.6,2112,70368,2,1
35185,83,540,532.3,2112,70370,2,1
35186,83,540.1,533.4,2112,70372,2,1
35187,83,540.6,534.6,2112,70374,2,1
35188,83,541,535.6,2112,70376,2,1
35189,83,541.6,536.6,2112,70378,2,1
35190,83,542.2,537.3,2112,70380,2,1
35191,83,542.7,537.2,2112,70382,2,1
35192,83,543.1,537,2112,70384,2,1
35193,83,543.1,536.4,2112,70386,2,1
35194,83,543.1,535.7,2112,70388,2,1
35195,83,543.1,534.9,2112,70390,2,1
35196,83,543.2,534.3,2112,70392,2,1
35197,83,543.2,533.9,2113,70394,2,1
35198,83,543.4,533.5,2113,70396,2,1
35199,83,543.5,533.1,2113,70398,2,1
35200,83,543.7,532.7,2113,70400,2,1
35201,83,543.7,532.2,2113,70402,2,1
35202,83,543.8,531.8,2113,70404,2,1
35203,83,543.9,531.5,2113,70406,2,1
35204,83,543.9,531.1,2113,70408,2,1
35205,83,543.8,531,2113,70410,2,1
35206,83,543.6,531,2113,70412,2,1
35207,83,543.4,531.1,2113,70414,2,1
35208,83,543.3,531.3,2113,70416,2,1
35209,83,543.4,531.5,2113,70418,2,1
35210,83,543.8,532.2,2113,70420,2,1
35211,83,544.7,532.8,2113,70422,2,1
35212,83,545.6,533.4,2113,70424,2,1
35213,83,546.6,534,2113,70426,2,1
35214,83,547.6,534.4,2114,70428,2,1
35215,83,548.5,535.1,2114,70430,2,1
35216,83,549.3,536.2,2114,70432,2,1
35217,83,549.7,537.1,2114,70434,2,1
35218,83,549.6,538,2114,70436,2,1
35219,83,549.5,538.8,2114,70438,2,1
35220,83,549.3,539.8,2114,70440,2,1
35221,83,548.9,540.6,2114,70442,2,1
35222,83,548.3,541.1,2114,70444,2,1
35223,83,547.7,541.1,2114,70446,2,1
35224,83,547.1,540.9,2114,70448,2,1
35225,83,546.5,540.6,2114,70450,2,1
35226,83,546.3,539.5,2114,70452,2,1
35227,83,546.2,538.5,2114,70454,2,1
35228,83,546.3,537.4,2114,70456,2,1
35229,83,546.7,536.4,2114,70458,2,1
35230,83,547.1,535.3,2115,70460,2,1
35231,83,547.5,534.4,2115,70462,2,1
35232,83,547.8,533.6,2115,70464,2,1
35233,83,548,533.7,2115,70466,2,1
35234,83,548.1,534,2115,70468,2,1
35235,83,548.2,534.3,2115,70470,2,1
35236,83,548.2,534.7,2115,70472,2,1
35237,83,548.2,535.4,2115,70474,2,1
35238,83,548,536,2115,70476,2,1
35239,83,547.8,536.8,2115,70478,2,1
35240,83,547.6,537.5,2115,70480,2,1
35241,83,547.3,538,2115,70482,2,1
35242,83,547.1,538.5,2115,70484,2,1
35243,83,546.9,539,2115,70486,2,1
35244,83,546.9,539.1,2115,70488,2,1
35245,83,547,539.1,2115,70490,2,1
35246,83,547.5,539,2115,70492,2,1
35247,83,548,538.8,2116,70494,2,1
35248,83,548.4,538.5,2116,70496,2,1
35249,83,548.8,538.2,2116,70498,2,1
35250,83,549,537.6,2116,70500,2,1
35251,83,549.1,537,2116,70502,2,1
35252,83,549.1,536.6,2116,70504,2,1
35253,83,548.6,536.3,2116,70506,2,1
35254,83,547.4,536.1,2116,70508,2,1
35255,83,546.3,536.1,2116,70510,2,1
35256,83,545.3,536.3,2116,70512,2,1
35257,83,545.1,536.6,2116,70514,2,1
35258,83,544.8,537,2116,70516,2,1
35259,83,545.2,537.8,2116,70518,2,1
35260,83,545.9,538.5,2116,70520,2,1
35261,83,547.4,539.2,2116,70522,2,1
35262,83,548.7,539.9,2116,70524,2,1
35263,83,549.9,540.7,2116,70526,2,1
35264,83,550.3,541.5,2117,70528,2,1
35265,83,550.5,542,2117,70530,2,1
35266,83,550.1,542,2117,70532,2,1
35267,83,549.7,542,2117,70534,2,1
35268,83,549.1,541.7,2117,70536,2,1
35269,83,548.6,541.3,2117,70538,2,1
35270,83,548.2,540.6,2117,70540,2,1
35271,83,548.1,539.9,2117,70542,2,1
35272,83,548.7,539.5,2117,70544,2,1
35273,83,549.3,539.1,2117,70546,2,1
35274,83,550,538.9,2117,70548,2,1
35275,83,550.8,538.8,2117,70550,2,1
35276,83,551.5,538.8,2117,70552,2,1
35277,83,552.3,539,2117,70554,2,1
35278,83,553,539.5,2117,70556,2,1
35279,83,553.2,540,2117,70558,2,1
35280,83,553.2,540.6,2118,70560,2,1
35281,83,552.9,541.2,2118,70562,2,1
35282,83,552.5,541.8,2118,70564,2,1
35283,83,552.1,542.6,2118,70566,2,1
35284,83,551.7,543.4,2118,70568,2,1
35285,83,551.4,543.6,2118,70570,2,1
35286,83,551,543.7,2118,70572,2,1
35287,83,550.7,543.3,2118,70574,2,1
35288,83,550.8,542.5,2118,70576,2,1
35289,83,551.2,541.7,2118,70578,2,1
35290,83,551.5,540.8,2118,70580,2,1
35291,83,551.7,539.9,2118,70582,2,1
35292,83,551.6,539.6,2118,70584,2,1
35293,83,551.6,539.5,2118,70586,2,1
35294,83,551.2,539.9,2118,70588,2,1
35295,83,550.5,540.4,2118,70590,2,1
35296,83,549.6,541,2118,70592,2,1
35297,83,548.7,541.4,2119,70594,2,1
35298,83,547.8,542,2119,70596,2,1
35299,83,547.5,542.6,2119,70598,2,1
35300,83,547.2,543.5,2119,70600,2,1
35301,83,547.4,544.4,2119,70602,2,1
35302,83,547.9,545.3,2119,70604,2,1
35303,83,548.5,546.3,2119,70606,2,1
35304,83,549,547.2,2119,70608,2,1
35305,83,549.5,547.8,2119,70610,2,1
35306,83,549.6,547.7,2119,70612,2,1
35307,83,549.6,547.1,2119,70614,2,1
35308,83,549.6,546.5,2119,70616,2,1
35309,83,549.3,545.9,2119,70618,2,1
35310,83,549.1,545.2,2119,70620,2,1
35311,83,548.9,544.5,2119,70622,2,1
35312,83,548.9,544.1,2119,70624,2,1
35313,83,549,543.9,2119,70626,2,1
35314,83,549,543.9,2120,70628,2,1
35315,83,549,543.8,2120,70630,2,1
35316,83,549.2,543.6,2120,70632,2,1
35317,83,549.3,543.6,2120,70634,2,1
35318,83,549.5,543.7,2120,70636,2,1
35319,83,549.7,544.2,2120,70638,2,1
35320,83,549.8,544.6,2120,70640,2,1
35321,83,550,545.3,2120,70642,2,1
35322,83,550.2,546,2120,70644,2,1
35323,83,550.1,546.7,2120,70646,2,1
35324,83,550,547.3,2120,70648,2,1
35325,83,549.8,547.9,2120,70650,2,1
35326,83,549.6,547.6,2120,70652,2,1
35327,83,549.4,546.9,2120,70654,2,1
35328,83,549.3,546,2120,70656,2,1
35329,83,549.3,545,2120,70658,2,1
35330,83,549.7,543.9,2121,70660,2,1
35331,83,550.3,543,2121,70662,2,1
35332,83,551,542.1,2121,70664,2,1
35333,83,551.7,541.8,2121,70666,2,1
35334,83,552.4,541.8,2121,70668,2,1
35335,83,553.1,541.9,2121,70670,2,1
35336,83,553.6,541.9,2121,70672,2,1
35337,83,553.7,542,2121,70674,2,1
35338,83,553.4,542.4,2121,70676,2,1
35339,83,552.9,542.7,2121,70678,2,1
35340,83,552.5,543.1,2121,70680,2,1
35341,83,552,543.6,2121,70682,2,1
35342,83,551.6,544,2121,70684,2,1
35343,83,551.6,544.9,2121,70686,2,1
35344,83,551.7,545.8,2121,70688,2,1
35345,83,552.2,546.5,2121,70690,2,1
35346,83,552.5,547,2121,70692,2,1
35347,83,553,547.4,2122,70694,2,1
35348,83,553.4,547.7,2122,70696,2,1
35349,83,554.2,547.7,2122,70698,2,1
35350,83,554.7,547.1,2122,70700,2,1
35351,83,555.2,546.3,2122,70702,2,1
35352,83,555.8,545.4,2122,70704,2,1
35353,83,556.3,544.6,2122,70706,2,1
35354,83,556.7,543.7,2122,70708,2,1
35355,83,557,543,2122,70710,2,1
35356,83,556.8,543.1,2122,70712,2,1
35357,83,556.6,543.3,2122,70714,2,1
35358,83,556.4,543.7,2122,70716,2,1
35359,83,556.1,544.3,2122,70718,2,1
35360,83,555.9,544.8,2122,70720,2,1
35361,83,555.5,545.3,2122,70722,2,1
35362,83,555.2,546,2122,70724,2,1
35363,83,554.9,546.7,2122,70726,2,1
35364,83,554.6,547.5,2123,70728,2,1
35365,83,554.4,548.3,2123,70730,2,1
35366,83,554.2,549.2,2123,70732,2,1
35367,83,554,550.1,2123,70734,2,1
35368,83,554.2,550.9,2123,70736,2,1
35369,83,554.4,551.6,2123,70738,2,1
35370,83,554.7,551.8,2123,70740,2,1
35371,83,555,552,2123,70742,2,1
35372,83,555.3,552.1,2123,70744,2,1
35373,83,555.7,551.6,2123,70746,2,1
35374,83,556,550.9,2123,70748,2,1
35375,83,556.4,550.2,2123,70750,2,1
35376,83,556.8,549.1,2123,70752,2,1
35377,83,557.1,548.2,2123,70754,2,1
35378,83,557.4,547.2,2123,70756,2,1
35379,83,557.8,546.2,2123,70758,2,1
35380,83,558,545.5,2124,70760,2,1
35381,83,558.3,545.1,2124,70762,2,1
35382,83,558.4,544.7,2124,70764,2,1
35383,83,558.4,544.6,2124,70766,2,1
35384,83,558.3,544.6,2124,70768,2,1
35385,83,558.2,544.7,2124,70770,2,1
35386,83,558.1,545,2124,70772,2,1
35387,83,557.9,545.5,2124,70774,2,1
35388,83,557.7,546,2124,70776,2,1
35389,83,557.4,546.3,2124,70778,2,1
35390,83,557.1,546.7,2124,70780,2,1
35391,83,556.9,547,2124,70782,2,1
35392,83,556.7,547.3,2124,70784,2,1
35393,83,556.4,547.7,2124,70786,2,1
35394,83,556.2,548.2,2124,70788,2,1
35395,83,556,548.7,2124,70790,2,1
35396,83,555.8,549.1,2124,70792,2,1
35397,83,555.6,549.8,2125,70794,2,1
35398,83,555.5,550.8,2125,70796,2,1
35399,83,555.7,551.8,2125,70798,2,1
35400,83,556,552.6,2125,70800,2,1
35401,83,556.4,552.9,2125,70802,2,1
35402,83,556.9,553.2,2125,70804,2,1
35403,83,557.4,553.4,2125,70806,2,1
35404,83,557.9,553.3,2125,70808,2,1
35405,83,558.4,552.9,2125,70810,2,1
35406,83,558.5,552.4,2125,70812,2,1
35407,83,558.6,552,2125,70814,2,1
35408,83,558.7,552,2125,70816,2,1
35409,83,558.7,551.9,2125,70818,2,1
35410,83,558.8,551.7,2125,70820,2,1
35411,83,559.6,551,2125,70822,2,1
35412,83,560.4,550.4,2125,70824,2,1
35413,83,561.1,549.7,2125,70826,2,1
35414,83,561.9,549,2126,70828,2,1
35415,83,562.5,548.4,2126,70830,2,1
35416,83,563.2,547.8,2126,70832,2,1
35417,83,563.7,547.3,2126,70834,2,1
35418,83,563.5,547.2,2126,70836,2,1
35419,83,563.4,547.2,2126,70838,2,1
35420,83,563.3,547,2126,70840,2,1
35421,83,563.3,546.9,2126,70842,2,1
35422,83,563.3,546.6,2126,70844,2,1
35423,83,563.2,546.4,2126,70846,2,1
35424,83,563.1,546.1,2126,70848,2,1
35425,83,563.1,545.9,2126,70850,2,1
35426,83,563.2,545.8,2126,70852,2,1
35427,83,563.2,545.7,2126,70854,2,1
35428,83,563.2,545.6,2126,70856,2,1
35429,83,563.1,545.7,2126,70858,2,1
35430,83,563.1,545.8,2127,70860,2,1
35431,83,563.2,545.9,2127,70862,2,1
35432,83,563.2,546.1,2127,70864,2,1
35433,83,563.2,546.2,2127,70866,2,1
35434,83,563.3,546.3,2127,70868,2,1
35435,83,563.4,546.4,2127,70870,2,1
35436,83,563.5,546.8,2127,70872,2,1
35437,83,563.5,547.4,2127,70874,2,1
35438,83,563.6,547.9,2127,70876,2,1
35439,83,563.7,548.4,2127,70878,2,1
35440,83,563.7,548.8,2127,70880,2,1
35441,83,563.7,549.2,2127,70882,2,1
35442,83,563.6,549.6,2127,70884,2,1
35443,83,563.6,549.7,2127,70886,2,1
35444,83,563.5,549.8,2127,70888,2,1
35445,83,563.5,549.8,2127,70890,2,1
35446,83,563.6,549.9,2127,70892,2,1
35447,83,563.6,550.1,2128,70894,2,1
35448,83,563.7,550.4,2128,70896,2,1
35449,83,563.8,551,2128,70898,2,1
35450,83,563.9,551.7,2128,70900,2,1
35451,83,564,552.3,2128,70902,2,1
35452,83,564.2,552.9,2128,70904,2,1
35453,83,564.2,553.5,2128,70906,2,1
35454,83,564.3,554,2128,70908,2,1
35455,83,564.5,554.6,2128,70910,2,1
35456,83,564.6,554.8,2128,70912,2,1
35457,83,564.7,554.9,2128,70914,2,1
35458,83,564.8,554.9,2128,70916,2,1
35459,83,564.9,554.9,2128,70918,2,1
35460,83,564.9,555,2128,70920,2,1
35461,83,564.9,555.2,2128,70922,2,1
35462,83,565.4,555.4,2128,70924,2,1
35463,83,565.9,555.5,2128,70926,2,1
35464,83,566.4,555.6,2129,70928,2,1
35465,83,566.9,555.8,2129,70930,2,1
35466,83,567.4,555.9,2129,70932,2,1
35467,83,568.7,556.8,2129,70934,2,1
35468,83,570.3,558.1,2129,70936,2,1
35469,83,571.3,560.8,2129,70938,2,1
35470,83,572.7,564.6,2129,70940,2,1
35471,83,574.8,570.1,2129,70942,2,1
35472,83,577.3,577.7,2129,70944,2,1
35473,83,579.7,586.5,2129,70946,2,1
35474,83,581.4,594.6,2129,70948,2,1
35475,83,582.8,602.2,2129,70950,2,1
35476,83,584.2,608.3,2129,70952,2,1
35477,83,585.3,612.5,2129,70954,2,1
35478,83,585.7,615.2,2129,70956,2,1
35479,83,585.7,615,2129,70958,2,1
35480,83,585.8,613.6,2130,70960,2,1
35481,83,585.9,612.2,2130,70962,2,1
35482,83,586,610.8,2130,70964,2,1
35483,83,586.1,609.6,2130,70966,2,1
35484,83,586.4,609.1,2130,70968,2,1
35485,83,586.8,608.7,2130,70970,2,1
35486,83,587.3,609.2,2130,70972,2,1
35487,83,587.7,609.9,2130,70974,2,1
35488,83,588.1,610.6,2130,70976,2,1
35489,83,588.5,611.5,2130,70978,2,1
35490,83,588.7,612.3,2130,70980,2,1
35491,83,588.8,613.4,2130,70982,2,1
35492,83,588.6,614.4,2130,70984,2,1
35493,83,588.4,615,2130,70986,2,1
35494,83,588.2,615.2,2130,70988,2,1
35495,83,588,615.2,2130,70990,2,1
35496,83,587.9,615.2,2130,70992,2,1
35497,83,587.8,615.2,2131,70994,2,1
35498,83,587.8,614.9,2131,70996,2,1
35499,83,587.9,614.6,2131,70998,2,1
35500,83,588.1,614.2,2131,71000,2,1
35501,83,588.3,614.2,2131,71002,2,1
35502,83,588.8,614.1,2131,71004,2,1
35503,83,589.3,614.2,2131,71006,2,1
35504,83,589.9,614.3,2131,71008,2,1
35505,83,590.6,614.4,2131,71010,2,1
35506,83,591.2,614.4,2131,71012,2,1
35507,83,591.7,614.4,2131,71014,2,1
35508,83,592.3,614.4,2131,71016,2,1
35509,83,592.5,614.3,2131,71018,2,1
35510,83,592.6,613.7,2131,71020,2,1
35511,83,592.8,612.7,2131,71022,2,1
35512,83,592.9,611.7,2131,71024,2,1
35513,83,592.9,610.7,2131,71026,2,1
35514,83,593,609.8,2132,71028,2,1
35515,83,593.1,608.9,2132,71030,2,1
35516,83,593.2,608.1,2132,71032,2,1
35517,83,593.4,607.7,2132,71034,2,1
35518,83,593.6,607.7,2132,71036,2,1
35519,83,593.9,607.8,2132,71038,2,1
35520,83,594.1,608,2132,71040,2,1
35521,83,594.4,608.1,2132,71042,2,1
35522,83,594.7,608.3,2132,71044,2,1
35523,83,594.9,608.5,2132,71046,2,1
35524,83,594.8,608.7,2132,71048,2,1
35525,83,594.5,608.9,2132,71050,2,1
35526,83,594.1,609.1,2132,71052,2,1
35527,83,593.7,609.2,2132,71054,2,1
35528,83,593.3,609.1,2132,71056,2,1
35529,83,592.9,609,2132,71058,2,1
35530,83,592.5,609.3,2133,71060,2,1
35531,83,592.2,609.6,2133,71062,2,1
35532,83,592.1,609.9,2133,71064,2,1
35533,83,591.9,610.6,2133,71066,2,1
35534,83,591.7,611.3,2133,71068,2,1
35535,83,591.4,611.9,2133,71070,2,1
35536,83,591.1,612.6,2133,71072,2,1
35537,83,590.9,613.2,2133,71074,2,1
35538,83,590.8,613.8,2133,71076,2,1
35539,83,590.3,614.1,2133,71078,2,1
35540,83,589.8,614.1,2133,71080,2,1
35541,83,589.3,613.6,2133,71082,2,1
35542,83,588.5,613,2133,71084,2,1
35543,83,587.8,612.5,2133,71086,2,1
35544,83,587.1,611.5,2133,71088,2,1
35545,83,586.2,610.5,2133,71090,2,1
35546,83,585.8,609.5,2133,71092,2,1
35547,83,585.1,608.7,2134,71094,2,1
35548,83,584.3,608.4,2134,71096,2,1
35549,83,583.8,608.1,2134,71098,2,1
35550,83,583.3,607.9,2134,71100,2,1
35551,83,582.8,608,2134,71102,2,1
35552,83,582.4,608.1,2134,71104,2,1
35553,83,582,608.3,2134,71106,2,1
35554,83,582.1,608.5,2134,71108,2,1
35555,83,582.7,608.4,2134,71110,2,1
35556,83,583.3,608.2,2134,71112,2,1
35557,83,584,608.1,2134,71114,2,1
35558,83,584.6,607.8,2134,71116,2,1
35559,83,585.3,607.5,2134,71118,2,1
35560,83,585.9,607.3,2134,71120,2,1
35561,83,586.5,607.2,2134,71122,2,1
35562,83,586.4,607.8,2134,71124,2,1
35563,83,586.4,608.3,2134,71126,2,1
35564,83,586.2,608.9,2135,71128,2,1
35565,83,586.1,609.6,2135,71130,2,1
35566,83,586,610.2,2135,71132,2,1
35567,83,585.4,610.8,2135,71134,2,1
35568,83,584.9,611.3,2135,71136,2,1
35569,83,584.5,611.4,2135,71138,2,1
35570,83,584.1,611.4,2135,71140,2,1
35571,83,583.9,611.4,2135,71142,2,1
35572,83,583.7,611,2135,71144,2,1
35573,83,583.5,610.5,2135,71146,2,1
35574,83,583.8,609.9,2135,71148,2,1
35575,83,584.1,609.3,2135,71150,2,1
35576,83,584.4,608.7,2135,71152,2,1
35577,83,584.7,608,2135,71154,2,1
35578,83,584.9,607.4,2135,71156,2,1
35579,83,585,606.4,2135,71158,2,1
35580,83,585,605.5,2136,71160,2,1
35581,83,584.9,604.8,2136,71162,2,1
35582,83,584.7,604.5,2136,71164,2,1
35583,83,584.6,604.2,2136,71166,2,1
35584,83,584.8,604,2136,71168,2,1
35585,83,585.1,603.9,2136,71170,2,1
35586,83,585.5,604.5,2136,71172,2,1
35587,83,586,605.3,2136,71174,2,1
35588,83,586.8,606.1,2136,71176,2,1
35589,83,587.4,606.5,2136,71178,2,1
35590,83,588,606.9,2136,71180,2,1
35591,83,588.3,607.5,2136,71182,2,1
35592,83,588.6,608,2136,71184,2,1
35593,83,589,608.4,2136,71186,2,1
35594,83,589.3,608.5,2136,71188,2,1
35595,83,589.5,608.5,2136,71190,2,1
35596,83,589.7,607.8,2136,71192,2,1
35597,83,590.4,606.9,2137,71194,2,1
35598,83,591.1,605.8,2137,71196,2,1
35599,83,591.9,604.8,2137,71198,2,1
35600,83,592.6,603.8,2137,71200,2,1
35601,83,593.3,602.9,2137,71202,2,1
35602,83,594,601.9,2137,71204,2,1
35603,83,594.8,601.5,2137,71206,2,1
35604,83,595.1,601.2,2137,71208,2,1
35605,83,595.3,600.8,2137,71210,2,1
35606,83,595.4,600.5,2137,71212,2,1
35607,83,595.3,600.2,2137,71214,2,1
35608,83,595,600.1,2137,71216,2,1
35609,83,594.5,599.9,2137,71218,2,1
35610,83,593.9,600.1,2137,71220,2,1
35611,83,593.1,600.3,2137,71222,2,1
35612,83,592.2,600.5,2137,71224,2,1
35613,83,591.2,600.9,2137,71226,2,1
35614,83,589.9,601.1,2138,71228,2,1
35615,83,589,601.5,2138,71230,2,1
35616,83,588.2,601.9,2138,71232,2,1
35617,83,587.4,602.2,2138,71234,2,1
35618,83,587,602.4,2138,71236,2,1
35619,83,586.8,602.5,2138,71238,2,1
35620,83,587.2,602.3,2138,71240,2,1
35621,83,588,601.5,2138,71242,2,1
35622,83,588.8,600.7,2138,71244,2,1
35623,83,589.6,599.9,2138,71246,2,1
35624,83,590.6,598.9,2138,71248,2,1
35625,83,591.4,598,2138,71250,2,1
35626,83,592,596.9,2138,71252,2,1
35627,83,592.3,596.1,2138,71254,2,1
35628,83,592.4,595.9,2138,71256,2,1
35629,83,592.4,595.7,2138,71258,2,1
35630,83,592.4,595.5,2139,71260,2,1
35631,83,592.3,595.3,2139,71262,2,1
35632,83,591.8,595.1,2139,71264,2,1
35633,83,591.4,595.7,2139,71266,2,1
35634,83,591.2,596.5,2139,71268,2,1
35635,83,591,597.2,2139,71270,2,1
35636,83,590.9,598,2139,71272,2,1
35637,83,590.8,599.1,2139,71274,2,1
35638,83,590.7,600.2,2139,71276,2,1
35639,83,591,601.2,2139,71278,2,1
35640,83,591.2,601.8,2139,71280,2,1
35641,83,591.4,602.1,2139,71282,2,1
35642,83,591.6,602.4,2139,71284,2,1
35643,83,591.8,602.5,2139,71286,2,1
35644,83,591.9,602.2,2139,71288,2,1
35645,83,591.9,601.9,2139,71290,2,1
35646,83,591.6,601.4,2139,71292,2,1
35647,83,591.3,600.7,2140,71294,2,1
35648,83,591,599.4,2140,71296,2,1
35649,83,590.6,598.2,2140,71298,2,1
35650,83,590.3,595.6,2140,71300,2,1
35651,83,590.4,592.1,2140,71302,2,1
35652,83,590.7,588.4,2140,71304,2,1
35653,83,591.3,584.2,2140,71306,2,1
35654,83,592.1,579.4,2140,71308,2,1
35655,83,592.9,575.2,2140,71310,2,1
35656,83,593.7,571,2140,71312,2,1
35657,83,594.4,567.9,2140,71314,2,1
35658,83,594.8,565.8,2140,71316,2,1
35659,83,595,564.2,2140,71318,2,1
35660,83,594.5,563.4,2140,71320,2,1
35661,83,593.8,563.6,2140,71322,2,1
35662,83,593.1,564,2140,71324,2,1
35663,83,592.4,564.4,2140,71326,2,1
35664,83,592.2,564.8,2141,71328,2,1
35665,83,592.6,564.8,2141,71330,2,1
35666,83,593.1,564.7,2141,71332,2,1
35667,83,594.3,564.3,2141,71334,2,1
35668,83,595.7,563.1,2141,71336,2,1
35669,83,596.9,562,2141,71338,2,1
35670,83,598,560.9,2141,71340,2,1
35671,83,598.1,560,2141,71342,2,1
35672,83,597.4,559.5,2141,71344,2,1
35673,83,596.7,559,2141,71346,2,1
35674,83,596,558.6,2141,71348,2,1
35675,83,595.4,558.3,2141,71350,2,1
35676,83,595,557.9,2141,71352,2,1
35677,83,594.8,557.6,2141,71354,2,1
35678,83,595.1,557.5,2141,71356,2,1
35679,83,595.5,557.7,2141,71358,2,1
35680,83,595.8,558.2,2142,71360,2,1
35681,83,596,558.7,2142,71362,2,1
35682,83,595.8,559.4,2142,71364,2,1
35683,83,595.7,560.1,2142,71366,2,1
35684,83,595.4,560.6,2142,71368,2,1
35685,83,595.6,561.3,2142,71370,2,1
35686,83,595.7,561.9,2142,71372,2,1
35687,83,596,562.3,2142,71374,2,1
35688,83,596.2,562.9,2142,71376,2,1
35689,83,596.4,563.5,2142,71378,2,1
35690,83,596.4,564,2142,71380,2,1
35691,83,596.3,564.2,2142,71382,2,1
35692,83,595.8,563.9,2142,71384,2,1
35693,83,595.4,563.5,2142,71386,2,1
35694,83,595,563,2142,71388,2,1
35695,83,594.9,562.3,2142,71390,2,1
35696,83,594.9,561.6,2142,71392,2,1
35697,83,595,561.1,2143,71394,2,1
35698,83,595.4,560.8,2143,71396,2,1
35699,83,595.7,560.4,2143,71398,2,1
35700,83,596.1,559.2,2143,71400,2,1
35701,83,595.8,558.2,2143,71402,2,1
35702,83,595.5,557.1,2143,71404,2,1
35703,83,595,555.9,2143,71406,2,1
35704,83,594.6,554.7,2143,71408,2,1
35705,83,594.4,553.3,2143,71410,2,1
35706,83,594.7,552.1,2143,71412,2,1
35707,83,594.8,551.7,2143,71414,2,1
35708,83,595.5,551.3,2143,71416,2,1
35709,83,595.7,551,2143,71418,2,1
35710,83,595.7,550.8,2143,71420,2,1
35711,83,595.7,550.8,2143,71422,2,1
35712,83,595.2,551.7,2143,71424,2,1
35713,83,594.3,552.5,2143,71426,2,1
35714,83,593.6,553.6,2144,71428,2,1
35715,83,592.9,554.7,2144,71430,2,1
35716,83,592.7,555.8,2144,71432,2,1
35717,83,592.2,556.7,2144,71434,2,1
35718,83,591.8,557.4,2144,71436,2,1
35719,83,591.4,557.6,2144,71438,2,1
35720,83,591,557.5,2144,71440,2,1
35721,83,590.5,557,2144,71442,2,1
35722,83,590.1,556.4,2144,71444,2,1
35723,83,589.9,555.4,2144,71446,2,1
35724,83,589.9,554.5,2144,71448,2,1
35725,83,590,553.5,2144,71450,2,1
35726,83,590.1,552.4,2144,71452,2,1
35727,83,590.3,551.4,2144,71454,2,1
35728,83,590.6,550.6,2144,71456,2,1
35729,83,590.8,549.9,2144,71458,2,1
35730,83,591.2,549.7,2145,71460,2,1
35731,83,591.5,549.7,2145,71462,2,1
35732,83,592,549.7,2145,71464,2,1
35733,83,592.5,549.7,2145,71466,2,1
35734,83,592.8,549.7,2145,71468,2,1
35735,83,593.2,550.5,2145,71470,2,1
35736,83,593.5,551.2,2145,71472,2,1
35737,83,593.7,551.9,2145,71474,2,1
35738,83,593.9,552.7,2145,71476,2,1
35739,83,594,553.6,2145,71478,2,1
35740,83,594.2,554.5,2145,71480,2,1
35741,83,594.9,555.3,2145,71482,2,1
35742,83,595.7,555.3,2145,71484,2,1
35743,83,596.5,555.3,2145,71486,2,1
35744,83,597.3,555.1,2145,71488,2,1
35745,83,597.9,555,2145,71490,2,1
35746,83,598,554.6,2145,71492,2,1
35747,83,598.1,554.1,2146,71494,2,1
35748,83,597.6,553.6,2146,71496,2,1
35749,83,597.2,553.1,2146,71498,2,1
35750,83,596.8,552.7,2146,71500,2,1
35751,83,596.2,552.4,2146,71502,2,1
35752,83,595.9,552.2,2146,71504,2,1
35753,83,595.5,552.5,2146,71506,2,1
35754,83,595.1,553.1,2146,71508,2,1
35755,83,594.7,553.6,2146,71510,2,1
35756,83,594.3,554.3,2146,71512,2,1
35757,83,593.8,554.9,2146,71514,2,1
35758,83,593.4,556,2146,71516,2,1
35759,83,593.1,557.2,2146,71518,2,1
35760,83,593.1,558.4,2146,71520,2,1
35761,83,593.1,558.8,2146,71522,2,1
35762,83,593.1,559.2,2146,71524,2,1
35763,83,593,559.4,2146,71526,2,1
35764,83,592.9,559.5,2147,71528,2,1
35765,83,593,558.6,2147,71530,2,1
35766,83,593.2,557.6,2147,71532,2,1
35767,83,593.5,556.8,2147,71534,2,1
35768,83,594.2,556.4,2147,71536,2,1
35769,83,594.8,556,2147,71538,2,1
35770,83,595.4,555.9,2147,71540,2,1
35771,83,595.9,555.8,2147,71542,2,1
35772,83,596.1,555.8,2147,71544,2,1
35773,83,596.2,556.3,2147,71546,2,1
35774,83,596.3,557.5,2147,71548,2,1
35775,83,596.1,558.7,2147,71550,2,1
35776,83,596,559.7,2147,71552,2,1
35777,83,595.9,560.4,2147,71554,2,1
35778,83,595.7,560.8,2147,71556,2,1
35779,83,595.5,561.1,2147,71558,2,1
35780,83,595.3,561.3,2148,71560,2,1
35781,83,595.1,560.7,2148,71562,2,1
35782,83,594.8,560,2148,71564,2,1
35783,83,594.8,559.4,2148,71566,2,1
35784,83,594.8,558.7,2148,71568,2,1
35785,83,594.8,558.4,2148,71570,2,1
35786,83,594.9,558.2,2148,71572,2,1
35787,83,595.1,557.9,2148,71574,2,1
35788,83,595.2,557.8,2148,71576,2,1
35789,83,595.2,557.9,2148,71578,2,1
35790,83,594.8,558.4,2148,71580,2,1
35791,83,594.4,559.6,2148,71582,2,1
35792,83,594,560.8,2148,71584,2,1
35793,83,593.3,562.1,2148,71586,2,1
35794,83,592.6,563.4,2148,71588,2,1
35795,83,592,564.5,2148,71590,2,1
35796,83,591.7,565.5,2148,71592,2,1
35797,83,591.9,566,2149,71594,2,1
35798,83,592.1,565.6,2149,71596,2,1
35799,83,592.2,565.2,2149,71598,2,1
35800,83,592.7,564.9,2149,71600,2,1
35801,83,593,564.5,2149,71602,2,1
35802,83,592.9,564.1,2149,71604,2,1
35803,83,592.7,563.6,2149,71606,2,1
35804,83,592,563.2,2149,71608,2,1
35805,83,591.4,562.8,2149,71610,2,1
35806,83,590.8,562.3,2149,71612,2,1
35807,83,590.4,561.9,2149,71614,2,1
35808,83,590.2,561.8,2149,71616,2,1
35809,83,590.3,562.2,2149,71618,2,1
35810,83,590.4,562.7,2149,71620,2,1
35811,83,590.5,563.5,2149,71622,2,1
35812,83,590.6,564.1,2149,71624,2,1
35813,83,590.6,565.1,2149,71626,2,1
35814,83,590.7,566.3,2150,71628,2,1
35815,83,590.8,567.3,2150,71630,2,1
35816,83,591,567.2,2150,71632,2,1
35817,83,591.2,567.2,2150,71634,2,1
35818,83,591.5,567,2150,71636,2,1
35819,83,591.8,566.7,2150,71638,2,1
35820,83,591.9,566,2150,71640,2,1
35821,83,592,565,2150,71642,2,1
35822,83,592.1,563.9,2150,71644,2,1
35823,83,592.1,563.3,2150,71646,2,1
35824,83,592.2,562.7,2150,71648,2,1
35825,83,592,562.3,2150,71650,2,1
35826,83,592.4,561.9,2150,71652,2,1
35827,83,592.9,561.6,2150,71654,2,1
35828,83,593.4,561.4,2150,71656,2,1
35829,83,593.8,561.6,2150,71658,2,1
35830,83,594.1,561.9,2151,71660,2,1
35831,83,594.4,562.4,2151,71662,2,1
35832,83,594.7,563.2,2151,71664,2,1
35833,83,594.6,564.3,2151,71666,2,1
35834,83,594.9,565.4,2151,71668,2,1
35835,83,595.1,566.4,2151,71670,2,1
35836,83,595.5,567.4,2151,71672,2,1
35837,83,595.7,568.1,2151,71674,2,1
35838,83,595.8,568.6,2151,71676,2,1
35839,83,595.6,568.6,2151,71678,2,1
35840,83,595.4,568.1,2151,71680,2,1
35841,83,594.6,567.6,2151,71682,2,1
35842,83,593.9,567.2,2151,71684,2,1
35843,83,593.4,566.2,2151,71686,2,1
35844,83,593.1,565.3,2151,71688,2,1
35845,83,593.1,564.6,2151,71690,2,1
35846,83,593.5,564.2,2151,71692,2,1
35847,83,594,563.8,2152,71694,2,1
35848,83,594.5,563.6,2152,71696,2,1
35849,83,595,563.3,2152,71698,2,1
35850,83,595.3,563.5,2152,71700,2,1
35851,83,595.6,563.7,2152,71702,2,1
35852,83,595.9,563.9,2152,71704,2,1
35853,83,596.4,564.1,2152,71706,2,1
35854,83,596.9,564.3,2152,71708,2,1
35855,83,597.2,564.6,2152,71710,2,1
35856,83,597.6,565.4,2152,71712,2,1
35857,83,597.9,566.1,2152,71714,2,1
35858,83,598.2,566.8,2152,71716,2,1
35859,83,598.5,567.5,2152,71718,2,1
35860,83,598.6,568.1,2152,71720,2,1
35861,83,598.6,568.2,2152,71722,2,1
35862,83,598.5,568.3,2152,71724,2,1
35863,83,598.3,567.8,2152,71726,2,1
35864,83,598.1,567.2,2153,71728,2,1
35865,83,597.9,566.6,2153,71730,2,1
35866,83,597.7,565.9,2153,71732,2,1
35867,83,597.5,565.2,2153,71734,2,1
35868,83,597.5,564.9,2153,71736,2,1
35869,83,597.7,564.6,2153,71738,2,1
35870,83,597.9,564.5,2153,71740,2,1
35871,83,598.3,564.8,2153,71742,2,1
35872,83,598.4,565.6,2153,71744,2,1
35873,83,598.5,566.4,2153,71746,2,1
35874,83,598.6,567.2,2153,71748,2,1
35875,83,598.6,568.2,2153,71750,2,1
35876,83,598.5,569.3,2153,71752,2,1
35877,83,598.5,570.4,2153,71754,2,1
35878,83,598.6,571,2153,71756,2,1
35879,83,598.6,571,2153,71758,2,1
35880,83,598.6,571.1,2154,71760,2,1
35881,83,598.7,570.9,2154,71762,2,1
35882,83,598.9,570.4,2154,71764,2,1
35883,83,599.4,569.8,2154,71766,2,1
35884,83,599.9,569.1,2154,71768,2,1
35885,83,600.4,568.7,2154,71770,2,1
35886,83,600.9,568.5,2154,71772,2,1
35887,83,601.1,567.8,2154,71774,2,1
35888,83,601.1,567.2,2154,71776,2,1
35889,83,600.9,566.8,2154,71778,2,1
35890,83,600.4,566.9,2154,71780,2,1
35891,83,600,567.1,2154,71782,2,1
35892,83,599.7,567.2,2154,71784,2,1
35893,83,599.4,567.3,2154,71786,2,1
35894,83,599.4,568.1,2154,71788,2,1
35895,83,599.6,568.9,2154,71790,2,1
35896,83,599.7,569.7,2154,71792,2,1
35897,83,599.8,570,2155,71794,2,1
35898,83,599.8,570.3,2155,71796,2,1
35899,83,599.9,570.6,2155,71798,2,1
35900,83,600.1,570.8,2155,71800,2,1
35901,83,601.1,570.8,2155,71802,2,1
35902,83,602,570.6,2155,71804,2,1
35903,83,602.8,570.4,2155,71806,2,1
35904,83,603.4,570,2155,71808,2,1
35905,83,603.2,569.4,2155,71810,2,1
35906,83,602.8,568.7,2155,71812,2,1
35907,83,602.4,568,2155,71814,2,1
35908,83,601,567.3,2155,71816,2,1
35909,83,599.8,566.7,2155,71818,2,1
35910,83,598.6,566,2155,71820,2,1
35911,83,598.2,565.6,2155,71822,2,1
35912,83,598.7,565.5,2155,71824,2,1
35913,83,599.2,565.6,2155,71826,2,1
35914,83,599.9,566.6,2156,71828,2,1
35915,83,600.7,567.6,2156,71830,2,1
35916,83,601.5,568.7,2156,71832,2,1
35917,83,602.6,569.7,2156,71834,2,1
35918,83,603.1,570.7,2156,71836,2,1
35919,83,603.5,571.5,2156,71838,2,1
35920,83,603.8,572,2156,71840,2,1
35921,83,604,571.5,2156,71842,2,1
35922,83,604.2,571.1,2156,71844,2,1
35923,83,604.3,570.3,2156,71846,2,1
35924,83,604.3,569,2156,71848,2,1
35925,83,604.3,567.7,2156,71850,2,1
35926,83,604.4,566.6,2156,71852,2,1
35927,83,604.5,565.7,2156,71854,2,1
35928,83,604.5,564.9,2156,71856,2,1
35929,83,604.2,564.3,2156,71858,2,1
35930,83,603.2,564,2157,71860,2,1
35931,83,602.2,564.6,2157,71862,2,1
35932,83,601.1,565.4,2157,71864,2,1
35933,83,600,566.2,2157,71866,2,1
35934,83,599,567,2157,71868,2,1
35935,83,598.2,567.8,2157,71870,2,1
35936,83,597.7,568.4,2157,71872,2,1
35937,83,597.8,568.8,2157,71874,2,1
35938,83,598.1,568.9,2157,71876,2,1
35939,83,598.6,569.1,2157,71878,2,1
35940,83,599.1,569.5,2157,71880,2,1
35941,83,600,570,2157,71882,2,1
35942,83,600.9,570.5,2157,71884,2,1
35943,83,601.8,571,2157,71886,2,1
35944,83,602.7,571.6,2157,71888,2,1
35945,83,603.5,572.2,2157,71890,2,1
35946,83,604,572.3,2157,71892,2,1
35947,83,604.6,572.6,2158,71894,2,1
35948,83,604.7,572.7,2158,71896,2,1
35949,83,604.8,572.8,2158,71898,2,1
35950,83,604.8,572.9,2158,71900,2,1
35951,83,604.8,572.8,2158,71902,2,1
35952,83,604.8,572.6,2158,71904,2,1
35953,83,604.8,572.2,2158,71906,2,1
35954,83,604.7,571.7,2158,71908,2,1
35955,83,604.6,570.8,2158,71910,2,1
35956,83,604.3,569.8,2158,71912,2,1
35957,83,603.6,568.9,2158,71914,2,1
35958,83,602.9,568.2,2158,71916,2,1
35959,83,602.2,567.3,2158,71918,2,1
35960,83,601.4,566.8,2158,71920,2,1
35961,83,600.6,566.2,2158,71922,2,1
35962,83,599.7,566.2,2158,71924,2,1
35963,83,599.1,566.3,2158,71926,2,1
35964,83,598.7,566.1,2159,71928,2,1
35965,83,598.5,565.8,2159,71930,2,1
35966,83,598.3,565.6,2159,71932,2,1
35967,83,598.1,565.5,2159,71934,2,1
35968,83,598,565.5,2159,71936,2,1
35969,83,598,565.5,2159,71938,2,1
35970,83,598,565.4,2159,71940,2,1
35971,83,598,565.3,2159,71942,2,1
35972,83,597.9,565.1,2159,71944,2,1
35973,83,597.9,564.9,2159,71946,2,1
35974,83,598,564.5,2159,71948,2,1
35975,83,598,564.2,2159,71950,2,1
35976,83,598,563.9,2159,71952,2,1
35977,83,598.1,564,2159,71954,2,1
35978,83,598.1,564.2,2159,71956,2,1
35979,83,598.1,564.5,2159,71958,2,1
35980,83,598.1,564.9,2160,71960,2,1
35981,83,598.1,565.7,2160,71962,2,1
35982,83,598,566.4,2160,71964,2,1
35983,83,597.8,567,2160,71966,2,1
35984,83,597.5,567.9,2160,71968,2,1
35985,83,596.9,569,2160,71970,2,1
35986,83,596.3,570.1,2160,71972,2,1
35987,83,595.8,571.3,2160,71974,2,1
35988,83,594.9,572.1,2160,71976,2,1
35989,83,594.1,572.8,2160,71978,2,1
35990,83,593.2,573.4,2160,71980,2,1
35991,83,592.5,573,2160,71982,2,1
35992,83,592,572.6,2160,71984,2,1
35993,83,591.5,572.2,2160,71986,2,1
35994,83,591.1,571.9,2160,71988,2,1
35995,83,591.1,571.6,2160,71990,2,1
35996,83,591.1,571.3,2160,71992,2,1
35997,83,591,571.1,2161,71994,2,1
35998,83,591.2,571.2,2161,71996,2,1
35999,83,591.4,571.2,2161,71998,2,1
36000,83,591.8,571.2,2161,72000,2,1
36001,83,592.5,571,2161,72002,2,1
36002,83,593.2,570.8,2161,72004,2,1
36003,83,594,570.7,2161,72006,2,1
36004,83,594.8,570.4,2161,72008,2,1
36005,83,595.6,569.9,2161,72010,2,1
36006,83,596.3,569.5,2161,72012,2,1
36007,83,596.7,569,2161,72014,2,1
36008,83,596.6,568.5,2161,72016,2,1
36009,83,596.5,567.9,2161,72018,2,1
36010,83,596.3,567.4,2161,72020,2,1
36011,83,596,567.1,2161,72022,2,1
36012,83,595.5,567,2161,72024,2,1
36013,83,595,567,2161,72026,2,1
36014,83,594.6,567.3,2162,72028,2,1
36015,83,594.2,567.7,2162,72030,2,1
36016,83,593.8,568,2162,72032,2,1
36017,83,593.4,568.4,2162,72034,2,1
36018,83,593,568.6,2162,72036,2,1
36019,83,592.8,568.7,2162,72038,2,1
36020,83,592.6,568.6,2162,72040,2,1
36021,83,592.4,568.3,2162,72042,2,1
36022,83,592.3,568,2162,72044,2,1
36023,83,592.2,567.9,2162,72046,2,1
36024,83,592.2,567.9,2162,72048,2,1
36025,83,592.3,567.9,2162,72050,2,1
36026,83,592.4,567.9,2162,72052,2,1
36027,83,592.5,567.9,2162,72054,2,1
36028,83,593.3,567.8,2162,72056,2,1
36029,83,594.1,567.6,2162,72058,2,1
36030,83,594.8,567.5,2163,72060,2,1
36031,83,595.6,567.3,2163,72062,2,1
36032,83,596.3,567.2,2163,72064,2,1
36033,83,597,567.1,2163,72066,2,1
36034,83,597.7,567.1,2163,72068,2,1
36035,83,597.7,567.2,2163,72070,2,1
36036,83,597.7,567.2,2163,72072,2,1
36037,83,597.6,567.1,2163,72074,2,1
36038,83,597.4,567.1,2163,72076,2,1
36039,83,597.2,567,2163,72078,2,1
36040,83,597,566.9,2163,72080,2,1
36041,83,596.7,566.9,2163,72082,2,1
36042,83,596.3,566.9,2163,72084,2,1
36043,83,595.9,567,2163,72086,2,1
36044,83,595.5,567.2,2163,72088,2,1
36045,83,595,567.5,2163,72090,2,1
36046,83,594.4,567.7,2163,72092,2,1
36047,83,593.8,567.9,2164,72094,2,1
36048,83,593.3,568,2164,72096,2,1
36049,83,592.6,568.1,2164,72098,2,1
36050,83,592,567.9,2164,72100,2,1
36051,83,591.4,567.7,2164,72102,2,1
36052,83,590.9,567.6,2164,72104,2,1
36053,83,590.5,567.5,2164,72106,2,1
36054,83,590.3,567.5,2164,72108,2,1
36055,83,590.4,567.3,2164,72110,2,1
36056,83,590.8,567.2,2164,72112,2,1
36057,83,591.1,567,2164,72114,2,1
36058,83,591.5,566.7,2164,72116,2,1
36059,83,591.9,566.4,2164,72118,2,1
36060,83,592.3,566,2164,72120,2,1
36061,83,592.7,565.4,2164,72122,2,1
36062,83,593.1,564.8,2164,72124,2,1
36063,83,593.5,564.1,2164,72126,2,1
36064,83,593.8,563.5,2165,72128,2,1
36065,83,594,563,2165,72130,2,1
36066,83,594.2,562.4,2165,72132,2,1
36067,83,594.4,561.9,2165,72134,2,1
36068,83,594.3,561.6,2165,72136,2,1
36069,83,593.8,561.4,2165,72138,2,1
36070,83,593.5,561.5,2165,72140,2,1
36071,83,593.2,561.6,2165,72142,2,1
36072,83,593,561.8,2165,72144,2,1
36073,83,592.8,562.1,2165,72146,2,1
36074,83,592.6,562.5,2165,72148,2,1
36075,83,592.6,563,2165,72150,2,1
36076,83,592.5,563.5,2165,72152,2,1
36077,83,592.5,563.9,2165,72154,2,1
36078,83,592.4,564.4,2165,72156,2,1
36079,83,592.3,564.8,2165,72158,2,1
36080,83,592.2,565.3,2166,72160,2,1
36081,83,592.2,565.6,2166,72162,2,1
36082,83,592.1,565.8,2166,72164,2,1
36083,83,591.5,565.9,2166,72166,2,1
36084,83,590.9,566.1,2166,72168,2,1
36085,83,590.3,566.4,2166,72170,2,1
36086,83,589.7,566.8,2166,72172,2,1
36087,83,589.3,567.1,2166,72174,2,1
36088,83,589,567.3,2166,72176,2,1
36089,83,588.7,567.6,2166,72178,2,1
36090,83,589,567.9,2166,72180,2,1
36091,83,589.3,568.4,2166,72182,2,1
36092,83,589.6,569.2,2166,72184,2,1
36093,83,589.8,569.9,2166,72186,2,1
36094,83,589.8,570.6,2166,72188,2,1
36095,83,589.7,571.2,2166,72190,2,1
36096,83,589.6,571.6,2166,72192,2,1
36097,83,589.6,571.9,2167,72194,2,1
36098,83,589.7,571.8,2167,72196,2,1
36099,83,589.9,571.3,2167,72198,2,1
36100,83,590.3,570.9,2167,72200,2,1
36101,83,590.6,570.3,2167,72202,2,1
36102,83,590.9,569.8,2167,72204,2,1
36103,83,591,569.5,2167,72206,2,1
36104,83,591.1,569.2,2167,72208,2,1
36105,83,591,569.2,2167,72210,2,1
36106,83,590.7,569.3,2167,72212,2,1
36107,83,590.4,569.4,2167,72214,2,1
36108,83,590.1,569.4,2167,72216,2,1
36109,83,589.8,569.6,2167,72218,2,1
36110,83,589.7,569.7,2167,72220,2,1
36111,83,589.6,569.8,2167,72222,2,1
36112,83,589.4,569.9,2167,72224,2,1
36113,83,589.3,570,2167,72226,2,1
36114,83,589.1,570.1,2168,72228,2,1
36115,83,588.9,570.2,2168,72230,2,1
36116,83,588.6,570.2,2168,72232,2,1
36117,83,588.4,570.1,2168,72234,2,1
36118,83,588.2,570,2168,72236,2,1
36119,83,588,569.8,2168,72238,2,1
36120,83,587.9,569.6,2168,72240,2,1
36121,83,587.8,569.4,2168,72242,2,1
36122,83,587.8,569.2,2168,72244,2,1
36123,83,587.9,568.9,2168,72246,2,1
36124,83,587.9,568.7,2168,72248,2,1
36125,83,588,568.4,2168,72250,2,1
36126,83,588.2,568.2,2168,72252,2,1
36127,83,588.4,568.1,2168,72254,2,1
36128,83,588.7,568.3,2168,72256,2,1
36129,83,588.9,568.4,2168,72258,2,1
36130,83,589,568.6,2169,72260,2,1
36131,83,588.9,568.8,2169,72262,2,1
36132,83,588.7,569,2169,72264,2,1
36133,83,588.4,569.1,2169,72266,2,1
36134,83,588.2,569.2,2169,72268,2,1
36135,83,588.1,569.2,2169,72270,2,1
36136,83,587.9,569.1,2169,72272,2,1
36137,83,587.8,569,2169,72274,2,1
36138,83,588,568.9,2169,72276,2,1
36139,83,588.1,568.8,2169,72278,2,1
36140,83,588.2,568.1,2169,72280,2,1
36141,83,588.1,567.4,2169,72282,2,1
36142,83,588,566.4,2169,72284,2,1
36143,83,587.8,565.5,2169,72286,2,1
36144,83,587.6,564.5,2169,72288,2,1
36145,83,587.4,563.5,2169,72290,2,1
36146,83,587.2,562.5,2169,72292,2,1
36147,83,587.1,562.2,2170,72294,2,1
36148,83,587.1,561.9,2170,72296,2,1
36149,83,587.2,561.9,2170,72298,2,1
36150,83,587.3,561.9,2170,72300,2,1
36151,83,587.4,561.9,2170,72302,2,1
36152,83,587.4,562,2170,72304,2,1
36153,83,587.4,562.2,2170,72306,2,1
36154,83,587.5,562.7,2170,72308,2,1
36155,83,587.4,563.3,2170,72310,2,1
36156,83,587.3,563.9,2170,72312,2,1
36157,83,587.1,565.3,2170,72314,2,1
36158,83,587,566.7,2170,72316,2,1
36159,83,586.9,568.1,2170,72318,2,1
36160,83,586.8,569.3,2170,72320,2,1
36161,83,586.4,570.1,2170,72322,2,1
36162,83,585.5,570.8,2170,72324,2,1
36163,83,584.6,571.2,2170,72326,2,1
36164,83,583.7,570.4,2171,72328,2,1
36165,83,582.8,569.7,2171,72330,2,1
36166,83,582,568.7,2171,72332,2,1
36167,83,581.2,567.7,2171,72334,2,1
36168,83,580.9,566.5,2171,72336,2,1
36169,83,581,565.4,2171,72338,2,1
36170,83,581.2,564.4,2171,72340,2,1
36171,83,581.3,563.9,2171,72342,2,1
36172,83,581.4,563.4,2171,72344,2,1
36173,83,581.4,563,2171,72346,2,1
36174,83,581.4,563,2171,72348,2,1
36175,83,581.3,563.3,2171,72350,2,1
36176,83,581.2,563.7,2171,72352,2,1
36177,83,581.2,564.3,2171,72354,2,1
36178,83,581.2,564.9,2171,72356,2,1
36179,83,581.2,565.5,2171,72358,2,1
36180,83,581.3,566.2,2172,72360,2,1
36181,83,581.3,566.7,2172,72362,2,1
36182,83,581.2,567.2,2172,72364,2,1
36183,83,581.1,567.6,2172,72366,2,1
36184,83,580.9,567.7,2172,72368,2,1
36185,83,580.7,567.9,2172,72370,2,1
36186,83,580.6,567.9,2172,72372,2,1
36187,83,580.6,567.7,2172,72374,2,1
36188,83,580.5,567.5,2172,72376,2,1
36189,83,580.5,566.8,2172,72378,2,1
36190,83,580.4,566,2172,72380,2,1
36191,83,580.3,565.1,2172,72382,2,1
36192,83,580.2,564.1,2172,72384,2,1
36193,83,580.1,563.4,2172,72386,2,1
36194,83,580.1,562.7,2172,72388,2,1
36195,83,580.1,562.1,2172,72390,2,1
36196,83,580.1,562,2172,72392,2,1
36197,83,580.2,561.9,2173,72394,2,1
36198,83,580.4,561.9,2173,72396,2,1
36199,83,580.5,562,2173,72398,2,1
36200,83,580.5,562,2173,72400,2,1
36201,83,580.6,561.9,2173,72402,2,1
36202,83,580.7,561.8,2173,72404,2,1
36203,83,580.8,561.8,2173,72406,2,1
36204,83,581,561.7,2173,72408,2,1
36205,83,581.2,561.7,2173,72410,2,1
36206,83,581.3,561.7,2173,72412,2,1
36207,83,581.5,561.8,2173,72414,2,1
36208,83,581.7,561.9,2173,72416,2,1
36209,83,581.8,562,2173,72418,2,1
36210,83,582.1,562.1,2173,72420,2,1
36211,83,582.4,562.3,2173,72422,2,1
36212,83,582.6,562.4,2173,72424,2,1
36213,83,582.9,562.5,2173,72426,2,1
36214,83,583.1,562.6,2174,72428,2,1
36215,83,583.4,562.8,2174,72430,2,1
36216,83,583.7,563.1,2174,72432,2,1
36217,83,583.8,563.5,2174,72434,2,1
36218,83,584,563.9,2174,72436,2,1
36219,83,584.1,564.2,2174,72438,2,1
36220,83,584.3,564.5,2174,72440,2,1
36221,83,584.4,564.7,2174,72442,2,1
36222,83,584.3,564.9,2174,72444,2,1
36223,83,584.3,564.9,2174,72446,2,1
36224,83,584.3,565,2174,72448,2,1
36225,83,584.3,565.2,2174,72450,2,1
36226,83,584.3,565.5,2174,72452,2,1
36227,83,584.2,565.7,2174,72454,2,1
36228,83,584.1,566,2174,72456,2,1
36229,83,584,566,2174,72458,2,1
36230,83,583.9,565.9,2175,72460,2,1
36231,83,583.8,565.9,2175,72462,2,1
36232,83,583.7,565.8,2175,72464,2,1
36233,83,583.5,565.7,2175,72466,2,1
36234,83,583.3,565.5,2175,72468,2,1
36235,83,583.1,565.3,2175,72470,2,1
36236,83,583,565.2,2175,72472,2,1
36237,83,582.9,565,2175,72474,2,1
36238,83,582.9,564.7,2175,72476,2,1
36239,83,582.9,564.4,2175,72478,2,1
36240,83,582.9,563.9,2175,72480,2,1
36241,83,583,563.5,2175,72482,2,1
36242,83,583,563.1,2175,72484,2,1
36243,83,582.9,562.8,2175,72486,2,1
36244,83,582.8,562.6,2175,72488,2,1
36245,83,582.6,562.2,2175,72490,2,1
36246,83,582.4,561.8,2175,72492,2,1
36247,83,582.7,561.5,2176,72494,2,1
36248,83,583,561.3,2176,72496,2,1
36249,83,583.3,561.2,2176,72498,2,1
36250,83,583.8,561.1,2176,72500,2,1
36251,83,584.2,560.9,2176,72502,2,1
36252,83,584.4,560.9,2176,72504,2,1
36253,83,584.3,560.8,2176,72506,2,1
36254,83,583.8,560.8,2176,72508,2,1
36255,83,583.3,560.9,2176,72510,2,1
36256,83,582.8,561,2176,72512,2,1
36257,83,582.4,561.1,2176,72514,2,1
36258,83,582,561.2,2176,72516,2,1
36259,83,581.8,561.5,2176,72518,2,1
36260,83,581.8,561.7,2176,72520,2,1
36261,83,581.7,561.7,2176,72522,2,1
36262,83,581.5,561.7,2176,72524,2,1
36263,83,581.2,561.8,2176,72526,2,1
36264,83,580.8,561.8,2177,72528,2,1
36265,83,580.4,561.8,2177,72530,2,1
36266,83,580,561.9,2177,72532,2,1
36267,83,579.6,561.8,2177,72534,2,1
36268,83,579.3,561.8,2177,72536,2,1
36269,83,579.1,561.8,2177,72538,2,1
36270,83,578.8,561.6,2177,72540,2,1
36271,83,578.6,561.6,2177,72542,2,1
36272,83,577.3,561.6,2177,72544,2,1
36273,83,575.9,561.7,2177,72546,2,1
36274,83,574.4,561.8,2177,72548,2,1
36275,83,572.8,561.9,2177,72550,2,1
36276,83,571.3,561.9,2177,72552,2,1
36277,83,569.9,561.5,2177,72554,2,1
36278,83,568.5,561.1,2177,72556,2,1
36279,83,568.4,560.7,2177,72558,2,1
36280,83,568.6,560.5,2177,72560,2,1
36281,83,569.1,560.2,2178,72562,2,1
36282,83,569.8,560.1,2178,72564,2,1
36283,83,570.4,560.1,2178,72566,2,1
36284,83,571.1,560.5,2178,72568,2,1
36285,83,571.6,560.9,2178,72570,2,1
36286,83,572,561.3,2178,72572,2,1
36287,83,572.3,561.5,2178,72574,2,1
36288,83,572.3,561.7,2178,72576,2,1
36289,83,572.1,561.5,2178,72578,2,1
36290,83,571,561.2,2178,72580,2,1
36291,83,567.2,561.1,2178,72582,2,1
36292,83,561.7,560.9,2178,72584,2,1
36293,83,553.4,561,2178,72586,2,1
36294,83,542.8,560.9,2178,72588,2,1
36295,83,529,561.1,2178,72590,2,1
36296,83,512.5,561.8,2178,72592,2,1
36297,83,494.5,561.5,2179,72594,2,1
36298,83,476.3,561,2179,72596,2,1
36299,83,456.5,560.8,2179,72598,2,1
36300,83,437.8,560.7,2179,72600,2,1
36301,83,419.5,561.6,2179,72602,2,1
36302,83,402.3,562.4,2179,72604,2,1
36303,83,386.4,563.2,2179,72606,2,1
36304,83,372,564.9,2179,72608,2,1
36305,83,359.8,566.3,2179,72610,2,1
36306,83,350.7,566.8,2179,72612,2,1
36307,83,343.3,566.7,2179,72614,2,1
36308,83,337.9,565.9,2179,72616,2,1
36309,83,334.5,565,2179,72618,2,1
36310,83,332.7,564,2179,72620,2,1
36311,83,332,563.1,2179,72622,2,1
36312,83,331.8,562.4,2179,72624,2,1
36313,83,331.5,562.2,2179,72626,2,1
36314,83,330.8,562.3,2180,72628,2,1
36315,83,330.3,562.6,2180,72630,2,1
36316,83,329.7,562.9,2180,72632,2,1
36317,83,329.2,563.3,2180,72634,2,1
36318,83,328.7,563.8,2180,72636,2,1
36319,83,328.2,564.3,2180,72638,2,1
36320,83,327.7,564.6,2180,72640,2,1
36321,83,327.8,564.7,2180,72642,2,1
36322,83,327.9,564.7,2180,72644,2,1
36323,83,328,564.3,2180,72646,2,1
36324,83,328,563.9,2180,72648,2,1
36325,83,327.7,563.5,2180,72650,2,1
36326,83,327.2,563.2,2180,72652,2,1
36327,83,326.8,563,2180,72654,2,1
36328,83,326.2,562.9,2180,72656,2,1
36329,83,325.7,562.9,2180,72658,2,1
36330,83,325.3,563.3,2181,72660,2,1
36331,83,325.4,563.8,2181,72662,2,1
36332,83,326.2,564,2181,72664,2,1
36333,83,327.2,564.1,2181,72666,2,1
36334,83,328.2,564.1,2181,72668,2,1
36335,83,329.3,564.2,2181,72670,2,1
36336,83,330.4,564.3,2181,72672,2,1
36337,83,331.3,564.3,2181,72674,2,1
36338,83,331.8,564,2181,72676,2,1
36339,83,331.7,563.7,2181,72678,2,1
36340,83,331.5,563.4,2181,72680,2,1
36341,83,331.3,563.1,2181,72682,2,1
36342,83,330.4,562.9,2181,72684,2,1
36343,83,329.6,562.7,2181,72686,2,1
36344,83,329,562.7,2181,72688,2,1
36345,83,328.4,563,2181,72690,2,1
36346,83,328,563.2,2181,72692,2,1
36347,83,327.9,563.3,2182,72694,2,1
36348,83,327.7,563.4,2182,72696,2,1
36349,83,328.6,563.4,2182,72698,2,1
36350,83,329.5,563.5,2182,72700,2,1
36351,83,330.3,563.6,2182,72702,2,1
36352,83,331.2,563.7,2182,72704,2,1
36353,83,331.4,564,2182,72706,2,1
36354,83,331.5,564.3,2182,72708,2,1
36355,83,331,564.7,2182,72710,2,1
36356,83,330,565.1,2182,72712,2,1
36357,83,329,565.3,2182,72714,2,1
36358,83,328.1,565.5,2182,72716,2,1
36359,83,327.2,565.9,2182,72718,2,1
36360,83,326.7,565.9,2182,72720,2,1
36361,83,326.1,565.9,2182,72722,2,1
36362,83,326,566.3,2182,72724,2,1
36363,83,326.1,566.7,2182,72726,2,1
36364,83,326.1,567.5,2183,72728,2,1
36365,83,326.1,568.5,2183,72730,2,1
36366,83,326.1,569.4,2183,72732,2,1
36367,83,326.5,570.4,2183,72734,2,1
36368,83,327,571.4,2183,72736,2,1
36369,83,327.4,572,2183,72738,2,1
36370,83,327.8,572.4,2183,72740,2,1
36371,83,328.2,572.5,2183,72742,2,1
36372,83,328.4,572.1,2183,72744,2,1
36373,83,328.6,571.6,2183,72746,2,1
36374,83,328,570.9,2183,72748,2,1
36375,83,327.4,570,2183,72750,2,1
36376,83,326.7,568.8,2183,72752,2,1
36377,83,325.9,567.8,2183,72754,2,1
36378,83,325.2,566.8,2183,72756,2,1
36379,83,324.6,566.2,2183,72758,2,1
36380,83,323.8,565.5,2183,72760,2,1
36381,83,323.3,565,2184,72762,2,1
36382,83,322.8,564.8,2184,72764,2,1
36383,83,322.5,565.2,2184,72766,2,1
36384,83,322.2,565.7,2184,72768,2,1
36385,83,322.1,566.2,2184,72770,2,1
36386,83,322.3,566.7,2184,72772,2,1
36387,83,322.8,567.2,2184,72774,2,1
36388,83,323.4,567.9,2184,72776,2,1
36389,83,323.9,568.5,2184,72778,2,1
36390,83,324.4,569.1,2184,72780,2,1
36391,83,325.3,569.7,2184,72782,2,1
36392,83,326,570.5,2184,72784,2,1
36393,83,326.6,571.3,2184,72786,2,1
36394,83,326.6,572.2,2184,72788,2,1
36395,83,326.7,572.9,2184,72790,2,1
36396,83,326.1,573.7,2184,72792,2,1
36397,83,325.5,574.2,2185,72794,2,1
36398,83,324.5,574.6,2185,72796,2,1
36399,83,323.5,574.9,2185,72798,2,1
36400,83,322.4,575,2185,72800,2,1
36401,83,321.6,575,2185,72802,2,1
36402,83,320.7,574.9,2185,72804,2,1
36403,83,320.5,574.7,2185,72806,2,1
36404,83,320.1,574.5,2185,72808,2,1
36405,83,319.7,574.4,2185,72810,2,1
36406,83,319.1,574,2185,72812,2,1
36407,83,318.7,573.6,2185,72814,2,1
36408,83,318,572.9,2185,72816,2,1
36409,83,317.4,572.2,2185,72818,2,1
36410,83,316.8,571.5,2185,72820,2,1
36411,83,316.5,570.9,2185,72822,2,1
36412,83,316.2,570.4,2185,72824,2,1
36413,83,315.9,570.2,2185,72826,2,1
36414,83,316.4,570.1,2186,72828,2,1
36415,83,317.1,570.4,2186,72830,2,1
36416,83,317.8,570.8,2186,72832,2,1
36417,83,318.5,571.4,2186,72834,2,1
36418,83,319.2,572.1,2186,72836,2,1
36419,83,319.8,573.1,2186,72838,2,1
36420,83,320.4,573.9,2186,72840,2,1
36421,83,320.2,574.8,2186,72842,2,1
36422,83,320,575.7,2186,72844,2,1
36423,83,319.9,576.5,2186,72846,2,1
36424,83,319.9,577.2,2186,72848,2,1
36425,83,319.9,577.9,2186,72850,2,1
36426,83,319.9,578.1,2186,72852,2,1
36427,83,319.9,578.3,2186,72854,2,1
36428,83,319.8,578.2,2186,72856,2,1
36429,83,319.5,578,2186,72858,2,1
36430,83,319.2,577.8,2187,72860,2,1
36431,83,318.8,577.4,2187,72862,2,1
36432,83,318.5,577,2187,72864,2,1
36433,83,318.2,576.5,2187,72866,2,1
36434,83,317.9,576,2187,72868,2,1
36435,83,317.5,575.6,2187,72870,2,1
36436,83,316.9,575.2,2187,72872,2,1
36437,83,316.3,574.8,2187,72874,2,1
36438,83,315.7,574.6,2187,72876,2,1
36439,83,315,574.3,2187,72878,2,1
36440,83,314.4,574,2187,72880,2,1
36441,83,313.8,573.9,2187,72882,2,1
36442,83,313.3,573.8,2187,72884,2,1
36443,83,313.4,573.9,2187,72886,2,1
36444,83,313.8,574.2,2187,72888,2,1
36445,83,314.3,575,2187,72890,2,1
36446,83,314.9,576,2187,72892,2,1
36447,83,315.6,577.1,2188,72894,2,1
36448,83,316.3,578.1,2188,72896,2,1
36449,83,317,579.1,2188,72898,2,1
36450,83,317.5,580,2188,72900,2,1
36451,83,317.6,580.8,2188,72902,2,1
36452,83,317.8,581,2188,72904,2,1
36453,83,318,581,2188,72906,2,1
36454,83,318.1,581,2188,72908,2,1
36455,83,318.2,581.2,2188,72910,2,1
36456,83,318.2,581.4,2188,72912,2,1
36457,83,318.3,581.6,2188,72914,2,1
36458,83,318.3,581.9,2188,72916,2,1
36459,83,318.2,582.1,2188,72918,2,1
36460,83,318.2,582.3,2188,72920,2,1
36461,83,318,582.4,2188,72922,2,1
36462,83,317.8,582,2188,72924,2,1
36463,83,317.6,581.6,2188,72926,2,1
36464,83,317.3,581.1,2189,72928,2,1
36465,83,317,580.5,2189,72930,2,1
36466,83,316.6,579.5,2189,72932,2,1
36467,83,315.8,578.6,2189,72934,2,1
36468,83,315.2,577.8,2189,72936,2,1
36469,83,314.6,577.3,2189,72938,2,1
36470,83,314.1,576.6,2189,72940,2,1
36471,83,313.7,575.8,2189,72942,2,1
36472,83,313.3,575,2189,72944,2,1
36473,83,313.2,574.5,2189,72946,2,1
36474,83,313.5,573.9,2189,72948,2,1
36475,83,314.1,573.4,2189,72950,2,1
36476,83,314.8,573,2189,72952,2,1
36477,83,315.5,572.6,2189,72954,2,1
36478,83,316.3,572.6,2189,72956,2,1
36479,83,317.3,572.6,2189,72958,2,1
36480,83,318.1,572.7,2190,72960,2,1
36481,83,318.9,572.8,2190,72962,2,1
36482,83,319.4,573,2190,72964,2,1
36483,83,320,573.3,2190,72966,2,1
36484,83,320.6,573.6,2190,72968,2,1
36485,83,321.2,574.1,2190,72970,2,1
36486,83,321.8,574.6,2190,72972,2,1
36487,83,322.2,575.2,2190,72974,2,1
36488,83,322.4,575.8,2190,72976,2,1
36489,83,322.1,576.4,2190,72978,2,1
36490,83,321.6,577.1,2190,72980,2,1
36491,83,321,577.7,2190,72982,2,1
36492,83,320.5,578.3,2190,72984,2,1
36493,83,319.7,578.8,2190,72986,2,1
36494,83,319.1,579.3,2190,72988,2,1
36495,83,318.5,579.6,2190,72990,2,1
36496,83,318.3,579.8,2190,72992,2,1
36497,83,318.1,579.9,2191,72994,2,1
36498,83,317.9,580.1,2191,72996,2,1
36499,83,317.8,580.2,2191,72998,2,1
36500,83,317.7,580.2,2191,73000,2,1
36501,83,317.5,580.1,2191,73002,2,1
36502,83,317,579.9,2191,73004,2,1
36503,83,316.5,579.1,2191,73006,2,1
36504,83,316,578,2191,73008,2,1
36505,83,315.5,576.9,2191,73010,2,1
36506,83,315.1,575.9,2191,73012,2,1
36507,83,314.7,574.9,2191,73014,2,1
36508,83,315.2,574,2191,73016,2,1
36509,83,317.4,573.1,2191,73018,2,1
36510,83,320.2,572.7,2191,73020,2,1
36511,83,325.8,572.4,2191,73022,2,1
36512,83,333.4,572,2191,73024,2,1
36513,83,343.7,571.1,2191,73026,2,1
36514,83,357,569.8,2192,73028,2,1
36515,83,371.7,568.5,2192,73030,2,1
36516,83,387.4,567,2192,73032,2,1
36517,83,402.9,565.5,2192,73034,2,1
36518,83,417.3,563.9,2192,73036,2,1
36519,83,429.7,562.4,2192,73038,2,1
36520,83,440.3,561.2,2192,73040,2,1
36521,83,449.3,560.5,2192,73042,2,1
36522,83,456.1,560,2192,73044,2,1
36523,83,460.8,559.8,2192,73046,2,1
36524,83,465.5,559.5,2192,73048,2,1
36525,83,468.6,559.5,2192,73050,2,1
36526,83,471.8,559.4,2192,73052,2,1
36527,83,473.9,559,2192,73054,2,1
36528,83,474.7,558.6,2192,73056,2,1
36529,83,475.2,558,2192,73058,2,1
36530,83,475.5,557.5,2193,73060,2,1
36531,83,475.1,557.1,2193,73062,2,1
36532,83,474.8,557,2193,73064,2,1
36533,83,474.5,557,2193,73066,2,1
36534,83,474.2,557.4,2193,73068,2,1
36535,83,474,557.8,2193,73070,2,1
36536,83,473.5,558.4,2193,73072,2,1
36537,83,473.2,558.9,2193,73074,2,1
36538,83,472.9,559.2,2193,73076,2,1
36539,83,472.5,559.2,2193,73078,2,1
36540,83,472.1,559.1,2193,73080,2,1
36541,83,471.7,559,2193,73082,2,1
36542,83,471.9,558.9,2193,73084,2,1
36543,83,472.4,558.6,2193,73086,2,1
36544,83,472.9,558.5,2193,73088,2,1
36545,83,473.5,558.3,2193,73090,2,1
36546,83,474.2,558,2193,73092,2,1
36547,83,475,557.7,2194,73094,2,1
36548,83,475.8,557.5,2194,73096,2,1
36549,83,476.1,557.3,2194,73098,2,1
36550,83,476.4,557.2,2194,73100,2,1
36551,83,476.7,557.1,2194,73102,2,1
36552,83,476.5,557.1,2194,73104,2,1
36553,83,476.2,557.1,2194,73106,2,1
36554,83,475.9,557.1,2194,73108,2,1
36555,83,475.6,557.2,2194,73110,2,1
36556,83,475.3,557.2,2194,73112,2,1
36557,83,475,557.3,2194,73114,2,1
36558,83,474.6,558,2194,73116,2,1
36559,83,475,558.6,2194,73118,2,1
36560,83,475.3,559.1,2194,73120,2,1
36561,83,475.4,559.4,2194,73122,2,1
36562,83,475.5,559.8,2194,73124,2,1
36563,83,475.5,560.2,2194,73126,2,1
36564,83,475.5,560.7,2195,73128,2,1
36565,83,475.6,560.7,2195,73130,2,1
36566,83,475.3,560.8,2195,73132,2,1
36567,83,475.1,561,2195,73134,2,1
36568,83,474.8,561.1,2195,73136,2,1
36569,83,474.5,561.3,2195,73138,2,1
36570,83,473.8,561.5,2195,73140,2,1
36571,83,473.2,561.7,2195,73142,2,1
36572,83,472.6,562,2195,73144,2,1
36573,83,472,562.1,2195,73146,2,1
36574,83,471.7,562.2,2195,73148,2,1
36575,83,471.9,562.4,2195,73150,2,1
36576,83,472.2,562.7,2195,73152,2,1
36577,83,472.9,563,2195,73154,2,1
36578,83,473.6,563.3,2195,73156,2,1
36579,83,474.4,563.5,2195,73158,2,1
36580,83,475.2,563.7,2196,73160,2,1
36581,83,475.7,563.8,2196,73162,2,1
36582,83,476,564,2196,73164,2,1
36583,83,476.4,564.1,2196,73166,2,1
36584,83,476.9,564.2,2196,73168,2,1
36585,83,477.4,564.6,2196,73170,2,1
36586,83,478,565,2196,73172,2,1
36587,83,478.5,565.3,2196,73174,2,1
36588,83,478.9,565.3,2196,73176,2,1
36589,83,479.2,565.2,2196,73178,2,1
36590,83,479.3,565,2196,73180,2,1
36591,83,479.2,564.2,2196,73182,2,1
36592,83,478.9,563.1,2196,73184,2,1
36593,83,478.5,562.1,2196,73186,2,1
36594,83,478.2,561.3,2196,73188,2,1
36595,83,477.9,560.7,2196,73190,2,1
36596,83,477.6,560.2,2196,73192,2,1
36597,83,477.4,559.5,2197,73194,2,1
36598,83,477.2,559.4,2197,73196,2,1
36599,83,477.2,559.2,2197,73198,2,1
36600,83,477.2,559.1,2197,73200,2,1
36601,83,477.2,558.5,2197,73202,2,1
36602,83,477.2,557.9,2197,73204,2,1
36603,83,477.2,557.3,2197,73206,2,1
36604,83,477.1,556.8,2197,73208,2,1
36605,83,476.9,556.5,2197,73210,2,1
36606,83,476.7,556.2,2197,73212,2,1
36607,83,476.4,556,2197,73214,2,1
36608,83,476.2,556.1,2197,73216,2,1
36609,83,475.9,556.2,2197,73218,2,1
36610,83,475.7,556.3,2197,73220,2,1
36611,83,475.6,556.5,2197,73222,2,1
36612,83,475.5,556.9,2197,73224,2,1
36613,83,475.4,557.4,2197,73226,2,1
36614,83,475.2,557.8,2198,73228,2,1
36615,83,475.1,558.2,2198,73230,2,1
36616,83,474.9,559.3,2198,73232,2,1
36617,83,474.8,560.5,2198,73234,2,1
36618,83,474.7,561.5,2198,73236,2,1
36619,83,474.6,562.4,2198,73238,2,1
36620,83,474.6,563.3,2198,73240,2,1
36621,83,474.5,564.1,2198,73242,2,1
36622,83,474.5,564.9,2198,73244,2,1
36623,83,474.5,564.8,2198,73246,2,1
36624,83,474.5,564.8,2198,73248,2,1
36625,83,474.5,564.5,2198,73250,2,1
36626,83,474.5,564,2198,73252,2,1
36627,83,474.5,563.6,2198,73254,2,1
36628,83,474.5,563.5,2198,73256,2,1
36629,83,474.6,563.3,2198,73258,2,1
36630,83,474.6,563,2198,73260,2,1
36631,83,474.6,562.5,2199,73262,2,1
36632,83,474.6,562.1,2199,73264,2,1
36633,83,474.6,561.6,2199,73266,2,1
36634,83,474.6,561.1,2199,73268,2,1
36635,83,474.7,560.3,2199,73270,2,1
36636,83,474.8,559.6,2199,73272,2,1
36637,83,474.8,559,2199,73274,2,1
36638,83,474.8,558.7,2199,73276,2,1
36639,83,474.7,558.7,2199,73278,2,1
36640,83,474.5,558.8,2199,73280,2,1
36641,83,474.3,558.9,2199,73282,2,1
36642,83,474.2,559,2199,73284,2,1
36643,83,474.1,559.1,2199,73286,2,1
36644,83,474,559.1,2199,73288,2,1
36645,83,474.1,559,2199,73290,2,1
36646,83,474.2,558.5,2199,73292,2,1
36647,83,474.6,557.8,2200,73294,2,1
36648,83,474.9,557.1,2200,73296,2,1
36649,83,475.2,556.4,2200,73298,2,1
36650,83,475.4,555.5,2200,73300,2,1
36651,83,475.6,554.8,2200,73302,2,1
36652,83,475.9,554,2200,73304,2,1
36653,83,476.2,553.7,2200,73306,2,1
36654,83,476.3,553.4,2200,73308,2,1
36655,83,476.4,553.3,2200,73310,2,1
36656,83,476.7,553.1,2200,73312,2,1
36657,83,477,553.2,2200,73314,2,1
36658,83,477.3,553.3,2200,73316,2,1
36659,83,477.3,553.4,2200,73318,2,1
36660,83,477.2,553.6,2200,73320,2,1
36661,83,477,553.9,2200,73322,2,1
36662,83,476.8,554.5,2200,73324,2,1
36663,83,476.4,555.1,2200,73326,2,1
36664,83,475.9,555.9,2201,73328,2,1
36665,83,475.4,556.7,2201,73330,2,1
36666,83,475.2,557.9,2201,73332,2,1
36667,83,474.9,558.9,2201,73334,2,1
36668,83,474.4,559.9,2201,73336,2,1
36669,83,473.8,560.5,2201,73338,2,1
36670,83,473.3,561.1,2201,73340,2,1
36671,83,472.9,561.4,2201,73342,2,1
36672,83,472.7,561.7,2201,73344,2,1
36673,83,472.5,561.7,2201,73346,2,1
36674,83,472.5,561.6,2201,73348,2,1
36675,83,472.5,561.5,2201,73350,2,1
36676,83,472.7,561.4,2201,73352,2,1
36677,83,472.8,561.4,2201,73354,2,1
36678,83,472.8,561.5,2201,73356,2,1
36679,83,472.6,561.7,2201,73358,2,1
36680,83,472.5,561.9,2201,73360,2,1
36681,83,472.4,562.1,2202,73362,2,1
36682,83,472.3,562.3,2202,73364,2,1
36683,83,472.3,562.5,2202,73366,2,1
36684,83,472.3,562.6,2202,73368,2,1
36685,83,472.4,562.5,2202,73370,2,1
36686,83,472.5,562.3,2202,73372,2,1
36687,83,472.6,562.1,2202,73374,2,1
36688,83,472.7,561.1,2202,73376,2,1
36689,83,472.6,560.1,2202,73378,2,1
36690,83,472.4,559.1,2202,73380,2,1
36691,83,471.4,558.3,2202,73382,2,1
36692,83,469.8,557.7,2202,73384,2,1
36693,83,467.7,557.3,2202,73386,2,1
36694,83,464.9,557.1,2202,73388,2,1
36695,83,460.9,558.3,2202,73390,2,1
36696,83,454.9,560.2,2202,73392,2,1
36697,83,447.4,564.6,2203,73394,2,1
36698,83,439.3,569.9,2203,73396,2,1
36699,83,430.2,576.6,2203,73398,2,1
36700,83,419.2,583.6,2203,73400,2,1
36701,83,408.5,591.7,2203,73402,2,1
36702,83,398,599.4,2203,73404,2,1
36703,83,389.4,606.4,2203,73406,2,1
36704,83,382.4,610.7,2203,73408,2,1
36705,83,376.7,614,2203,73410,2,1
36706,83,372.9,615.3,2203,73412,2,1
36707,83,371.5,615.4,2203,73414,2,1
36708,83,371.5,614,2203,73416,2,1
36709,83,372.8,612.3,2203,73418,2,1
36710,83,374.1,610.6,2203,73420,2,1
36711,83,375.5,609,2203,73422,2,1
36712,83,376.9,607.9,2203,73424,2,1
36713,83,377.7,607.1,2203,73426,2,1
36714,83,378.2,607.2,2204,73428,2,1
36715,83,377.9,607.7,2204,73430,2,1
36716,83,377.3,609.2,2204,73432,2,1
36717,83,376.5,610.8,2204,73434,2,1
36718,83,375.7,612.3,2204,73436,2,1
36719,83,374.8,613.3,2204,73438,2,1
36720,83,374.4,614.7,2204,73440,2,1
36721,83,373.9,616,2204,73442,2,1
36722,83,373.4,617.4,2204,73444,2,1
36723,83,373,618.2,2204,73446,2,1
36724,83,372.5,619,2204,73448,2,1
36725,83,372.1,619.9,2204,73450,2,1
36726,83,371.8,620.7,2204,73452,2,1
36727,83,371.6,621.1,2204,73454,2,1
36728,83,371.4,621.4,2204,73456,2,1
36729,83,371.4,621.5,2204,73458,2,1
36730,83,371.4,621.4,2204,73460,2,1
36731,83,371.7,621.1,2205,73462,2,1
36732,83,371.9,620.7,2205,73464,2,1
36733,83,372.3,620,2205,73466,2,1
36734,83,372.4,619.1,2205,73468,2,1
36735,83,372.4,618,2205,73470,2,1
36736,83,372.2,617.2,2205,73472,2,1
36737,83,372.1,616.2,2205,73474,2,1
36738,83,371.8,615.1,2205,73476,2,1
36739,83,371.6,614,2205,73478,2,1
36740,83,371.4,613.3,2205,73480,2,1
36741,83,371.1,613.4,2205,73482,2,1
36742,83,370.9,613.6,2205,73484,2,1
36743,83,370.7,613.9,2205,73486,2,1
36744,83,370.6,614.5,2205,73488,2,1
36745,83,370.4,615,2205,73490,2,1
36746,83,370.2,615.6,2205,73492,2,1
36747,83,369.9,616.1,2206,73494,2,1
36748,83,369.8,616.3,2206,73496,2,1
36749,83,369.8,616.6,2206,73498,2,1
36750,83,369.9,616.8,2206,73500,2,1
36751,83,369.9,616.9,2206,73502,2,1
36752,83,369.9,617.1,2206,73504,2,1
36753,83,370,617.3,2206,73506,2,1
36754,83,370.1,617.4,2206,73508,2,1
36755,83,370.2,617.4,2206,73510,2,1
36756,83,370.1,617.3,2206,73512,2,1
36757,83,370,616.9,2206,73514,2,1
36758,83,370,616.6,2206,73516,2,1
36759,83,369.9,616.1,2206,73518,2,1
36760,83,369.7,615.5,2206,73520,2,1
36761,83,369.5,614.7,2206,73522,2,1
36762,83,369.4,613.8,2206,73524,2,1
36763,83,369.5,613,2206,73526,2,1
36764,83,369.5,612.4,2207,73528,2,1
36765,83,369.5,611.9,2207,73530,2,1
36766,83,369.7,611.2,2207,73532,2,1
36767,83,370.1,610.7,2207,73534,2,1
36768,83,370.7,610.5,2207,73536,2,1
36769,83,371.3,610.6,2207,73538,2,1
36770,83,371.6,611.4,2207,73540,2,1
36771,83,371.8,612.2,2207,73542,2,1
36772,83,372,613,2207,73544,2,1
36773,83,372,613.9,2207,73546,2,1
36774,83,371.8,614.9,2207,73548,2,1
36775,83,371.2,615.9,2207,73550,2,1
36776,83,370.6,616.7,2207,73552,2,1
36777,83,370.1,617,2207,73554,2,1
36778,83,369.7,617.3,2207,73556,2,1
36779,83,369.2,617.5,2207,73558,2,1
36780,83,368.8,617.7,2207,73560,2,1
36781,83,368.6,617.8,2208,73562,2,1
36782,83,368.4,617.6,2208,73564,2,1
36783,83,368.2,617.3,2208,73566,2,1
36784,83,368.1,616.8,2208,73568,2,1
36785,83,368.1,616.2,2208,73570,2,1
36786,83,368,615.6,2208,73572,2,1
36787,83,368.1,615.2,2208,73574,2,1
36788,83,368.5,614.8,2208,73576,2,1
36789,83,368.8,615.1,2208,73578,2,1
36790,83,369.2,615.3,2208,73580,2,1
36791,83,369.6,615.6,2208,73582,2,1
36792,83,370.1,616,2208,73584,2,1
36793,83,370.6,616.5,2208,73586,2,1
36794,83,371.1,616.7,2208,73588,2,1
36795,83,371.3,616.5,2208,73590,2,1
36796,83,371.6,616.1,2208,73592,2,1
36797,83,371.9,615.6,2209,73594,2,1
36798,83,372.2,615.2,2209,73596,2,1
36799,83,372.5,614.7,2209,73598,2,1
36800,83,372.6,614.1,2209,73600,2,1
36801,83,372.6,613.9,2209,73602,2,1
36802,83,372.5,614.5,2209,73604,2,1
36803,83,372.4,615.2,2209,73606,2,1
36804,83,372.2,615.9,2209,73608,2,1
36805,83,372.1,616.8,2209,73610,2,1
36806,83,371.9,617.7,2209,73612,2,1
36807,83,372.6,618.6,2209,73614,2,1
36808,83,373.4,619.4,2209,73616,2,1
36809,83,374.2,619.8,2209,73618,2,1
36810,83,374.7,620.2,2209,73620,2,1
36811,83,375.3,620.6,2209,73622,2,1
36812,83,375.8,620.9,2209,73624,2,1
36813,83,376.3,621.1,2209,73626,2,1
36814,83,375.9,621.3,2210,73628,2,1
36815,83,375.5,621.2,2210,73630,2,1
36816,83,375.1,620.7,2210,73632,2,1
36817,83,374.8,620.2,2210,73634,2,1
36818,83,374.6,619.7,2210,73636,2,1
36819,83,374.4,619.3,2210,73638,2,1
36820,83,374.2,618.7,2210,73640,2,1
36821,83,374.2,618.2,2210,73642,2,1
36822,83,374.8,617.7,2210,73644,2,1
36823,83,376.7,616.5,2210,73646,2,1
36824,83,381.8,612.9,2210,73648,2,1
36825,83,388.7,605.7,2210,73650,2,1
36826,83,398,596.2,2210,73652,2,1
36827,83,409.2,583,2210,73654,2,1
36828,83,421.8,568,2210,73656,2,1
36829,83,435.9,551.3,2210,73658,2,1
36830,83,449,534.7,2210,73660,2,1
36831,83,460.6,518.9,2211,73662,2,1
36832,83,470.7,504.7,2211,73664,2,1
36833,83,478.4,490.8,2211,73666,2,1
36834,83,485.1,479.7,2211,73668,2,1
36835,83,491.6,470.3,2211,73670,2,1
36836,83,496.2,462.6,2211,73672,2,1
36837,83,500.6,455.8,2211,73674,2,1
36838,83,503.4,450.5,2211,73676,2,1
36839,83,506,447.3,2211,73678,2,1
36840,83,508,446.8,2211,73680,2,1
36841,83,509,447.8,2211,73682,2,1
36842,83,508.4,449.2,2211,73684,2,1
36843,83,507.6,450.9,2211,73686,2,1
36844,83,506.5,452.6,2211,73688,2,1
36845,83,505.5,453.5,2211,73690,2,1
36846,83,504.7,453.4,2211,73692,2,1
36847,83,504.4,452.5,2212,73694,2,1
36848,83,504.5,451,2212,73696,2,1
36849,83,504.9,449.2,2212,73698,2,1
36850,83,505.4,447.2,2212,73700,2,1
36851,83,506,444.7,2212,73702,2,1
36852,83,506.5,442.9,2212,73704,2,1
36853,83,507,442.1,2212,73706,2,1
36854,83,507.4,441.2,2212,73708,2,1
36855,83,507.7,440.6,2212,73710,2,1
36856,83,508,440.1,2212,73712,2,1
36857,83,508.2,439.7,2212,73714,2,1
36858,83,508.5,440.1,2212,73716,2,1
36859,83,508.7,440.5,2212,73718,2,1
36860,83,508.9,440.9,2212,73720,2,1
36861,83,509.1,441.3,2212,73722,2,1
36862,83,509.2,441.6,2212,73724,2,1
36863,83,509.2,442,2212,73726,2,1
36864,83,509.1,442.3,2213,73728,2,1
36865,83,509,442.5,2213,73730,2,1
36866,83,508.8,442.8,2213,73732,2,1
36867,83,508.6,443,2213,73734,2,1
36868,83,508.2,443.1,2213,73736,2,1
36869,83,507.7,443,2213,73738,2,1
36870,83,507.3,442.9,2213,73740,2,1
36871,83,506.9,442.8,2213,73742,2,1
36872,83,506.6,442.8,2213,73744,2,1
36873,83,506.4,442.8,2213,73746,2,1
36874,83,506.1,442.5,2213,73748,2,1
36875,83,506.2,442.3,2213,73750,2,1
36876,83,506.3,441.9,2213,73752,2,1
36877,83,506.4,441.6,2213,73754,2,1
36878,83,506.5,441.3,2213,73756,2,1
36879,83,506.9,440.9,2213,73758,2,1
36880,83,507.3,440.6,2213,73760,2,1
36881,83,507.6,440.5,2214,73762,2,1
36882,83,508,440.4,2214,73764,2,1
36883,83,508.4,440.2,2214,73766,2,1
36884,83,508.9,439.9,2214,73768,2,1
36885,83,509.4,439.6,2214,73770,2,1
36886,83,509.7,439.4,2214,73772,2,1
36887,83,510,439.2,2214,73774,2,1
36888,83,510.2,439.1,2214,73776,2,1
36889,83,510.3,439.1,2214,73778,2,1
36890,83,510.3,439.1,2214,73780,2,1
36891,83,510.1,439.1,2214,73782,2,1
36892,83,509.9,439,2214,73784,2,1
36893,83,509.8,439,2214,73786,2,1
36894,83,509.5,439,2214,73788,2,1
36895,83,509.3,439,2214,73790,2,1
36896,83,509.1,439.1,2214,73792,2,1
36897,83,508.8,439.4,2215,73794,2,1
36898,83,508.3,439.6,2215,73796,2,1
36899,83,507.9,440,2215,73798,2,1
36900,83,507.5,440.3,2215,73800,2,1
36901,83,507.2,440.7,2215,73802,2,1
36902,83,507.1,440.8,2215,73804,2,1
36903,83,507.3,440.7,2215,73806,2,1
36904,83,507.6,440.3,2215,73808,2,1
36905,83,508,439.8,2215,73810,2,1
36906,83,508.6,439.3,2215,73812,2,1
36907,83,509.2,438.9,2215,73814,2,1
36908,83,509.8,438.3,2215,73816,2,1
36909,83,510.2,438.1,2215,73818,2,1
36910,83,510.5,438,2215,73820,2,1
36911,83,510.7,437.9,2215,73822,2,1
36912,83,510.9,438.1,2215,73824,2,1
36913,83,511.1,438.2,2215,73826,2,1
36914,83,511.1,438.5,2216,73828,2,1
36915,83,511.2,439,2216,73830,2,1
36916,83,511.4,439.3,2216,73832,2,1
36917,83,511.5,439.6,2216,73834,2,1
36918,83,511.7,439.8,2216,73836,2,1
36919,83,511.8,439.8,2216,73838,2,1
36920,83,511.7,439.9,2216,73840,2,1
36921,83,511.8,440.1,2216,73842,2,1
36922,83,511.9,440,2216,73844,2,1
36923,83,511.8,439.9,2216,73846,2,1
36924,83,511.7,439.5,2216,73848,2,1
36925,83,511.7,439.2,2216,73850,2,1
36926,83,511.8,438.9,2216,73852,2,1
36927,83,512.1,438.7,2216,73854,2,1
36928,83,512.3,438.8,2216,73856,2,1
36929,83,512.4,439,2216,73858,2,1
36930,83,512.7,439.3,2217,73860,2,1
36931,83,513,440.2,2217,73862,2,1
36932,83,513.4,441.2,2217,73864,2,1
36933,83,513.7,441.8,2217,73866,2,1
36934,83,513.9,442.4,2217,73868,2,1
36935,83,514.1,442.7,2217,73870,2,1
36936,83,514.3,442.8,2217,73872,2,1
36937,83,514.4,443,2217,73874,2,1
36938,83,514.4,443,2217,73876,2,1
36939,83,513.9,443.1,2217,73878,2,1
36940,83,513.3,443.2,2217,73880,2,1
36941,83,512.8,443.3,2217,73882,2,1
36942,83,512.3,443.5,2217,73884,2,1
36943,83,512.2,443.6,2217,73886,2,1
36944,83,512.1,443.8,2217,73888,2,1
36945,83,512.1,444,2217,73890,2,1
36946,83,512.7,444.1,2217,73892,2,1
36947,83,513.5,444.4,2218,73894,2,1
36948,83,514.4,444.9,2218,73896,2,1
36949,83,515.2,445.2,2218,73898,2,1
36950,83,515.6,445.6,2218,73900,2,1
36951,83,516,445.8,2218,73902,2,1
36952,83,516.3,446.1,2218,73904,2,1
36953,83,516.5,446.2,2218,73906,2,1
36954,83,516.8,445.9,2218,73908,2,1
36955,83,516.9,445.4,2218,73910,2,1
36956,83,517.9,443.3,2218,73912,2,1
36957,83,520.2,440.6,2218,73914,2,1
36958,83,523.6,437,2218,73916,2,1
36959,83,528.1,432.8,2218,73918,2,1
36960,83,532.9,427.9,2218,73920,2,1
36961,83,537.6,423.4,2218,73922,2,1
36962,83,542.4,418.7,2218,73924,2,1
36963,83,546.5,415.4,2218,73926,2,1
36964,83,549.1,412.5,2219,73928,2,1
36965,83,550.5,411.7,2219,73930,2,1
36966,83,550.2,411.8,2219,73932,2,1
36967,83,549.6,412.6,2219,73934,2,1
36968,83,548.9,413.4,2219,73936,2,1
36969,83,548,415,2219,73938,2,1
36970,83,547,416.6,2219,73940,2,1
36971,83,546.4,418.2,2219,73942,2,1
36972,83,546.1,418.5,2219,73944,2,1
36973,83,546.7,418.7,2219,73946,2,1
36974,83,547.3,418.7,2219,73948,2,1
36975,83,548.1,418.6,2219,73950,2,1
36976,83,549.3,417,2219,73952,2,1
36977,83,550.6,415.3,2219,73954,2,1
36978,83,551.8,413.6,2219,73956,2,1
36979,83,552.9,412,2219,73958,2,1
36980,83,553.7,410.5,2219,73960,2,1
36981,83,554.5,409.5,2220,73962,2,1
36982,83,555.2,408.7,2220,73964,2,1
36983,83,555.2,409.1,2220,73966,2,1
36984,83,554.9,409.7,2220,73968,2,1
36985,83,554.2,410.8,2220,73970,2,1
36986,83,553.6,412,2220,73972,2,1
36987,83,552.9,413.3,2220,73974,2,1
36988,83,552.3,414.4,2220,73976,2,1
36989,83,551.8,415.4,2220,73978,2,1
36990,83,551.8,416.1,2220,73980,2,1
36991,83,552.3,416.9,2220,73982,2,1
36992,83,552.7,417.2,2220,73984,2,1
36993,83,553.2,417.4,2220,73986,2,1
36994,83,553.6,417.5,2220,73988,2,1
36995,83,553.9,417.8,2220,73990,2,1
36996,83,554.1,418,2220,73992,2,1
36997,83,553.8,418.2,2221,73994,2,1
36998,83,553.3,418.3,2221,73996,2,1
36999,83,552.8,418.3,2221,73998,2,1
37000,83,552.4,418.3,2221,74000,2,1
37001,83,552.1,418.3,2221,74002,2,1
37002,83,552.3,418.3,2221,74004,2,1
37003,83,552.6,418.2,2221,74006,2,1
37004,83,552.9,418.3,2221,74008,2,1
37005,83,553.5,418.2,2221,74010,2,1
37006,83,554,418.2,2221,74012,2,1
37007,83,554.3,418.4,2221,74014,2,1
37008,83,554.4,418.5,2221,74016,2,1
37009,83,553.7,418.3,2221,74018,2,1
37010,83,552.8,418.1,2221,74020,2,1
37011,83,551.9,417.8,2221,74022,2,1
37012,83,551.1,417.4,2221,74024,2,1
37013,83,550.4,416.9,2221,74026,2,1
37014,83,549.9,416.3,2222,74028,2,1
37015,83,550,415.6,2222,74030,2,1
37016,83,550.4,415.2,2222,74032,2,1
37017,83,551,414.8,2222,74034,2,1
37018,83,551.3,414.3,2222,74036,2,1
37019,83,551.2,413.8,2222,74038,2,1
37020,83,551,413.4,2222,74040,2,1
37021,83,550.9,413.3,2222,74042,2,1
37022,83,550.4,413.3,2222,74044,2,1
37023,83,549.9,413.5,2222,74046,2,1
37024,83,549.6,413.7,2222,74048,2,1
37025,83,549.4,414.1,2222,74050,2,1
37026,83,549.7,414.6,2222,74052,2,1
37027,83,549.9,414.8,2222,74054,2,1
37028,83,550,414.9,2222,74056,2,1
37029,83,550.1,414.8,2222,74058,2,1
37030,83,550.2,414.8,2223,74060,2,1
37031,83,550.2,414.6,2223,74062,2,1
37032,83,550.2,414.5,2223,74064,2,1
37033,83,550.2,414.5,2223,74066,2,1
37034,83,550.3,414.8,2223,74068,2,1
37035,83,550.4,415.2,2223,74070,2,1
37036,83,550.4,415.4,2223,74072,2,1
37037,83,550.5,415.7,2223,74074,2,1
37038,83,550.6,416.1,2223,74076,2,1
37039,83,550.6,416.1,2223,74078,2,1
37040,83,550.7,415.9,2223,74080,2,1
37041,83,550.8,415.7,2223,74082,2,1
37042,83,550.9,415.6,2223,74084,2,1
37043,83,551.1,415.5,2223,74086,2,1
37044,83,551.2,415.3,2223,74088,2,1
37045,83,551.3,415.1,2223,74090,2,1
37046,83,551.3,415.2,2223,74092,2,1
37047,83,551.3,415.3,2224,74094,2,1
37048,83,551.1,415.4,2224,74096,2,1
37049,83,550.9,415.6,2224,74098,2,1
37050,83,550.6,415.9,2224,74100,2,1
37051,83,550.4,416,2224,74102,2,1
37052,83,550.1,416,2224,74104,2,1
37053,83,549.7,415.8,2224,74106,2,1
37054,83,549.3,415.4,2224,74108,2,1
37055,83,549.1,415.1,2224,74110,2,1
37056,83,548.8,414.8,2224,74112,2,1
37057,83,548.4,414.6,2224,74114,2,1
37058,83,548.1,414.4,2224,74116,2,1
37059,83,547.8,414.4,2224,74118,2,1
37060,83,547.3,414.6,2224,74120,2,1
37061,83,546.7,414.6,2224,74122,2,1
37062,83,546.2,414.8,2224,74124,2,1
37063,83,545.6,415.4,2224,74126,2,1
37064,83,545.6,416,2225,74128,2,1
37065,83,545.6,416.7,2225,74130,2,1
37066,83,546,419.9,2225,74132,2,1
37067,83,547.6,425,2225,74134,2,1
37068,83,549.2,433.2,2225,74136,2,1
37069,83,551.6,444.1,2225,74138,2,1
37070,83,555.3,458.3,2225,74140,2,1
37071,83,559.1,476.4,2225,74142,2,1
37072,83,562.9,499.8,2225,74144,2,1
37073,83,566.7,522,2225,74146,2,1
37074,83,569.9,546.2,2225,74148,2,1
37075,83,573.3,568.3,2225,74150,2,1
37076,83,575.7,587.4,2225,74152,2,1
37077,83,576.6,602.4,2225,74154,2,1
37078,83,575.8,613,2225,74156,2,1
37079,83,574.8,617.9,2225,74158,2,1
37080,83,573.7,620.5,2225,74160,2,1
37081,83,572.4,618.6,2226,74162,2,1
37082,83,571.5,614.9,2226,74164,2,1
37083,83,570.9,611.4,2226,74166,2,1
37084,83,570.7,608.2,2226,74168,2,1
37085,83,571.8,606.1,2226,74170,2,1
37086,83,573,605.8,2226,74172,2,1
37087,83,574.1,607.8,2226,74174,2,1
37088,83,575.1,611.1,2226,74176,2,1
37089,83,575.6,615.6,2226,74178,2,1
37090,83,576.2,619.9,2226,74180,2,1
37091,83,576.5,625,2226,74182,2,1
37092,83,576.5,629.3,2226,74184,2,1
37093,83,576.5,632.1,2226,74186,2,1
37094,83,576.5,633.7,2226,74188,2,1
37095,83,576.4,634.5,2226,74190,2,1
37096,83,576.3,634.8,2226,74192,2,1
37097,83,575.9,634.6,2227,74194,2,1
37098,83,575.6,633.4,2227,74196,2,1
37099,83,575.4,632.1,2227,74198,2,1
37100,83,575.2,630.5,2227,74200,2,1
37101,83,575,628.8,2227,74202,2,1
37102,83,574.9,627.3,2227,74204,2,1
37103,83,574.7,625.8,2227,74206,2,1
37104,83,574.3,624.8,2227,74208,2,1
37105,83,574.1,623.9,2227,74210,2,1
37106,83,573.7,623.2,2227,74212,2,1
37107,83,573.3,623.1,2227,74214,2,1
37108,83,573,623.1,2227,74216,2,1
37109,83,573.8,623.1,2227,74218,2,1
37110,83,574.8,623.1,2227,74220,2,1
37111,83,576,623,2227,74222,2,1
37112,83,577,622.8,2227,74224,2,1
37113,83,577.8,622.6,2227,74226,2,1
37114,83,578.6,622.4,2228,74228,2,1
37115,83,579.1,622.1,2228,74230,2,1
37116,83,578.3,621.9,2228,74232,2,1
37117,83,577.6,621.9,2228,74234,2,1
37118,83,576.8,622.1,2228,74236,2,1
37119,83,576.2,622.4,2228,74238,2,1
37120,83,575.9,622.7,2228,74240,2,1
37121,83,575.8,623,2228,74242,2,1
37122,83,575.9,623.4,2228,74244,2,1
37123,83,575.7,623.9,2228,74246,2,1
37124,83,575.4,624.3,2228,74248,2,1
37125,83,575,624.8,2228,74250,2,1
37126,83,574.6,625.2,2228,74252,2,1
37127,83,574.2,625.6,2228,74254,2,1
37128,83,573.8,625.9,2228,74256,2,1
37129,83,573.4,626,2228,74258,2,1
37130,83,573.4,626.2,2228,74260,2,1
37131,83,573.5,626.6,2228,74262,2,1
37132,83,573.7,627.1,2228,74264,2,1
37133,83,573.9,627.4,2228,74266,2,1
37134,83,574.1,627.6,2228,74268,2,1
37135,83,574.2,627.6,2228,74270,2,1
37136,83,574.4,627.6,2228,74272,2,1
37137,83,574.5,627.5,2228,74274,2,1
37138,83,574.5,626.8,2228,74276,2,1
37139,83,574.5,625.7,2228,74278,2,1
37140,83,574.4,624.3,2228,74280,2,1
37141,83,574.2,623.2,2228,74282,2,1
37142,83,574,622.4,2228,74284,2,1
37143,83,573.9,621.5,2228,74286,2,1
37144,83,573.6,620.9,2228,74288,2,1
37145,83,573.2,620.3,2228,74290,2,1
37146,83,572.9,620,2228,74292,2,1
37147,83,572.6,620,2228,74294,2,1
37148,83,572.3,620.1,2228,74296,2,1
37149,83,572.2,620.1,2228,74298,2,1
37150,83,572.1,620.1,2228,74300,2,1
37151,83,572.1,619.8,2228,74302,2,1
37152,83,572.2,619.5,2228,74304,2,1
37153,83,572.2,619.4,2228,74306,2,1
37154,83,571.5,619.3,2228,74308,2,1
37155,83,570.8,619,2228,74310,2,1
37156,83,570.1,618.7,2228,74312,2,1
37157,83,569.4,618.5,2228,74314,2,1
37158,83,569.3,618.4,2228,74316,2,1
37159,83,569.4,618.4,2228,74318,2,1
37160,83,569.7,618.3,2228,74320,2,1
37161,83,570.7,618.2,2228,74322,2,1
37162,83,571.7,618.1,2228,74324,2,1
37163,83,572.6,618.2,2228,74326,2,1
37164,83,573.3,618.4,2228,74328,2,1
37165,83,573.3,618.6,2228,74330,2,1
37166,83,573.3,618.7,2228,74332,2,1
37167,83,573.2,618.8,2228,74334,2,1
37168,83,573.1,618.6,2228,74336,2,1
37169,83,573.2,618.3,2228,74338,2,1
37170,83,573.6,618,2228,74340,2,1
37171,83,574.1,617.7,2228,74342,2,1
37172,83,574.6,617.5,2230,74344,2,1
37173,83,574.9,617.1,2230,74346,2,1
37174,83,574.8,616.6,2230,74348,2,1
37175,83,573.9,615.9,2230,74350,2,1
37176,83,572.6,614.8,2230,74352,2,1
37177,83,570.4,611.9,2230,74354,2,1
37178,83,567.4,607.7,2230,74356,2,1
37179,83,564.1,602.2,2230,74358,2,1
37180,83,560.9,595.4,2230,74360,2,1
37181,83,558.3,586.8,2230,74362,2,1
37182,83,556.3,577.6,2230,74364,2,1
37183,83,554.9,568.3,2230,74366,2,1
37184,83,554.5,560.6,2230,74368,2,1
37185,83,555.1,554.4,2230,74370,2,1
37186,83,556.1,549.5,2230,74372,2,1
37187,83,557.1,546.4,2230,74374,2,1
37188,83,558.1,546.2,2230,74376,2,1
37189,83,558.7,548.1,2231,74378,2,1
37190,83,559.1,550.6,2231,74380,2,1
37191,83,558.5,553.3,2231,74382,2,1
37192,83,557.7,555.9,2231,74384,2,1
37193,83,557,558.3,2231,74386,2,1
37194,83,556.2,560.1,2231,74388,2,1
37195,83,555.4,560.2,2231,74390,2,1
37196,83,554.8,559.5,2231,74392,2,1
37197,83,554.9,557.7,2232,74394,2,1
37198,83,555.7,555.6,2232,74396,2,1
37199,83,556.5,553.6,2232,74398,2,1
37200,83,557.4,551.4,2232,74400,2,1
37201,83,558.4,549.4,2232,74402,2,1
37202,83,559.1,548,2232,74404,2,1
37203,83,559.8,546.7,2232,74406,2,1
37204,83,559.9,546.4,2232,74408,2,1
37205,83,559.7,546.3,2232,74410,2,1
37206,83,559.2,546.3,2233,74412,2,1
37207,83,558.8,546.6,2233,74414,2,1
37208,83,558.2,546.8,2233,74416,2,1
37209,83,557.8,547,2233,74418,2,1
37210,83,557.6,547.1,2233,74420,2,1
37211,83,557.5,547.2,2233,74422,2,1
37212,83,557.5,547.2,2233,74424,2,1
37213,83,557.7,547.2,2233,74426,2,1
37214,83,557.9,547,2234,74428,2,1
37215,83,558.3,546.5,2234,74430,2,1
37216,83,558.6,546,2234,74432,2,1
37217,83,558.8,545.3,2234,74434,2,1
37218,83,558.7,544.4,2234,74436,2,1
37219,83,558.7,543.6,2234,74438,2,1
37220,83,558.6,542.9,2234,74440,2,1
37221,83,558.4,542.2,2234,74442,2,1
37222,83,558.1,542,2234,74444,2,1
37223,83,557.5,541.9,2234,74446,2,1
37224,83,556.9,541.8,2234,74448,2,1
37225,83,556.3,543.4,2234,74450,2,1
37226,83,555.9,545,2234,74452,2,1
37227,83,555.4,546.5,2234,74454,2,1
37228,83,554.9,548.1,2234,74456,2,1
37229,83,554.5,549.6,2234,74458,2,1
37230,83,554.5,550.9,2234,74460,2,1
37231,83,554.6,552.2,2235,74462,2,1
37232,83,554.9,552.1,2235,74464,2,1
37233,83,555.2,551.8,2235,74466,2,1
37234,83,555.7,551.4,2235,74468,2,1
37235,83,556.3,550.9,2235,74470,2,1
37236,83,557.2,550.6,2235,74472,2,1
37237,83,558,550,2235,74474,2,1
37238,83,558.7,549.4,2235,74476,2,1
37239,83,559.2,548.8,2235,74478,2,1
37240,83,559.6,548.3,2235,74480,2,1
37241,83,559.4,548,2235,74482,2,1
37242,83,559.2,547.7,2235,74484,2,1
37243,83,558.7,547.3,2235,74486,2,1
37244,83,558.2,547,2235,74488,2,1
37245,83,557.3,546.8,2235,74490,2,1
37246,83,556.5,546.5,2235,74492,2,1
37247,83,555.7,546.1,2236,74494,2,1
37248,83,555.3,545.7,2236,74496,2,1
37249,83,555.1,545.3,2236,74498,2,1
37250,83,554.9,545.2,2236,74500,2,1
37251,83,554.8,545.5,2236,74502,2,1
37252,83,555.1,545.9,2236,74504,2,1
37253,83,555.3,546.4,2236,74506,2,1
37254,83,555.5,547.1,2236,74508,2,1
37255,83,555.8,547.7,2236,74510,2,1
37256,83,555.9,548.7,2236,74512,2,1
37257,83,556,549.6,2236,74514,2,1
37258,83,556,549.9,2236,74516,2,1
37259,83,556.1,549.8,2236,74518,2,1
37260,83,556.1,549.5,2236,74520,2,1
37261,83,556.1,549.2,2236,74522,2,1
37262,83,555.9,548.9,2236,74524,2,1
37263,83,555.7,548.3,2236,74526,2,1
37264,83,555.6,547.8,2237,74528,2,1
37265,83,555.7,547.3,2237,74530,2,1
37266,83,555.6,547.2,2237,74532,2,1
37267,83,555.7,547.1,2237,74534,2,1
37268,83,555.7,547.1,2237,74536,2,1
37269,83,555.7,547,2237,74538,2,1
37270,83,555.7,546.5,2237,74540,2,1
37271,83,555.6,546.1,2237,74542,2,1
37272,83,555.3,545.7,2237,74544,2,1
37273,83,555,545.2,2237,74546,2,1
37274,83,554.7,544.9,2237,74548,2,1
37275,83,554.6,544.5,2237,74550,2,1
37276,83,554.8,544.3,2237,74552,2,1
37277,83,555.2,544.6,2237,74554,2,1
37278,83,555.6,545,2237,74556,2,1
37279,83,555.8,545.4,2237,74558,2,1
37280,83,556.2,545.7,2237,74560,2,1
37281,83,556.6,546.2,2238,74562,2,1
37282,83,557,546.6,2238,74564,2,1
37283,83,557.1,546.9,2238,74566,2,1
37284,83,556.8,546.9,2238,74568,2,1
37285,83,556.5,546.9,2238,74570,2,1
37286,83,556.3,546.7,2238,74572,2,1
37287,83,556,546.6,2238,74574,2,1
37288,83,555.7,546.4,2238,74576,2,1
37289,83,555.5,546.2,2238,74578,2,1
37290,83,555.3,546.1,2238,74580,2,1
37291,83,555.3,546.1,2238,74582,2,1
37292,83,555.4,546,2238,74584,2,1
37293,83,555.5,546.1,2238,74586,2,1
37294,83,555.6,546.2,2238,74588,2,1
37295,83,555.7,546.3,2238,74590,2,1
37296,83,556,546.3,2238,74592,2,1
37297,83,556.5,546.3,2239,74594,2,1
37298,83,557,546.3,2239,74596,2,1
37299,83,557.6,546.4,2239,74598,2,1
37300,83,558.1,546.7,2239,74600,2,1
37301,83,558.6,546.9,2239,74602,2,1
37302,83,559.1,547.2,2239,74604,2,1
37303,83,559.6,547.6,2239,74606,2,1
37304,83,559.8,547.9,2239,74608,2,1
37305,83,559.9,548.2,2239,74610,2,1
37306,83,559.9,548.4,2239,74612,2,1
37307,83,559.9,548.3,2239,74614,2,1
37308,83,559.8,548.1,2239,74616,2,1
37309,83,559.7,547.7,2239,74618,2,1
37310,83,559.7,547.3,2239,74620,2,1
37311,83,559.8,546.9,2239,74622,2,1
37312,83,559.9,546.5,2239,74624,2,1
37313,83,560.2,546.2,2239,74626,2,1
37314,83,560.6,545.9,2240,74628,2,1
37315,83,561.1,545.6,2240,74630,2,1
37316,83,561.6,545.4,2240,74632,2,1
37317,83,562,545.3,2240,74634,2,1
37318,83,562.3,545.1,2240,74636,2,1
37319,83,562.7,544.9,2240,74638,2,1
37320,83,563,544.7,2240,74640,2,1
37321,83,563.3,544.5,2240,74642,2,1
37322,83,563.5,544.4,2240,74644,2,1
37323,83,563.6,544.4,2240,74646,2,1
37324,83,563.4,544.5,2240,74648,2,1
37325,83,563.3,544.5,2240,74650,2,1
37326,83,563.1,544.6,2240,74652,2,1
37327,83,563,544.7,2240,74654,2,1
37328,83,562.8,544.8,2240,74656,2,1
37329,83,562.7,544.9,2240,74658,2,1
37330,83,562.6,545.5,2240,74660,2,1
37331,83,562.5,546.2,2241,74662,2,1
37332,83,562.2,546.9,2241,74664,2,1
37333,83,561.8,547.7,2241,74666,2,1
37334,83,561.4,548.3,2241,74668,2,1
37335,83,561,549.1,2241,74670,2,1
37336,83,560.4,549.4,2241,74672,2,1
37337,83,559.7,549.1,2241,74674,2,1
37338,83,559.1,548.8,2241,74676,2,1
37339,83,558.7,548.4,2241,74678,2,1
37340,83,558.4,548.1,2241,74680,2,1
37341,83,558.2,547.9,2241,74682,2,1
37342,83,558.3,547.7,2241,74684,2,1
37343,83,558.4,547.7,2241,74686,2,1
37344,83,558.8,547.4,2241,74688,2,1
37345,83,559.2,547.1,2241,74690,2,1
37346,83,560.2,546.6,2241,74692,2,1
37347,83,561.1,546,2242,74694,2,1
37348,83,562,545.2,2242,74696,2,1
37349,83,562.6,544.5,2242,74698,2,1
37350,83,563.3,543.9,2242,74700,2,1
37351,83,563.9,543.6,2242,74702,2,1
37352,83,564.6,543.1,2242,74704,2,1
37353,83,564.8,542.9,2242,74706,2,1
37354,83,564.9,542.5,2242,74708,2,1
37355,83,565,542.2,2242,74710,2,1
37356,83,565.1,542.9,2242,74712,2,1
37357,83,565.3,543.5,2242,74714,2,1
37358,83,565.3,544.3,2242,74716,2,1
37359,83,565.4,545.1,2242,74718,2,1
37360,83,565.2,546,2242,74720,2,1
37361,83,564.9,546.9,2242,74722,2,1
37362,83,564.4,547.9,2242,74724,2,1
37363,83,563.9,547.9,2242,74726,2,1
37364,83,563.3,547.9,2243,74728,2,1
37365,83,562.7,547.8,2243,74730,2,1
37366,83,562.1,547.9,2243,74732,2,1
37367,83,561.6,548,2243,74734,2,1
37368,83,561,548,2243,74736,2,1
37369,83,560.8,547.7,2243,74738,2,1
37370,83,560.5,547.4,2243,74740,2,1
37371,83,560.8,546.8,2243,74742,2,1
37372,83,561.5,546.1,2243,74744,2,1
37373,83,562.2,545.5,2243,74746,2,1
37374,83,562.9,545.2,2243,74748,2,1
37375,83,563.7,545,2243,74750,2,1
37376,83,564.4,544.8,2243,74752,2,1
37377,83,565.2,544.9,2243,74754,2,1
37378,83,565.4,545.3,2243,74756,2,1
37379,83,565.3,545.9,2243,74758,2,1
37380,83,565.1,546.6,2243,74760,2,1
37381,83,564.9,547.1,2244,74762,2,1
37382,83,564.8,547.5,2244,74764,2,1
37383,83,564.6,547.9,2244,74766,2,1
37384,83,564.5,548.3,2244,74768,2,1
37385,83,564.5,548.6,2244,74770,2,1
37386,83,564.4,548.5,2244,74772,2,1
37387,83,564.4,547.8,2244,74774,2,1
37388,83,564.4,547.2,2244,74776,2,1
37389,83,564.6,546.4,2244,74778,2,1
37390,83,564.8,545.7,2244,74780,2,1
37391,83,565.1,544.9,2244,74782,2,1
37392,83,565.4,544.1,2244,74784,2,1
37393,83,565.9,543.4,2244,74786,2,1
37394,83,566.4,542.9,2244,74788,2,1
37395,83,567,542.5,2244,74790,2,1
37396,83,567.5,541.9,2244,74792,2,1
37397,83,567.8,541.5,2245,74794,2,1
37398,83,567.9,541.4,2245,74796,2,1
37399,83,567.7,541.6,2245,74798,2,1
37400,83,567.3,542,2245,74800,2,1
37401,83,566.8,542.5,2245,74802,2,1
37402,83,566.3,542.9,2245,74804,2,1
37403,83,565.7,543.3,2245,74806,2,1
37404,83,565.3,543.6,2245,74808,2,1
37405,83,565,543.8,2245,74810,2,1
37406,83,565.2,543.9,2245,74812,2,1
37407,83,565.3,543.8,2245,74814,2,1
37408,83,565.7,543.9,2245,74816,2,1
37409,83,566.1,543.9,2245,74818,2,1
37410,83,566.3,543.9,2245,74820,2,1
37411,83,566.2,543.7,2245,74822,2,1
37412,83,565.9,543.5,2245,74824,2,1
37413,83,565.6,543.1,2245,74826,2,1
37414,83,565.4,542.5,2246,74828,2,1
37415,83,565.1,541.9,2246,74830,2,1
37416,83,565.1,541.2,2246,74832,2,1
37417,83,565.8,540.4,2246,74834,2,1
37418,83,568.2,537.4,2246,74836,2,1
37419,83,571.8,531.5,2246,74838,2,1
37420,83,577.6,523.1,2246,74840,2,1
37421,83,586.1,510.6,2246,74842,2,1
37422,83,594.9,492.8,2246,74844,2,1
37423,83,605.5,470.4,2246,74846,2,1
37424,83,617.4,444.7,2246,74848,2,1
37425,83,628.5,418.1,2246,74850,2,1
37426,83,639.4,391.8,2246,74852,2,1
37427,83,650.5,365.2,2246,74854,2,1
37428,83,660.7,342.8,2246,74856,2,1
37429,83,670.4,325.4,2246,74858,2,1
37430,83,679.2,311.1,2246,74860,2,1
37431,83,687.8,298.6,2247,74862,2,1
37432,83,696.4,287.8,2247,74864,2,1
37433,83,705.3,278.5,2247,74866,2,1
37434,83,714.3,270.7,2247,74868,2,1
37435,83,721.3,262.2,2247,74870,2,1
37436,83,728.8,254.1,2247,74872,2,1
37437,83,735.3,247.4,2247,74874,2,1
37438,83,740,242.5,2247,74876,2,1
37439,83,744.2,239.3,2247,74878,2,1
37440,83,746.7,237.4,2247,74880,2,1
37441,83,746.5,237,2247,74882,2,1
37442,83,746.3,237.2,2247,74884,2,1
37443,83,745.6,237.4,2247,74886,2,1
37444,83,744.9,237.6,2247,74888,2,1
37445,83,744.2,237.6,2247,74890,2,1
37446,83,743.6,237.9,2247,74892,2,1
37447,83,743.1,237.9,2248,74894,2,1
37448,83,743.2,237.7,2248,74896,2,1
37449,83,743.3,237.6,2248,74898,2,1
37450,83,743.4,237.3,2248,74900,2,1
37451,83,743.4,237,2248,74902,2,1
37452,83,743.5,236.5,2248,74904,2,1
37453,83,743.6,235.9,2248,74906,2,1
37454,83,744,235.1,2248,74908,2,1
37455,83,744.3,234.5,2248,74910,2,1
37456,83,744.7,233.9,2248,74912,2,1
37457,83,744.9,233.5,2248,74914,2,1
37458,83,745.2,233,2248,74916,2,1
37459,83,745.4,232.7,2248,74918,2,1
37460,83,745.5,232.4,2248,74920,2,1
37461,83,745.3,232.2,2248,74922,2,1
37462,83,745.1,232.1,2248,74924,2,1
37463,83,744.8,231.8,2248,74926,2,1
37464,83,744.4,231.2,2249,74928,2,1
37465,83,744,230.7,2249,74930,2,1
37466,83,743.5,230.3,2249,74932,2,1
37467,83,743.2,229.9,2249,74934,2,1
37468,83,742.8,229.4,2249,74936,2,1
37469,83,742.4,229.2,2249,74938,2,1
37470,83,742.2,229.1,2249,74940,2,1
37471,83,742.2,229.3,2249,74942,2,1
37472,83,742.2,229.5,2249,74944,2,1
37473,83,742.3,229.8,2249,74946,2,1
37474,83,742.3,230.1,2249,74948,2,1
37475,83,742.5,230.4,2249,74950,2,1
37476,83,742.6,230.9,2249,74952,2,1
37477,83,742.7,231.3,2249,74954,2,1
37478,83,742.7,231.7,2249,74956,2,1
37479,83,742.8,231.9,2249,74958,2,1
37480,83,742.7,232,2249,74960,2,1
37481,83,742.7,232,2250,74962,2,1
37482,83,742.7,231.5,2250,74964,2,1
37483,83,742.6,231,2250,74966,2,1
37484,83,742.6,230.4,2250,74968,2,1
37485,83,742.3,229.8,2250,74970,2,1
37486,83,742.1,229.7,2250,74972,2,1
37487,83,741.7,229.5,2250,74974,2,1
37488,83,741.3,229.5,2250,74976,2,1
37489,83,740.9,229.7,2250,74978,2,1
37490,83,740.5,229.8,2250,74980,2,1
37491,83,740.2,229.9,2250,74982,2,1
37492,83,740.3,230,2250,74984,2,1
37493,83,740.7,230.1,2250,74986,2,1
37494,83,741.2,230.7,2250,74988,2,1
37495,83,741.7,231.4,2250,74990,2,1
37496,83,742,232.1,2250,74992,2,1
37497,83,742.2,232.9,2251,74994,2,1
37498,83,742.4,233.6,2251,74996,2,1
37499,83,742.3,234.3,2251,74998,2,1
37500,83,741.8,234.8,2251,75000,2,1
37501,83,741.3,234.9,2251,75002,2,1
37502,83,740.9,234.9,2251,75004,2,1
37503,83,740.7,234.9,2251,75006,2,1
37504,83,740.5,234.8,2251,75008,2,1
37505,83,740.4,234.7,2251,75010,2,1
37506,83,740.5,234.6,2251,75012,2,1
37507,83,740.5,234.4,2251,75014,2,1
37508,83,740.8,234.5,2251,75016,2,1
37509,83,741.3,234.5,2251,75018,2,1
37510,83,741.8,234.3,2251,75020,2,1
37511,83,742.2,234.3,2251,75022,2,1
37512,83,742.6,234.2,2251,75024,2,1
37513,83,743.1,234.1,2251,75026,2,1
37514,83,743.6,233.7,2252,75028,2,1
37515,83,744.1,233.2,2252,75030,2,1
37516,83,744.2,232.6,2252,75032,2,1
37517,83,744.4,232.1,2252,75034,2,1
37518,83,744.6,231.7,2252,75036,2,1
37519,83,744.6,231.4,2252,75038,2,1
37520,83,744.5,231.2,2252,75040,2,1
37521,83,744.4,231.3,2252,75042,2,1
37522,83,744.3,231.5,2252,75044,2,1
37523,83,744.1,231.6,2252,75046,2,1
37524,83,744,231.8,2252,75048,2,1
37525,83,743.7,232,2252,75050,2,1
37526,83,743.3,232.2,2252,75052,2,1
37527,83,743,232.5,2252,75054,2,1
37528,83,742.7,232.7,2252,75056,2,1
37529,83,742.4,232.9,2252,75058,2,1
37530,83,742.2,233.1,2252,75060,2,1
37531,83,742,233.4,2253,75062,2,1
37532,83,742,233.7,2253,75064,2,1
37533,83,742,234,2253,75066,2,1
37534,83,742.1,234.2,2253,75068,2,1
37535,83,742.3,234.4,2253,75070,2,1
37536,83,742.5,234.5,2253,75072,2,1
37537,83,742.6,234.5,2253,75074,2,1
37538,83,742.8,234.4,2253,75076,2,1
37539,83,742.9,234.4,2253,75078,2,1
37540,83,743,234.3,2253,75080,2,1
37541,83,743.2,234.2,2253,75082,2,1
37542,83,743.2,234,2253,75084,2,1
37543,83,743.2,233.7,2253,75086,2,1
37544,83,743.2,233.4,2253,75088,2,1
37545,83,743.2,233.1,2253,75090,2,1
37546,83,743.2,232.8,2253,75092,2,1
37547,83,743.2,232.7,2254,75094,2,1
37548,83,743.1,232.6,2254,75096,2,1
37549,83,743.1,232.4,2254,75098,2,1
37550,83,742.9,232.2,2254,75100,2,1
37551,83,742.7,232,2254,75102,2,1
37552,83,742.5,231.6,2254,75104,2,1
37553,83,742.3,231.2,2254,75106,2,1
37554,83,742.1,230.7,2254,75108,2,1
37555,83,742,230.3,2254,75110,2,1
37556,83,741.9,230,2254,75112,2,1
37557,83,741.9,229.9,2254,75114,2,1
37558,83,741.9,230,2254,75116,2,1
37559,83,742.1,230.1,2254,75118,2,1
37560,83,742.2,230.3,2254,75120,2,1
37561,83,742.4,230.5,2254,75122,2,1
37562,83,742.1,230.6,2254,75124,2,1
37563,83,741.7,230.8,2254,75126,2,1
37564,83,741.5,230.8,2255,75128,2,1
37565,83,741.2,230.9,2255,75130,2,1
37566,83,740.9,231,2255,75132,2,1
37567,83,740.7,231,2255,75134,2,1
37568,83,740.4,231.4,2255,75136,2,1
37569,83,740.4,232.4,2255,75138,2,1
37570,83,740.5,233.4,2255,75140,2,1
37571,83,740.5,234.3,2255,75142,2,1
37572,83,740.4,235,2255,75144,2,1
37573,83,740.2,235.2,2255,75146,2,1
37574,83,740.1,235.3,2255,75148,2,1
37575,83,739.9,235.1,2255,75150,2,1
37576,83,739.9,234.2,2255,75152,2,1
37577,83,739.7,233.2,2255,75154,2,1
37578,83,739.5,232.4,2255,75156,2,1
37579,83,739,231.8,2255,75158,2,1
37580,83,738.5,231.7,2255,75160,2,1
37581,83,738,231.8,2256,75162,2,1
37582,83,737.5,231.9,2256,75164,2,1
37583,83,737.1,232,2256,75166,2,1
37584,83,736.7,232,2256,75168,2,1
37585,83,736.5,231.8,2256,75170,2,1
37586,83,736.5,231.6,2256,75172,2,1
37587,83,736.7,231.2,2256,75174,2,1
37588,83,736.9,230.9,2256,75176,2,1
37589,83,737,230.4,2256,75178,2,1
37590,83,737.1,230.1,2256,75180,2,1
37591,83,737.2,229.8,2256,75182,2,1
37592,83,737.3,229.7,2256,75184,2,1
37593,83,737.5,229.7,2256,75186,2,1
37594,83,737.6,229.7,2256,75188,2,1
37595,83,737.6,229.7,2256,75190,2,1
37596,83,737.8,229.8,2256,75192,2,1
37597,83,737.9,229.9,2257,75194,2,1
37598,83,738.1,229.9,2257,75196,2,1
37599,83,738.2,229.9,2257,75198,2,1
37600,83,738.1,229.9,2257,75200,2,1
37601,83,738,230.1,2257,75202,2,1
37602,83,738,230.1,2257,75204,2,1
37603,83,737.9,229.9,2257,75206,2,1
37604,83,737.8,229.8,2257,75208,2,1
37605,83,737.5,229.8,2257,75210,2,1
37606,83,737.2,229.7,2257,75212,2,1
37607,83,737,229.7,2257,75214,2,1
37608,83,736.8,229.6,2257,75216,2,1
37609,83,736.6,229.6,2257,75218,2,1
37610,83,736.5,229.7,2257,75220,2,1
37611,83,736.5,229.7,2257,75222,2,1
37612,83,737,229.7,2257,75224,2,1
37613,83,737.5,229.5,2257,75226,2,1
37614,83,738,229.1,2258,75228,2,1
37615,83,738.6,228.8,2258,75230,2,1
37616,83,739.2,228.3,2258,75232,2,1
37617,83,739.8,227.9,2258,75234,2,1
37618,83,740.3,227.4,2258,75236,2,1
37619,83,740.4,227,2258,75238,2,1
37620,83,740.5,227,2258,75240,2,1
37621,83,740.3,227.8,2258,75242,2,1
37622,83,740,228.6,2258,75244,2,1
37623,83,739.7,229.6,2258,75246,2,1
37624,83,739.4,230.6,2258,75248,2,1
37625,83,739.2,231.8,2258,75250,2,1
37626,83,739.1,232.8,2258,75252,2,1
37627,83,739,233.7,2258,75254,2,1
37628,83,739.2,233.7,2258,75256,2,1
37629,83,739.3,233.8,2258,75258,2,1
37630,83,739.2,234,2258,75260,2,1
37631,83,738.9,234.2,2259,75262,2,1
37632,83,738.6,234.3,2259,75264,2,1
37633,83,738.3,235,2259,75266,2,1
37634,83,737.8,235.6,2259,75268,2,1
37635,83,737.5,235.9,2259,75270,2,1
37636,83,737.2,235.3,2259,75272,2,1
37637,83,737.3,234.7,2259,75274,2,1
37638,83,737.4,233.9,2259,75276,2,1
37639,83,737.5,233.1,2259,75278,2,1
37640,83,737.7,231.9,2259,75280,2,1
37641,83,737.8,230.8,2259,75282,2,1
37642,83,737.8,229.8,2259,75284,2,1
37643,83,737.8,229.5,2259,75286,2,1
37644,83,737.8,229.2,2259,75288,2,1
37645,83,737.7,229,2259,75290,2,1
37646,83,737.7,229.3,2259,75292,2,1
37647,83,737.6,229.6,2260,75294,2,1
37648,83,737.5,229.9,2260,75296,2,1
37649,83,737.3,230.6,2260,75298,2,1
37650,83,737,231.3,2260,75300,2,1
37651,83,736.6,231.9,2260,75302,2,1
37652,83,736.3,232.3,2260,75304,2,1
37653,83,735.9,232.2,2260,75306,2,1
37654,83,735.6,231.9,2260,75308,2,1
37655,83,735.3,231.5,2260,75310,2,1
37656,83,735.2,230.9,2260,75312,2,1
37657,83,735.2,230.3,2260,75314,2,1
37658,83,735.2,229.7,2260,75316,2,1
37659,83,735.2,229.4,2260,75318,2,1
37660,83,735.3,229,2260,75320,2,1
37661,83,735.5,228.8,2260,75322,2,1
37662,83,735.6,228.8,2260,75324,2,1
37663,83,735.8,228.9,2260,75326,2,1
37664,83,736,229.2,2261,75328,2,1
37665,83,736.3,229.4,2261,75330,2,1
37666,83,736.6,229.9,2261,75332,2,1
37667,83,736.9,230.5,2261,75334,2,1
37668,83,737,231.1,2261,75336,2,1
37669,83,737.2,231.7,2261,75338,2,1
37670,83,737.2,232.2,2261,75340,2,1
37671,83,737.2,232.6,2261,75342,2,1
37672,83,736.6,232.8,2261,75344,2,1
37673,83,735.9,232.7,2261,75346,2,1
37674,83,735.3,232.7,2261,75348,2,1
37675,83,734.8,232.4,2261,75350,2,1
37676,83,734.4,231.9,2261,75352,2,1
37677,83,734,231.3,2261,75354,2,1
37678,83,733.7,230.7,2261,75356,2,1
37679,83,733.9,229.9,2261,75358,2,1
37680,83,734.1,229.2,2261,75360,2,1
37681,83,734.3,228.7,2262,75362,2,1
37682,83,734.4,228.5,2262,75364,2,1
37683,83,734.2,228.8,2262,75366,2,1
37684,83,734.2,229.1,2262,75368,2,1
37685,83,734.2,229.4,2262,75370,2,1
37686,83,734.2,229.9,2262,75372,2,1
37687,83,734.1,230.4,2262,75374,2,1
37688,83,734,230.8,2262,75376,2,1
37689,83,733.9,231.2,2262,75378,2,1
37690,83,734.1,231.4,2262,75380,2,1
37691,83,734.3,231.6,2262,75382,2,1
37692,83,734.4,231.7,2262,75384,2,1
37693,83,734.7,231.7,2262,75386,2,1
37694,83,735,231.6,2262,75388,2,1
37695,83,735.3,231.5,2262,75390,2,1
37696,83,735.7,231.4,2262,75392,2,1
37697,83,735.9,231.2,2263,75394,2,1
37698,83,736,231.1,2263,75396,2,1
37699,83,736.1,230.9,2263,75398,2,1
37700,83,736.2,230.8,2263,75400,2,1
37701,83,736.3,230.6,2263,75402,2,1
37702,83,736.4,230.4,2263,75404,2,1
37703,83,736.5,230,2263,75406,2,1
37704,83,736.6,229.6,2263,75408,2,1
37705,83,736.6,229.3,2263,75410,2,1
37706,83,736.5,228.7,2263,75412,2,1
37707,83,736.4,228.3,2263,75414,2,1
37708,83,736.2,227.8,2263,75416,2,1
37709,83,736,227.4,2263,75418,2,1
37710,83,735.7,227.2,2263,75420,2,1
37711,83,735.6,226.8,2263,75422,2,1
37712,83,735.5,226.4,2263,75424,2,1
37713,83,735.3,226.1,2263,75426,2,1
37714,83,735.2,226.1,2264,75428,2,1
37715,83,735.2,226.1,2264,75430,2,1
37716,83,735.2,226.2,2264,75432,2,1
37717,83,735.6,226.3,2264,75434,2,1
37718,83,736,226.3,2264,75436,2,1
37719,83,736.6,225.9,2264,75438,2,1
37720,83,737.2,225.5,2264,75440,2,1
37721,83,738.1,224.7,2264,75442,2,1
37722,83,738.8,224,2264,75444,2,1
37723,83,739.2,223.6,2264,75446,2,1
37724,83,739.4,223.2,2264,75448,2,1
37725,83,739.5,223.4,2264,75450,2,1
37726,83,739.3,223.9,2264,75452,2,1
37727,83,739.1,224.3,2264,75454,2,1
37728,83,738.8,224.7,2264,75456,2,1
37729,83,738.7,224.9,2264,75458,2,1
37730,83,738.6,224.8,2264,75460,2,1
37731,83,738.6,225.1,2265,75462,2,1
37732,83,738.5,224.8,2265,75464,2,1
37733,83,738.6,225.1,2265,75466,2,1
37734,83,738.5,225.3,2265,75468,2,1
37735,83,738.4,225.7,2265,75470,2,1
37736,83,738.1,226.1,2265,75472,2,1
37737,83,737.8,225.6,2265,75474,2,1
37738,83,737.5,225.2,2265,75476,2,1
37739,83,737.2,224.7,2265,75478,2,1
37740,83,737.3,224,2265,75480,2,1
37741,83,737.5,223.6,2265,75482,2,1
37742,83,737.7,223.2,2265,75484,2,1
37743,83,738.1,222.9,2265,75486,2,1
37744,83,738.4,223.4,2265,75488,2,1
37745,83,738.8,223.9,2265,75490,2,1
37746,83,739.1,224.4,2265,75492,2,1
37747,83,739,224.8,2266,75494,2,1
37748,83,738.7,224.8,2266,75496,2,1
37749,83,738.6,224.7,2266,75498,2,1
37750,83,738.7,224.3,2266,75500,2,1
37751,83,739.1,223.8,2266,75502,2,1
37752,83,739.5,223.3,2266,75504,2,1
37753,83,740.1,222.8,2266,75506,2,1
37754,83,740.7,222.2,2266,75508,2,1
37755,83,741.5,221.7,2266,75510,2,1
37756,83,742.8,221.3,2266,75512,2,1
37757,83,744,221.2,2266,75514,2,1
37758,83,746,221.1,2266,75516,2,1
37759,83,749.4,221,2266,75518,2,1
37760,83,752.6,220.8,2266,75520,2,1
37761,83,757.8,220.2,2266,75522,2,1
37762,83,764,219.4,2266,75524,2,1
37763,83,771.1,218.5,2266,75526,2,1
37764,83,780.2,217.5,2267,75528,2,1
37765,83,788.8,216.5,2267,75530,2,1
37766,83,796,215.6,2267,75532,2,1
37767,83,803.1,214.9,2267,75534,2,1
37768,83,808.2,214.6,2267,75536,2,1
37769,83,812.1,214.5,2267,75538,2,1
37770,83,814.6,214.4,2267,75540,2,1
37771,83,815,214.6,2267,75542,2,1
37772,83,814.5,214.9,2267,75544,2,1
37773,83,814,215.2,2267,75546,2,1
37774,83,813.5,215.5,2267,75548,2,1
37775,83,813.5,215.6,2267,75550,2,1
37776,83,813.5,215.6,2267,75552,2,1
37777,83,813.6,215.6,2267,75554,2,1
37778,83,813.8,215.6,2267,75556,2,1
37779,83,814.2,215.6,2267,75558,2,1
37780,83,814.5,215.6,2267,75560,2,1
37781,83,814.9,215.6,2268,75562,2,1
37782,83,814.9,215.7,2268,75564,2,1
37783,83,815,215.9,2268,75566,2,1
37784,83,815,216,2268,75568,2,1
37785,83,815,216.2,2268,75570,2,1
37786,83,815.1,216.2,2268,75572,2,1
37787,83,815.2,216.1,2268,75574,2,1
37788,83,815.4,216.1,2268,75576,2,1
37789,83,815.5,216.3,2268,75578,2,1
37790,83,815.4,216.6,2268,75580,2,1
37791,83,815.3,216.9,2268,75582,2,1
37792,83,815.2,217.4,2268,75584,2,1
37793,83,814.9,217.9,2268,75586,2,1
37794,83,814.6,218.3,2268,75588,2,1
37795,83,814.1,218.5,2268,75590,2,1
37796,83,813.8,218.5,2268,75592,2,1
37797,83,813.7,218.4,2269,75594,2,1
37798,83,814,217.7,2269,75596,2,1
37799,83,814.3,216.9,2269,75598,2,1
37800,83,814.7,216.2,2269,75600,2,1
37801,83,815.3,215.8,2269,75602,2,1
37802,83,815.8,215.4,2269,75604,2,1
37803,83,816.2,215.2,2269,75606,2,1
37804,83,816.3,215.3,2269,75608,2,1
37805,83,816,216.2,2269,75610,2,1
37806,83,815.6,217.1,2269,75612,2,1
37807,83,815,218.2,2269,75614,2,1
37808,83,814.3,219.3,2269,75616,2,1
37809,83,813.6,219.7,2269,75618,2,1
37810,83,813.1,219.8,2269,75620,2,1
37811,83,812.8,219.7,2269,75622,2,1
37812,83,812.5,219.3,2269,75624,2,1
37813,83,812.6,218.7,2269,75626,2,1
37814,83,812.8,217.8,2270,75628,2,1
37815,83,813.4,217,2270,75630,2,1
37816,83,814.2,216.1,2270,75632,2,1
37817,83,814.9,215.4,2270,75634,2,1
37818,83,815.6,214.8,2270,75636,2,1
37819,83,816.2,214.5,2270,75638,2,1
37820,83,816.5,214.8,2270,75640,2,1
37821,83,816.7,215.4,2270,75642,2,1
37822,83,816.7,215.7,2270,75644,2,1
37823,83,816.6,215.8,2270,75646,2,1
37824,83,816.5,216,2270,75648,2,1
37825,83,816.4,216.1,2270,75650,2,1
37826,83,816.3,216.3,2270,75652,2,1
37827,83,816.2,216.3,2270,75654,2,1
37828,83,816.1,216.3,2270,75656,2,1
37829,83,816.1,216.1,2270,75658,2,1
37830,83,816.1,216.2,2270,75660,2,1
37831,83,816.1,216.6,2271,75662,2,1
37832,83,816,217.2,2271,75664,2,1
37833,83,816,217.7,2271,75666,2,1
37834,83,815.9,217.8,2271,75668,2,1
37835,83,816,217.8,2271,75670,2,1
37836,83,816,217.8,2271,75672,2,1
37837,83,816,217.9,2271,75674,2,1
37838,83,815.9,217.8,2271,75676,2,1
37839,83,815.9,218,2271,75678,2,1
37840,83,816,218.1,2271,75680,2,1
37841,83,816.1,218.4,2271,75682,2,1
37842,83,816.3,218.8,2271,75684,2,1
37843,83,816.3,219.1,2271,75686,2,1
37844,83,816.2,219.6,2271,75688,2,1
37845,83,816.2,219.8,2271,75690,2,1
37846,83,816.1,219.8,2271,75692,2,1
37847,83,816,219.7,2272,75694,2,1
37848,83,815.8,219.7,2272,75696,2,1
37849,83,815.7,219.6,2272,75698,2,1
37850,83,815.8,219.5,2272,75700,2,1
37851,83,816,219.2,2272,75702,2,1
37852,83,816.3,218.8,2272,75704,2,1
37853,83,816.5,218.4,2272,75706,2,1
37854,83,816.7,218.1,2272,75708,2,1
37855,83,816.9,217.9,2272,75710,2,1
37856,83,816.8,217.9,2272,75712,2,1
37857,83,816.7,217.9,2272,75714,2,1
37858,83,816.5,218,2272,75716,2,1
37859,83,816.2,218.6,2272,75718,2,1
37860,83,816.1,219.5,2272,75720,2,1
37861,83,815.9,220.2,2272,75722,2,1
37862,83,815.8,220.7,2272,75724,2,1
37863,83,815.8,220.7,2272,75726,2,1
37864,83,816,220.8,2273,75728,2,1
37865,83,816.2,220.6,2273,75730,2,1
37866,83,816.5,220.3,2273,75732,2,1
37867,83,816.6,219.7,2273,75734,2,1
37868,83,816.6,219.2,2273,75736,2,1
37869,83,816.5,219,2273,75738,2,1
37870,83,816.4,219.1,2273,75740,2,1
37871,83,816.2,219.3,2273,75742,2,1
37872,83,816.1,219.7,2273,75744,2,1
37873,83,816,220,2273,75746,2,1
37874,83,816,220.2,2273,75748,2,1
37875,83,816.2,220.2,2273,75750,2,1
37876,83,816.3,220.2,2273,75752,2,1
37877,83,816.4,220.3,2273,75754,2,1
37878,83,816.5,220.2,2273,75756,2,1
37879,83,816.5,220.2,2273,75758,2,1
37880,83,816.5,220.2,2273,75760,2,1
37881,83,816.6,220.3,2274,75762,2,1
37882,83,816.7,220.3,2274,75764,2,1
37883,83,816.9,220.3,2274,75766,2,1
37884,83,817.1,220.5,2274,75768,2,1
37885,83,817.4,220.4,2274,75770,2,1
37886,83,817.7,220.3,2274,75772,2,1
37887,83,818,220.2,2274,75774,2,1
37888,83,818.2,220.1,2274,75776,2,1
37889,83,818.6,220.1,2274,75778,2,1
37890,83,819.3,220.1,2274,75780,2,1
37891,83,819.9,220,2274,75782,2,1
37892,83,820.5,219.4,2274,75784,2,1
37893,83,821.2,219,2274,75786,2,1
37894,83,821.7,218.9,2274,75788,2,1
37895,83,822.2,219,2274,75790,2,1
37896,83,822.6,219,2274,75792,2,1
37897,83,822.7,219.1,2275,75794,2,1
37898,83,822.6,219.4,2275,75796,2,1
37899,83,822.3,220.3,2275,75798,2,1
37900,83,822.1,220.6,2275,75800,2,1
37901,83,821.9,220.7,2275,75802,2,1
37902,83,821.7,220.5,2275,75804,2,1
37903,83,821.5,220.2,2275,75806,2,1
37904,83,821.3,220.1,2275,75808,2,1
37905,83,821.1,219.6,2275,75810,2,1
37906,83,821,219.3,2275,75812,2,1
37907,83,821.1,219.1,2275,75814,2,1
37908,83,821.4,219.1,2275,75816,2,1
37909,83,821.5,219,2275,75818,2,1
37910,83,821.5,218.9,2275,75820,2,1
37911,83,821.6,218.9,2275,75822,2,1
37912,83,821.5,219,2275,75824,2,1
37913,83,821.4,219.3,2275,75826,2,1
37914,83,821.2,219.6,2276,75828,2,1
37915,83,820.8,219.8,2276,75830,2,1
37916,83,820.6,219.8,2276,75832,2,1
37917,83,820.4,220,2276,75834,2,1
37918,83,820.2,220.2,2276,75836,2,1
37919,83,820.7,220.3,2276,75838,2,1
37920,83,821.2,220.3,2276,75840,2,1
37921,83,821.8,220.3,2276,75842,2,1
37922,83,822.3,220.2,2276,75844,2,1
37923,83,822.8,220.3,2276,75846,2,1
37924,83,822.9,220.6,2276,75848,2,1
37925,83,823.2,220.6,2276,75850,2,1
37926,83,823.1,220.7,2276,75852,2,1
37927,83,822.9,220.6,2276,75854,2,1
37928,83,822.7,220.6,2276,75856,2,1
37929,83,822.5,220.7,2276,75858,2,1
37930,83,822.1,220.5,2276,75860,2,1
37931,83,821.9,220.1,2277,75862,2,1
37932,83,821.7,219.8,2277,75864,2,1
37933,83,821.3,219.6,2277,75866,2,1
37934,83,821,219.5,2277,75868,2,1
37935,83,820.7,219.6,2277,75870,2,1
37936,83,820.5,219.5,2277,75872,2,1
37937,83,820.8,219.3,2277,75874,2,1
37938,83,821.1,219.3,2277,75876,2,1
37939,83,821.3,219.4,2277,75878,2,1
37940,83,821.6,219.6,2277,75880,2,1
37941,83,821.8,219.9,2277,75882,2,1
37942,83,822,220,2277,75884,2,1
37943,83,822.3,220,2277,75886,2,1
37944,83,822.6,220,2277,75888,2,1
37945,83,823,219.9,2277,75890,2,1
37946,83,823.5,219.9,2277,75892,2,1
37947,83,824.3,219.8,2278,75894,2,1
37948,83,825.1,219.6,2278,75896,2,1
37949,83,825.9,219.4,2278,75898,2,1
37950,83,826.6,219.3,2278,75900,2,1
37951,83,826.9,219.3,2278,75902,2,1
37952,83,827,219.6,2278,75904,2,1
37953,83,826.4,220.1,2278,75906,2,1
37954,83,825.4,220.6,2278,75908,2,1
37955,83,824.5,220.8,2278,75910,2,1
37956,83,823.4,220.9,2278,75912,2,1
37957,83,822.4,221,2278,75914,2,1
37958,83,821.6,221.1,2278,75916,2,1
37959,83,820.9,221,2278,75918,2,1
37960,83,821.1,220.9,2278,75920,2,1
37961,83,821.2,220.8,2278,75922,2,1
37962,83,821.3,220.8,2278,75924,2,1
37963,83,821.5,220.5,2278,75926,2,1
37964,83,821.7,220,2279,75928,2,1
37965,83,821.9,219.4,2279,75930,2,1
37966,83,822.1,219,2279,75932,2,1
37967,83,822,218.7,2279,75934,2,1
37968,83,821.9,218.4,2279,75936,2,1
37969,83,821.7,218.2,2279,75938,2,1
37970,83,821.5,218.1,2279,75940,2,1
37971,83,821.2,218.2,2279,75942,2,1
37972,83,820.7,218.5,2279,75944,2,1
37973,83,820.2,218.7,2279,75946,2,1
37974,83,819.8,219,2279,75948,2,1
37975,83,819.4,219.2,2279,75950,2,1
37976,83,819.4,219.5,2279,75952,2,1
37977,83,819.4,219.6,2279,75954,2,1
37978,83,819.5,219.8,2279,75956,2,1
37979,83,819.7,219.8,2279,75958,2,1
37980,83,819.8,219.9,2279,75960,2,1
37981,83,819.8,220.1,2280,75962,2,1
37982,83,819.9,220,2280,75964,2,1
37983,83,819.7,219.6,2280,75966,2,1
37984,83,819.4,219.3,2280,75968,2,1
37985,83,818.9,219.1,2280,75970,2,1
37986,83,818.4,218.9,2280,75972,2,1
37987,83,817.7,218.7,2280,75974,2,1
37988,83,817.1,218.7,2280,75976,2,1
37989,83,816.4,219.3,2280,75978,2,1
37990,83,815.8,220.1,2280,75980,2,1
37991,83,815.3,220.8,2280,75982,2,1
37992,83,815,221.5,2280,75984,2,1
37993,83,814.6,222.3,2280,75986,2,1
37994,83,814.6,222.8,2280,75988,2,1
37995,83,814.5,223,2280,75990,2,1
37996,83,814.4,222.7,2280,75992,2,1
37997,83,814.3,222.4,2281,75994,2,1
37998,83,814.2,222,2281,75996,2,1
37999,83,814,221.7,2281,75998,2,1
38000,83,813.8,221.4,2281,76000,2,1
38001,83,813.7,221.2,2281,76002,2,1
38002,83,813.6,221,2281,76004,2,1
38003,83,813.6,220.7,2281,76006,2,1
38004,83,813.6,220.4,2281,76008,2,1
38005,83,813.6,220.3,2281,76010,2,1
38006,83,813.8,220.2,2281,76012,2,1
38007,83,814,220.5,2281,76014,2,1
38008,83,814.2,220.8,2281,76016,2,1
38009,83,814.4,221.2,2281,76018,2,1
38010,83,814.5,221.6,2281,76020,2,1
38011,83,814.6,222.1,2281,76022,2,1
38012,83,814.5,222.5,2281,76024,2,1
38013,83,814.5,222.9,2281,76026,2,1
38014,83,814.3,223.2,2282,76028,2,1
38015,83,814,223.3,2282,76030,2,1
38016,83,813.7,223.2,2282,76032,2,1
38017,83,813.4,223.1,2282,76034,2,1
38018,83,813,223,2282,76036,2,1
38019,83,812.7,222.8,2282,76038,2,1
38020,83,812.4,222.7,2282,76040,2,1
38021,83,812.3,222.7,2282,76042,2,1
38022,83,812.2,222.7,2282,76044,2,1
38023,83,812.2,222.8,2282,76046,2,1
38024,83,812.2,222.9,2282,76048,2,1
38025,83,812.2,223,2282,76050,2,1
38026,83,812.2,223.1,2282,76052,2,1
38027,83,812.3,223.1,2282,76054,2,1
38028,83,812.3,223,2282,76056,2,1
38029,83,812.3,223.2,2282,76058,2,1
38030,83,812.4,223.5,2282,76060,2,1
38031,83,812.5,224,2283,76062,2,1
38032,83,812.7,224.4,2283,76064,2,1
38033,83,812.8,224.8,2283,76066,2,1
38034,83,813,225,2283,76068,2,1
38035,83,813.1,225.2,2283,76070,2,1
38036,83,813,225.1,2283,76072,2,1
38037,83,813.1,224.9,2283,76074,2,1
38038,83,813.3,224.7,2283,76076,2,1
38039,83,813.5,224.4,2283,76078,2,1
38040,83,813.7,224.3,2283,76080,2,1
38041,83,813.8,224.1,2283,76082,2,1
38042,83,814,224.1,2283,76084,2,1
38043,83,814.3,224.4,2283,76086,2,1
38044,83,814.5,224.8,2283,76088,2,1
38045,83,814.6,225,2283,76090,2,1
38046,83,814.8,225.3,2283,76092,2,1
38047,83,814.9,225.4,2284,76094,2,1
38048,83,815,225.4,2284,76096,2,1
38049,83,815.1,225.4,2284,76098,2,1
38050,83,815.2,224.9,2284,76100,2,1
38051,83,815.3,224.5,2284,76102,2,1
38052,83,815.4,224.1,2284,76104,2,1
38053,83,815.5,223.7,2284,76106,2,1
38054,83,815.5,223.2,2284,76108,2,1
38055,83,815.5,222.8,2284,76110,2,1
38056,83,815.5,222.5,2284,76112,2,1
38057,83,815.5,222.3,2284,76114,2,1
38058,83,815.4,222.1,2284,76116,2,1
38059,83,815.2,221.9,2284,76118,2,1
38060,83,815.1,221.8,2284,76120,2,1
38061,83,815,221.7,2284,76122,2,1
38062,83,815,222,2284,76124,2,1
38063,83,815,222.3,2284,76126,2,1
38064,83,814.9,222.7,2285,76128,2,1
38065,83,814.3,222.9,2285,76130,2,1
38066,83,812.3,223.1,2285,76132,2,1
38067,83,809.5,222.7,2285,76134,2,1
38068,83,805.4,222.3,2285,76136,2,1
38069,83,799.7,220.4,2285,76138,2,1
38070,83,792.8,218.4,2285,76140,2,1
38071,83,785.8,216.5,2285,76142,2,1
38072,83,778.8,213.8,2285,76144,2,1
38073,83,772.6,210.5,2285,76146,2,1
38074,83,767.3,207.7,2285,76148,2,1
38075,83,763.3,204.7,2285,76150,2,1
38076,83,760.2,203,2285,76152,2,1
38077,83,758.4,201.8,2285,76154,2,1
38078,83,757,201.2,2285,76156,2,1
38079,83,756.3,201.7,2285,76158,2,1
38080,83,756.2,203,2285,76160,2,1
38081,83,756.1,204.2,2286,76162,2,1
38082,83,756,205.4,2286,76164,2,1
38083,83,756.5,206.6,2286,76166,2,1
38084,83,756.9,207.3,2286,76168,2,1
38085,83,757.3,207.6,2286,76170,2,1
38086,83,757.4,207.6,2286,76172,2,1
38087,83,757.5,207.5,2286,76174,2,1
38088,83,757.5,207.3,2286,76176,2,1
38089,83,757.6,206.9,2286,76178,2,1
38090,83,757.8,206.5,2286,76180,2,1
38091,83,757.9,206.3,2286,76182,2,1
38092,83,757.9,206,2286,76184,2,1
38093,83,758,205.7,2286,76186,2,1
38094,83,758,205.5,2286,76188,2,1
38095,83,758,205.3,2286,76190,2,1
38096,83,758,205.1,2286,76192,2,1
38097,83,758,204.9,2287,76194,2,1
38098,83,757.9,204.7,2287,76196,2,1
38099,83,757.8,204.6,2287,76198,2,1
38100,83,757.6,204.6,2287,76200,2,1
38101,83,757.4,204.7,2287,76202,2,1
38102,83,757.4,204.8,2287,76204,2,1
38103,83,757.8,205,2287,76206,2,1
38104,83,758.2,205.2,2287,76208,2,1
38105,83,758.5,205.3,2287,76210,2,1
38106,83,758.8,205.4,2287,76212,2,1
38107,83,759.2,205.1,2287,76214,2,1
38108,83,759.5,204.8,2287,76216,2,1
38109,83,759.6,204.6,2287,76218,2,1
38110,83,759.3,204.3,2287,76220,2,1
38111,83,758.6,204.1,2287,76222,2,1
38112,83,757.9,203.9,2287,76224,2,1
38113,83,757.3,203.7,2287,76226,2,1
38114,83,756.7,203.7,2288,76228,2,1
38115,83,756,203.7,2288,76230,2,1
38116,83,755.5,203.7,2288,76232,2,1
38117,83,754.9,203.8,2288,76234,2,1
38118,83,754.8,203.6,2288,76236,2,1
38119,83,754.8,203.4,2288,76238,2,1
38120,83,754.7,203.3,2288,76240,2,1
38121,83,754.6,203.1,2288,76242,2,1
38122,83,754.6,203,2288,76244,2,1
38123,83,754.6,202.9,2288,76246,2,1
38124,83,754.7,202.8,2288,76248,2,1
38125,83,755.1,202.7,2288,76250,2,1
38126,83,755.4,202.6,2288,76252,2,1
38127,83,755.8,202.3,2288,76254,2,1
38128,83,756.2,202.1,2288,76256,2,1
38129,83,756.7,202.1,2288,76258,2,1
38130,83,757.1,202.2,2288,76260,2,1
38131,83,757.9,202.3,2289,76262,2,1
38132,83,758.4,202.7,2289,76264,2,1
38133,83,758.8,203.1,2289,76266,2,1
38134,83,759.3,203.7,2289,76268,2,1
38135,83,759.8,204.2,2289,76270,2,1
38136,83,760.3,204.7,2289,76272,2,1
38137,83,760.6,205.1,2289,76274,2,1
38138,83,760.7,205.4,2289,76276,2,1
38139,83,760.9,205.4,2289,76278,2,1
38140,83,761.2,205.4,2289,76280,2,1
38141,83,761.5,205.2,2289,76282,2,1
38142,83,761.8,204.9,2289,76284,2,1
38143,83,762,204.6,2289,76286,2,1
38144,83,761.8,204.5,2289,76288,2,1
38145,83,761.6,204.7,2289,76290,2,1
38146,83,761.2,204.8,2289,76292,2,1
38147,83,760.7,204.9,2290,76294,2,1
38148,83,760.2,205.1,2290,76296,2,1
38149,83,759.7,205.1,2290,76298,2,1
38150,83,759.1,205.2,2290,76300,2,1
38151,83,759.1,205.2,2290,76302,2,1
38152,83,759.8,205,2290,76304,2,1
38153,83,760.4,204.7,2290,76306,2,1
38154,83,761.1,204.4,2290,76308,2,1
38155,83,762,204,2290,76310,2,1
38156,83,762.9,203.9,2290,76312,2,1
38157,83,763.9,203.9,2290,76314,2,1
38158,83,764.8,203.9,2290,76316,2,1
38159,83,765,204,2290,76318,2,1
38160,83,765.1,204,2290,76320,2,1
38161,83,765.2,203.7,2290,76322,2,1
38162,83,765.2,203.2,2290,76324,2,1
38163,83,765,202.5,2290,76326,2,1
38164,83,764.8,201.9,2291,76328,2,1
38165,83,764.6,201.3,2291,76330,2,1
38166,83,764.5,200.7,2291,76332,2,1
38167,83,764.4,200.8,2291,76334,2,1
38168,83,764.3,201.1,2291,76336,2,1
38169,83,764.2,201.5,2291,76338,2,1
38170,83,764.4,201.7,2291,76340,2,1
38171,83,764.6,202,2291,76342,2,1
38172,83,764.7,202.5,2291,76344,2,1
38173,83,764.8,202.9,2291,76346,2,1
38174,83,764.9,202.9,2291,76348,2,1
38175,83,765,202.9,2291,76350,2,1
38176,83,765.1,202.9,2291,76352,2,1
38177,83,765.1,202.8,2291,76354,2,1
38178,83,765,202.8,2291,76356,2,1
38179,83,764.9,202.8,2291,76358,2,1
38180,83,764.9,202.9,2291,76360,2,1
38181,83,764.8,203,2292,76362,2,1
38182,83,764.7,203.1,2292,76364,2,1
38183,83,764.7,203.3,2292,76366,2,1
38184,83,764.6,203.6,2292,76368,2,1
38185,83,764.7,203.6,2292,76370,2,1
38186,83,764.9,203.2,2292,76372,2,1
38187,83,765.1,202.9,2292,76374,2,1
38188,83,765.2,202.6,2292,76376,2,1
38189,83,765.2,202.8,2292,76378,2,1
38190,83,765.2,203.2,2292,76380,2,1
38191,83,765.2,203.7,2292,76382,2,1
38192,83,765.2,204.2,2292,76384,2,1
38193,83,765.1,204.8,2292,76386,2,1
38194,83,765,205.1,2292,76388,2,1
38195,83,765,205.4,2292,76390,2,1
38196,83,765,205.2,2292,76392,2,1
38197,83,764.9,205,2293,76394,2,1
38198,83,764.4,204.9,2293,76396,2,1
38199,83,764,205,2293,76398,2,1
38200,83,763.7,205.1,2293,76400,2,1
38201,83,763.4,205.6,2293,76402,2,1
38202,83,763.2,206.2,2293,76404,2,1
38203,83,763,206.8,2293,76406,2,1
38204,83,762.9,207.3,2293,76408,2,1
38205,83,763.3,207.6,2293,76410,2,1
38206,83,764.1,206.9,2293,76412,2,1
38207,83,764.8,206.3,2293,76414,2,1
38208,83,765.4,205.8,2293,76416,2,1
38209,83,766,205.3,2293,76418,2,1
38210,83,766.6,204.8,2293,76420,2,1
38211,83,767.1,204.2,2293,76422,2,1
38212,83,767.4,204.5,2293,76424,2,1
38213,83,767.2,204.9,2293,76426,2,1
38214,83,766.9,205.4,2294,76428,2,1
38215,83,766.5,205.8,2294,76430,2,1
38216,83,766,206.3,2294,76432,2,1
38217,83,765.5,206.8,2294,76434,2,1
38218,83,765,207.2,2294,76436,2,1
38219,83,764.7,207,2294,76438,2,1
38220,83,764.5,206.9,2294,76440,2,1
38221,83,764.3,206.9,2294,76442,2,1
38222,83,764.2,206.9,2294,76444,2,1
38223,83,764.1,206.8,2294,76446,2,1
38224,83,764.1,206.8,2294,76448,2,1
38225,83,764.1,206.8,2294,76450,2,1
38226,83,764.1,206.8,2294,76452,2,1
38227,83,764.3,206.7,2294,76454,2,1
38228,83,764.4,206.6,2294,76456,2,1
38229,83,764.7,206.5,2294,76458,2,1
38230,83,765.1,206.6,2294,76460,2,1
38231,83,765.4,206.7,2295,76462,2,1
38232,83,765.6,207,2295,76464,2,1
38233,83,765.7,207.3,2295,76466,2,1
38234,83,765.5,207.8,2295,76468,2,1
38235,83,765.4,208.2,2295,76470,2,1
38236,83,765.1,208.7,2295,76472,2,1
38237,83,765.1,209.2,2295,76474,2,1
38238,83,765.2,209.7,2295,76476,2,1
38239,83,765.3,210.3,2295,76478,2,1
38240,83,765.5,210.7,2295,76480,2,1
38241,83,765.5,211.2,2295,76482,2,1
38242,83,765.5,211.7,2295,76484,2,1
38243,83,765.4,212.2,2295,76486,2,1
38244,83,765.2,212.6,2295,76488,2,1
38245,83,765,213,2295,76490,2,1
38246,83,764.9,213.3,2295,76492,2,1
38247,83,764.9,213.5,2296,76494,2,1
38248,83,765.4,213.2,2296,76496,2,1
38249,83,765.9,212.8,2296,76498,2,1
38250,83,766.3,212.5,2296,76500,2,1
38251,83,766.8,212.3,2296,76502,2,1
38252,83,767.1,212,2296,76504,2,1
38253,83,767.4,211.3,2296,76506,2,1
38254,83,767.3,210.7,2296,76508,2,1
38255,83,767.3,210.2,2296,76510,2,1
38256,83,767.3,209.6,2296,76512,2,1
38257,83,767.5,209,2296,76514,2,1
38258,83,767.8,208.4,2296,76516,2,1
38259,83,768,207.8,2296,76518,2,1
38260,83,768.3,207.6,2296,76520,2,1
38261,83,768.8,207.4,2296,76522,2,1
38262,83,769.1,207.2,2296,76524,2,1
38263,83,769.4,207.1,2297,76526,2,1
38264,83,769.4,207.1,2297,76528,2,1
38265,83,768.6,207.1,2297,76530,2,1
38266,83,767.9,207.4,2297,76532,2,1
38267,83,767.1,207.6,2297,76534,2,1
38268,83,766.3,207.9,2297,76536,2,1
38269,83,765.5,208.2,2297,76538,2,1
38270,83,764.8,208.6,2297,76540,2,1
38271,83,764.3,208.9,2297,76542,2,1
38272,83,765.1,209.1,2297,76544,2,1
38273,83,767.6,209,2297,76546,2,1
38274,83,771.6,209,2297,76548,2,1
38275,83,779,208.8,2297,76550,2,1
38276,83,789.4,208.4,2297,76552,2,1
38277,83,803.1,207.7,2297,76554,2,1
38278,83,822.3,206.7,2297,76556,2,1
38279,83,844,205.5,2297,76558,2,1
38280,83,868.6,204,2297,76560,2,1
38281,83,894.8,202.1,2298,76562,2,1
38282,83,922,199.7,2298,76564,2,1
38283,83,947.3,197.9,2298,76566,2,1
38284,83,971.9,197.2,2298,76568,2,1
38285,83,993.6,197.9,2298,76570,2,1
38286,83,1013.7,200.3,2298,76572,2,1
38287,83,1032.5,203.1,2298,76574,2,1
38288,83,1048.7,206.4,2298,76576,2,1
38289,83,1063.2,210.6,2298,76578,2,1
38290,83,1079.1,214.3,2298,76580,2,1
38291,83,1092.9,217.1,2298,76582,2,1
38292,83,1104,219.1,2298,76584,2,1
38293,83,1113.7,219.5,2298,76586,2,1
38294,83,1120.1,220.2,2298,76588,2,1
38295,83,1126.1,220.6,2298,76590,2,1
38296,83,1129.2,220.6,2298,76592,2,1
38297,83,1129.6,220.7,2299,76594,2,1
38298,83,1129.5,220.8,2299,76596,2,1
38299,83,1129.1,221,2299,76598,2,1
38300,83,1128.7,221.1,2299,76600,2,1
38301,83,1128.4,221.2,2299,76602,2,1
38302,83,1128.9,221.4,2299,76604,2,1
38303,83,1129.7,221.7,2299,76606,2,1
38304,83,1130.7,221.9,2299,76608,2,1
38305,83,1131.9,222,2299,76610,2,1
38306,83,1133.7,222.1,2299,76612,2,1
38307,83,1135.3,222.2,2299,76614,2,1
38308,83,1136.7,222.2,2299,76616,2,1
38309,83,1137.5,222.3,2299,76618,2,1
38310,83,1138,222.2,2299,76620,2,1
38311,83,1138.5,222.2,2299,76622,2,1
38312,83,1139,222.1,2299,76624,2,1
38313,83,1138.9,222,2299,76626,2,1
38314,83,1139,221.9,2300,76628,2,1
38315,83,1139.2,221.8,2300,76630,2,1
38316,83,1139.5,221.7,2300,76632,2,1
38317,83,1139.8,221.6,2300,76634,2,1
38318,83,1140.2,221.6,2300,76636,2,1
38319,83,1140.5,221.7,2300,76638,2,1
38320,83,1140.8,222,2300,76640,2,1
38321,83,1141,222.4,2300,76642,2,1
38322,83,1140.9,223,2300,76644,2,1
38323,83,1140.8,223.5,2300,76646,2,1
38324,83,1140.8,224.1,2300,76648,2,1
38325,83,1140.7,224.7,2300,76650,2,1
38326,83,1140.5,225.2,2300,76652,2,1
38327,83,1140.3,225.6,2300,76654,2,1
38328,83,1139.8,225.9,2300,76656,2,1
38329,83,1139.4,226.1,2300,76658,2,1
38330,83,1139.2,226.1,2300,76660,2,1
38331,83,1138.9,226,2301,76662,2,1
38332,83,1138.7,225.8,2301,76664,2,1
38333,83,1138.5,225.6,2301,76666,2,1
38334,83,1138.2,225.3,2301,76668,2,1
38335,83,1138.2,225,2301,76670,2,1
38336,83,1138.1,224.8,2301,76672,2,1
38337,83,1138.1,224.5,2301,76674,2,1
38338,83,1138.2,224.3,2301,76676,2,1
38339,83,1138.6,223.8,2301,76678,2,1
38340,83,1139,223.4,2301,76680,2,1
38341,83,1139.5,223,2301,76682,2,1
38342,83,1139.9,222.5,2301,76684,2,1
38343,83,1140.4,221.9,2301,76686,2,1
38344,83,1140.8,221.4,2301,76688,2,1
38345,83,1141.1,220.9,2301,76690,2,1
38346,83,1141,220.6,2301,76692,2,1
38347,83,1141,220.4,2302,76694,2,1
38348,83,1141,220.2,2302,76696,2,1
38349,83,1140.9,220.2,2302,76698,2,1
38350,83,1140.9,220.2,2302,76700,2,1
38351,83,1140.9,220.1,2302,76702,2,1
38352,83,1141,220.1,2302,76704,2,1
38353,83,1140.9,220.2,2302,76706,2,1
38354,83,1140.8,220,2302,76708,2,1
38355,83,1140.7,219.8,2302,76710,2,1
38356,83,1140.7,219.7,2302,76712,2,1
38357,83,1140.6,219.9,2302,76714,2,1
38358,83,1140.7,220.3,2302,76716,2,1
38359,83,1140.8,220.6,2302,76718,2,1
38360,83,1140.9,221,2302,76720,2,1
38361,83,1141.1,221.4,2302,76722,2,1
38362,83,1141.3,221.9,2302,76724,2,1
38363,83,1141.4,222.4,2302,76726,2,1
38364,83,1141.5,222.5,2303,76728,2,1
38365,83,1141.5,222.5,2303,76730,2,1
38366,83,1141.4,222.6,2303,76732,2,1
38367,83,1141.3,222.6,2303,76734,2,1
38368,83,1141.6,222.2,2303,76736,2,1
38369,83,1141.8,221.8,2303,76738,2,1
38370,83,1142.2,221.4,2303,76740,2,1
38371,83,1142.6,221,2303,76742,2,1
38372,83,1142.8,220.6,2303,76744,2,1
38373,83,1142.9,220.7,2303,76746,2,1
38374,83,1142.9,220.8,2303,76748,2,1
38375,83,1142.6,221.4,2303,76750,2,1
38376,83,1142.3,222.4,2303,76752,2,1
38377,83,1142,223.3,2303,76754,2,1
38378,83,1141.7,224.2,2303,76756,2,1
38379,83,1140.8,225.2,2303,76758,2,1
38380,83,1140.2,225.4,2304,76760,2,1
38381,83,1139.6,225.7,2304,76762,2,1
38382,83,1138.9,226,2304,76764,2,1
38383,83,1138.2,225.8,2304,76766,2,1
38384,83,1137.6,225.7,2304,76768,2,1
38385,83,1136.9,225.4,2304,76770,2,1
38386,83,1136.9,225.1,2304,76772,2,1
38387,83,1136.9,224.6,2304,76774,2,1
38388,83,1137.2,224.1,2304,76776,2,1
38389,83,1137.6,223.5,2304,76778,2,1
38390,83,1138.1,222.8,2304,76780,2,1
38391,83,1138.6,222.2,2304,76782,2,1
38392,83,1139.1,221.5,2304,76784,2,1
38393,83,1139.6,220.9,2304,76786,2,1
38394,83,1140.2,220.6,2304,76788,2,1
38395,83,1140.6,220.3,2304,76790,2,1
38396,83,1141,220,2304,76792,2,1
38397,83,1141.2,220,2305,76794,2,1
38398,83,1141.2,220.2,2305,76796,2,1
38399,83,1141.3,220.6,2305,76798,2,1
38400,83,1141.5,221,2305,76800,2,1
38401,83,1141.4,221.7,2305,76802,2,1
38402,83,1142,222.2,2305,76804,2,1
38403,83,1142.5,222.6,2305,76806,2,1
38404,83,1143.2,222.6,2305,76808,2,1
38405,83,1143.9,222.5,2305,76810,2,1
38406,83,1144.6,222.3,2305,76812,2,1
38407,83,1145.2,221.6,2305,76814,2,1
38408,83,1145.9,220.9,2305,76816,2,1
38409,83,1146.1,220.2,2305,76818,2,1
38410,83,1146.2,219.8,2305,76820,2,1
38411,83,1146.1,219.6,2305,76822,2,1
38412,83,1145.9,219.6,2305,76824,2,1
38413,83,1145.8,219.6,2305,76826,2,1
38414,83,1145.4,219.8,2306,76828,2,1
38415,83,1144.6,220,2306,76830,2,1
38416,83,1143.8,220.2,2306,76832,2,1
38417,83,1143.1,220.3,2306,76834,2,1
38418,83,1142.5,220,2306,76836,2,1
38419,83,1142,219.6,2306,76838,2,1
38420,83,1141.6,219.2,2306,76840,2,1
38421,83,1141.5,218.8,2306,76842,2,1
38422,83,1141.8,218.4,2306,76844,2,1
38423,83,1142,218.1,2306,76846,2,1
38424,83,1142.2,217.7,2306,76848,2,1
38425,83,1142.3,217.8,2306,76850,2,1
38426,83,1142.2,218.3,2306,76852,2,1
38427,83,1142.1,218.7,2306,76854,2,1
38428,83,1141.9,219.1,2306,76856,2,1
38429,83,1141.8,219.4,2306,76858,2,1
38430,83,1141.7,219.2,2307,76860,2,1
38431,83,1141.6,219,2307,76862,2,1
38432,83,1141.6,218.8,2307,76864,2,1
38433,83,1141.4,218.4,2307,76866,2,1
38434,83,1141.2,218.1,2307,76868,2,1
38435,83,1140.9,218.3,2307,76870,2,1
38436,83,1140.9,218.5,2307,76872,2,1
38437,83,1141,218.8,2307,76874,2,1
38438,83,1141.5,219,2307,76876,2,1
38439,83,1142,219.2,2307,76878,2,1
38440,83,1142.6,219.5,2307,76880,2,1
38441,83,1143.3,219.6,2307,76882,2,1
38442,83,1144,219.4,2307,76884,2,1
38443,83,1144.7,219.1,2307,76886,2,1
38444,83,1145.2,218.8,2307,76888,2,1
38445,83,1145.4,218.6,2307,76890,2,1
38446,83,1145.7,218.4,2307,76892,2,1
38447,83,1145.9,218.2,2308,76894,2,1
38448,83,1146.3,217.9,2308,76896,2,1
38449,83,1146.7,217.6,2308,76898,2,1
38450,83,1147.1,217.3,2308,76900,2,1
38451,83,1147.6,216.9,2308,76902,2,1
38452,83,1147.9,216.4,2308,76904,2,1
38453,83,1148.1,215.9,2308,76906,2,1
38454,83,1147.9,215.5,2308,76908,2,1
38455,83,1147.5,215.2,2308,76910,2,1
38456,83,1147,215.2,2308,76912,2,1
38457,83,1146.3,215.2,2308,76914,2,1
38458,83,1145.7,215.5,2308,76916,2,1
38459,83,1145.1,216.1,2308,76918,2,1
38460,83,1144.6,216.6,2308,76920,2,1
38461,83,1144.4,217.3,2308,76922,2,1
38462,83,1144.3,217.9,2308,76924,2,1
38463,83,1144,218.5,2309,76926,2,1
38464,83,1143.8,219,2309,76928,2,1
38465,83,1143.5,219.5,2309,76930,2,1
38466,83,1143.3,219.8,2309,76932,2,1
38467,83,1143,220.3,2309,76934,2,1
38468,83,1142.6,220.6,2309,76936,2,1
38469,83,1142.1,220.7,2309,76938,2,1
38470,83,1141.9,220.8,2309,76940,2,1
38471,83,1141.6,220.7,2309,76942,2,1
38472,83,1141.5,220.6,2309,76944,2,1
38473,83,1141.6,220.4,2309,76946,2,1
38474,83,1141.7,220.2,2309,76948,2,1
38475,83,1142,220.4,2309,76950,2,1
38476,83,1142.3,220.7,2309,76952,2,1
38477,83,1142.7,221.1,2309,76954,2,1
38478,83,1143.1,221.5,2309,76956,2,1
38479,83,1143.5,221.9,2309,76958,2,1
38480,83,1143.7,222.3,2310,76960,2,1
38481,83,1143.8,222.8,2310,76962,2,1
38482,83,1143.9,222.9,2310,76964,2,1
38483,83,1144.1,223,2310,76966,2,1
38484,83,1144.3,222.8,2310,76968,2,1
38485,83,1144.4,222.6,2310,76970,2,1
38486,83,1144.4,222.4,2310,76972,2,1
38487,83,1144.3,222.1,2310,76974,2,1
38488,83,1144.2,221.7,2310,76976,2,1
38489,83,1144.2,221.5,2310,76978,2,1
38490,83,1144,221.2,2310,76980,2,1
38491,83,1144.4,221.1,2310,76982,2,1
38492,83,1144.8,221,2310,76984,2,1
38493,83,1145.2,221,2310,76986,2,1
38494,83,1145.8,221,2310,76988,2,1
38495,83,1146.4,220.7,2310,76990,2,1
38496,83,1147.3,220,2310,76992,2,1
38497,83,1147.9,219.5,2311,76994,2,1
38498,83,1148,219,2311,76996,2,1
38499,83,1148,218.5,2311,76998,2,1
38500,83,1148.1,217.9,2311,77000,2,1
38501,83,1148,217.3,2311,77002,2,1
38502,83,1148,216.9,2311,77004,2,1
38503,83,1148.2,216.5,2311,77006,2,1
38504,83,1148.5,216.1,2311,77008,2,1
38505,83,1148.8,215.8,2311,77010,2,1
38506,83,1149.2,215.6,2311,77012,2,1
38507,83,1149.6,215.5,2311,77014,2,1
38508,83,1150.1,215.4,2311,77016,2,1
38509,83,1150.4,215.5,2311,77018,2,1
38510,83,1149.6,215.7,2311,77020,2,1
38511,83,1148.8,215.9,2311,77022,2,1
38512,83,1147.9,216.1,2311,77024,2,1
38513,83,1146.9,216.3,2311,77026,2,1
38514,83,1145.8,216.5,2312,77028,2,1
38515,83,1144.8,216.8,2312,77030,2,1
38516,83,1143.5,216.7,2312,77032,2,1
38517,83,1143.2,216.9,2312,77034,2,1
38518,83,1142.8,216.9,2312,77036,2,1
38519,83,1142.5,217,2312,77038,2,1
38520,83,1142.3,217.1,2312,77040,2,1
38521,83,1142.2,217,2312,77042,2,1
38522,83,1142.3,217.1,2312,77044,2,1
38523,83,1142.5,217.2,2312,77046,2,1
38524,83,1142.6,217.5,2312,77048,2,1
38525,83,1142.9,217.6,2312,77050,2,1
38526,83,1143.2,217.9,2312,77052,2,1
38527,83,1143.7,217.9,2312,77054,2,1
38528,83,1144.3,218,2312,77056,2,1
38529,83,1144.8,217.7,2312,77058,2,1
38530,83,1145.5,217.5,2313,77060,2,1
38531,83,1146.3,217.1,2313,77062,2,1
38532,83,1146.9,216.9,2313,77064,2,1
38533,83,1147.4,216.7,2313,77066,2,1
38534,83,1147.6,216.5,2313,77068,2,1
38535,83,1147.8,216.5,2313,77070,2,1
38536,83,1148,216.8,2313,77072,2,1
38537,83,1147.9,217.5,2313,77074,2,1
38538,83,1148,217.9,2313,77076,2,1
38539,83,1147.9,218.1,2313,77078,2,1
38540,83,1147.7,218.4,2313,77080,2,1
38541,83,1147.2,218.8,2313,77082,2,1
38542,83,1146.6,219,2313,77084,2,1
38543,83,1145.9,219.1,2313,77086,2,1
38544,83,1145.3,219,2313,77088,2,1
38545,83,1144.7,219,2313,77090,2,1
38546,83,1144.3,219,2313,77092,2,1
38547,83,1144,218.9,2314,77094,2,1
38548,83,1143.7,218.9,2314,77096,2,1
38549,83,1143.6,218.9,2314,77098,2,1
38550,83,1143.6,219,2314,77100,2,1
38551,83,1143.7,219.3,2314,77102,2,1
38552,83,1143.8,219.7,2314,77104,2,1
38553,83,1143.9,220.2,2314,77106,2,1
38554,83,1144.2,220.4,2314,77108,2,1
38555,83,1144.9,220.3,2314,77110,2,1
38556,83,1145.4,220.2,2314,77112,2,1
38557,83,1145.8,219.9,2314,77114,2,1
38558,83,1146,219.5,2314,77116,2,1
38559,83,1146,219.1,2314,77118,2,1
38560,83,1145.9,218.7,2314,77120,2,1
38561,83,1145.8,218.3,2314,77122,2,1
38562,83,1145.7,217.9,2314,77124,2,1
38563,83,1145.4,217.6,2315,77126,2,1
38564,83,1145.1,217.4,2315,77128,2,1
38565,83,1144.9,217.4,2315,77130,2,1
38566,83,1144.8,217.3,2315,77132,2,1
38567,83,1144.7,217.3,2315,77134,2,1
38568,83,1144.6,217.2,2315,77136,2,1
38569,83,1144.6,217.3,2315,77138,2,1
38570,83,1144.6,217.5,2315,77140,2,1
38571,83,1144.6,217.9,2315,77142,2,1
38572,83,1144.4,218.3,2315,77144,2,1
38573,83,1144.5,218.4,2315,77146,2,1
38574,83,1144.6,218.1,2315,77148,2,1
38575,83,1144.9,217.7,2315,77150,2,1
38576,83,1145.1,217.3,2315,77152,2,1
38577,83,1145.4,217,2315,77154,2,1
38578,83,1145.6,216.8,2315,77156,2,1
38579,83,1145.7,216.7,2315,77158,2,1
38580,83,1145.5,217,2315,77160,2,1
38581,83,1145.3,217.6,2316,77162,2,1
38582,83,1145,218.2,2316,77164,2,1
38583,83,1144.5,218.7,2316,77166,2,1
38584,83,1144,219.2,2316,77168,2,1
38585,83,1143.4,219.7,2316,77170,2,1
38586,83,1143,220.1,2316,77172,2,1
38587,83,1142.9,220.1,2316,77174,2,1
38588,83,1142.6,220.2,2316,77176,2,1
38589,83,1142.3,220.2,2316,77178,2,1
38590,83,1142.2,220.2,2316,77180,2,1
38591,83,1142,220.3,2316,77182,2,1
38592,83,1142,220.3,2316,77184,2,1
38593,83,1141.9,220.2,2316,77186,2,1
38594,83,1141.8,220,2316,77188,2,1
38595,83,1142.4,219.8,2316,77190,2,1
38596,83,1142.9,219.4,2316,77192,2,1
38597,83,1143.5,219.1,2317,77194,2,1
38598,83,1144,218.9,2317,77196,2,1
38599,83,1144.4,218.8,2317,77198,2,1
38600,83,1144.8,218.8,2317,77200,2,1
38601,83,1145.2,219.1,2317,77202,2,1
38602,83,1145.1,219.3,2317,77204,2,1
38603,83,1145,219.7,2317,77206,2,1
38604,83,1145,219.8,2317,77208,2,1
38605,83,1144.9,219.7,2317,77210,2,1
38606,83,1144.8,219.6,2317,77212,2,1
38607,83,1144.9,219.1,2317,77214,2,1
38608,83,1145,218.6,2317,77216,2,1
38609,83,1145,218.1,2317,77218,2,1
38610,83,1144.7,217.6,2317,77220,2,1
38611,83,1144.5,217.4,2317,77222,2,1
38612,83,1144.2,217.4,2317,77224,2,1
38613,83,1143.9,217.4,2317,77226,2,1
38614,83,1143.4,218.1,2318,77228,2,1
38615,83,1143,218.8,2318,77230,2,1
38616,83,1142.8,219.3,2318,77232,2,1
38617,83,1142.8,219.8,2318,77234,2,1
38618,83,1142.8,220.3,2318,77236,2,1
38619,83,1142.8,220.6,2318,77238,2,1
38620,83,1142.8,220.9,2318,77240,2,1
38621,83,1142.8,220.9,2318,77242,2,1
38622,83,1142.9,220.8,2318,77244,2,1
38623,83,1143.2,220.7,2318,77246,2,1
38624,83,1143.3,220.6,2318,77248,2,1
38625,83,1144,220.5,2318,77250,2,1
38626,83,1144.7,220.4,2318,77252,2,1
38627,83,1145.6,220,2318,77254,2,1
38628,83,1146.5,219.5,2318,77256,2,1
38629,83,1147.6,218.9,2318,77258,2,1
38630,83,1149.9,218.8,2319,77260,2,1
38631,83,1152.5,218.7,2319,77262,2,1
38632,83,1155.6,218.7,2319,77264,2,1
38633,83,1160.5,218.9,2319,77266,2,1
38634,83,1166.2,219.5,2319,77268,2,1
38635,83,1171.9,220.2,2319,77270,2,1
38636,83,1177.4,221.3,2319,77272,2,1
38637,83,1181.7,222.1,2319,77274,2,1
38638,83,1185.7,223.4,2319,77276,2,1
38639,83,1188.5,224.8,2319,77278,2,1
38640,83,1189.1,226.1,2319,77280,2,1
38641,83,1188.7,227.1,2319,77282,2,1
38642,83,1188.2,227.9,2319,77284,2,1
38643,83,1187.6,228,2319,77286,2,1
38644,83,1187,227.3,2319,77288,2,1
38645,83,1186.5,226.1,2319,77290,2,1
38646,83,1186.5,224.8,2319,77292,2,1
38647,83,1186.9,223.5,2320,77294,2,1
38648,83,1187.4,222.5,2320,77296,2,1
38649,83,1188,221.9,2320,77298,2,1
38650,83,1188.5,221.9,2320,77300,2,1
38651,83,1188.7,222.4,2320,77302,2,1
38652,83,1188.7,222.8,2320,77304,2,1
38653,83,1188.2,223.5,2320,77306,2,1
38654,83,1187.7,224.2,2320,77308,2,1
38655,83,1187.1,224.8,2320,77310,2,1
38656,83,1186.5,225.1,2320,77312,2,1
38657,83,1185.8,225.6,2320,77314,2,1
38658,83,1185.4,226.1,2320,77316,2,1
38659,83,1185.4,226.5,2320,77318,2,1
38660,83,1185.6,226.7,2320,77320,2,1
38661,83,1186.3,227,2320,77322,2,1
38662,83,1187,227.2,2320,77324,2,1
38663,83,1187.9,227.6,2321,77326,2,1
38664,83,1188.9,227.9,2321,77328,2,1
38665,83,1189.9,228.1,2321,77330,2,1
38666,83,1190.9,228.4,2321,77332,2,1
38667,83,1191.8,228.6,2321,77334,2,1
38668,83,1192.1,228.4,2321,77336,2,1
38669,83,1192.3,228.1,2321,77338,2,1
38670,83,1192.5,227.9,2321,77340,2,1
38671,83,1192.4,227.8,2321,77342,2,1
38672,83,1192.4,227.5,2321,77344,2,1
38673,83,1192.2,227.1,2321,77346,2,1
38674,83,1192.2,226.6,2321,77348,2,1
38675,83,1192.4,226.1,2321,77350,2,1
38676,83,1192.5,225.8,2321,77352,2,1
38677,83,1192.5,225.7,2321,77354,2,1
38678,83,1191.9,225.6,2321,77356,2,1
38679,83,1191.2,225.6,2321,77358,2,1
38680,83,1190.4,225.8,2322,77360,2,1
38681,83,1189.6,226,2322,77362,2,1
38682,83,1188.8,226.2,2322,77364,2,1
38683,83,1188.2,226.2,2322,77366,2,1
38684,83,1187.7,226.1,2322,77368,2,1
38685,83,1188.2,225.7,2322,77370,2,1
38686,83,1188.5,225.2,2322,77372,2,1
38687,83,1188.8,224.8,2322,77374,2,1
38688,83,1189.1,224.5,2322,77376,2,1
38689,83,1189.6,224,2322,77378,2,1
38690,83,1190.3,223.5,2322,77380,2,1
38691,83,1190.9,222.9,2322,77382,2,1
38692,83,1191.2,222.6,2322,77384,2,1
38693,83,1191.6,222.3,2322,77386,2,1
38694,83,1192.1,221.9,2322,77388,2,1
38695,83,1192.4,221.6,2322,77390,2,1
38696,83,1192.8,221.3,2322,77392,2,1
38697,83,1192.9,221.1,2323,77394,2,1
38698,83,1193.2,221,2323,77396,2,1
38699,83,1193.5,220.9,2323,77398,2,1
38700,83,1194.1,220.9,2323,77400,2,1
38701,83,1194.6,220.7,2323,77402,2,1
38702,83,1195.2,220.4,2323,77404,2,1
38703,83,1195.6,220.2,2323,77406,2,1
38704,83,1196,219.9,2323,77408,2,1
38705,83,1196.3,219.7,2323,77410,2,1
38706,83,1196.5,219.6,2323,77412,2,1
38707,83,1196.3,219.6,2323,77414,2,1
38708,83,1196.2,219.8,2323,77416,2,1
38709,83,1196,220,2323,77418,2,1
38710,83,1196,220.2,2323,77420,2,1
38711,83,1196,220.4,2323,77422,2,1
38712,83,1196,220.8,2323,77424,2,1
38713,83,1196,221.3,2323,77426,2,1
38714,83,1195.9,221.8,2324,77428,2,1
38715,83,1196,222.4,2324,77430,2,1
38716,83,1195.9,223,2324,77432,2,1
38717,83,1195.9,223.6,2324,77434,2,1
38718,83,1195.8,224.1,2324,77436,2,1
38719,83,1195.6,224.2,2324,77438,2,1
38720,83,1195.3,224.3,2324,77440,2,1
38721,83,1195,224.2,2324,77442,2,1
38722,83,1194.8,224.1,2324,77444,2,1
38723,83,1194.6,224,2324,77446,2,1
38724,83,1194.4,223.7,2324,77448,2,1
38725,83,1194.5,223.5,2324,77450,2,1
38726,83,1194.5,223.6,2324,77452,2,1
38727,83,1194.5,223.6,2324,77454,2,1
38728,83,1194.5,223.7,2324,77456,2,1
38729,83,1194.4,223.9,2324,77458,2,1
38730,83,1194.3,224.1,2325,77460,2,1
38731,83,1194.1,224.4,2325,77462,2,1
38732,83,1194,224.6,2325,77464,2,1
38733,83,1194.1,224.7,2325,77466,2,1
38734,83,1194.2,224.8,2325,77468,2,1
38735,83,1194.3,224.9,2325,77470,2,1
38736,83,1194.3,225.1,2325,77472,2,1
38737,83,1194,225.4,2325,77474,2,1
38738,83,1193.6,225.5,2325,77476,2,1
38739,83,1193.1,225.7,2325,77478,2,1
38740,83,1192.5,225.9,2325,77480,2,1
38741,83,1191.8,226.1,2325,77482,2,1
38742,83,1191.3,226.3,2325,77484,2,1
38743,83,1190.9,226.4,2325,77486,2,1
38744,83,1190.8,226.5,2325,77488,2,1
38745,83,1190.8,226.6,2325,77490,2,1
38746,83,1191.1,226.5,2325,77492,2,1
38747,83,1191.6,226.4,2326,77494,2,1
38748,83,1192.1,226.2,2326,77496,2,1
38749,83,1192.4,226.2,2326,77498,2,1
38750,83,1193.2,226.3,2326,77500,2,1
38751,83,1193.8,226.4,2326,77502,2,1
38752,83,1194.4,226.5,2326,77504,2,1
38753,83,1195,226.5,2326,77506,2,1
38754,83,1195.4,226.4,2326,77508,2,1
38755,83,1195.8,226.3,2326,77510,2,1
38756,83,1196,226.1,2326,77512,2,1
38757,83,1195.6,226,2326,77514,2,1
38758,83,1195.3,226.1,2326,77516,2,1
38759,83,1195.1,226.2,2326,77518,2,1
38760,83,1194.7,226.3,2326,77520,2,1
38761,83,1194.3,226.4,2326,77522,2,1
38762,83,1193.7,226.6,2326,77524,2,1
38763,83,1193.4,226.6,2327,77526,2,1
38764,83,1192.2,226.7,2327,77528,2,1
38765,83,1191,226.7,2327,77530,2,1
38766,83,1189.2,226.3,2327,77532,2,1
38767,83,1186.9,226,2327,77534,2,1
38768,83,1183.2,225.9,2327,77536,2,1
38769,83,1179.7,224.4,2327,77538,2,1
38770,83,1176.2,222.9,2327,77540,2,1
38771,83,1173.7,221.2,2327,77542,2,1
38772,83,1171.3,219.3,2327,77544,2,1
38773,83,1169.4,217.8,2327,77546,2,1
38774,83,1168.2,216.2,2327,77548,2,1
38775,83,1168.2,214.8,2327,77550,2,1
38776,83,1168.4,215.1,2327,77552,2,1
38777,83,1168.5,215.4,2327,77554,2,1
38778,83,1168.7,215.8,2327,77556,2,1
38779,83,1169,216.2,2327,77558,2,1
38780,83,1169.3,216.7,2328,77560,2,1
38781,83,1169.5,217.1,2328,77562,2,1
38782,83,1169.8,217.3,2328,77564,2,1
38783,83,1170,217.2,2328,77566,2,1
38784,83,1169.3,217.3,2328,77568,2,1
38785,83,1168.5,217.4,2328,77570,2,1
38786,83,1167.7,217.4,2328,77572,2,1
38787,83,1167,217.3,2328,77574,2,1
38788,83,1166.2,217.3,2328,77576,2,1
38789,83,1165.5,217.2,2328,77578,2,1
38790,83,1164.9,217.1,2328,77580,2,1
38791,83,1165,216.8,2328,77582,2,1
38792,83,1165.5,216.4,2328,77584,2,1
38793,83,1166.1,216,2328,77586,2,1
38794,83,1166.6,215.8,2328,77588,2,1
38795,83,1167.1,215.6,2328,77590,2,1
38796,83,1167.6,215.5,2328,77592,2,1
38797,83,1168.4,215.5,2329,77594,2,1
38798,83,1169.2,215.5,2329,77596,2,1
38799,83,1169.5,215.8,2329,77598,2,1
38800,83,1169.7,216,2329,77600,2,1
38801,83,1170,216,2329,77602,2,1
38802,83,1170.3,215.9,2329,77604,2,1
38803,83,1170.5,215.8,2329,77606,2,1
38804,83,1170.6,215.5,2329,77608,2,1
38805,83,1170.7,215.3,2329,77610,2,1
38806,83,1170.7,215.2,2329,77612,2,1
38807,83,1170.3,215.1,2329,77614,2,1
38808,83,1169.9,215.1,2329,77616,2,1
38809,83,1169.2,215.1,2329,77618,2,1
38810,83,1168.4,215.2,2329,77620,2,1
38811,83,1167.6,215.3,2329,77622,2,1
38812,83,1166.9,215.5,2329,77624,2,1
38813,83,1166.4,215.7,2330,77626,2,1
38814,83,1166.4,216,2330,77628,2,1
38815,83,1166.2,216.3,2330,77630,2,1
38816,83,1166,216.9,2330,77632,2,1
38817,83,1165.9,217.4,2330,77634,2,1
38818,83,1165.7,218,2330,77636,2,1
38819,83,1165.6,218.6,2330,77638,2,1
38820,83,1165.5,219.2,2330,77640,2,1
38821,83,1165.5,219.6,2330,77642,2,1
38822,83,1165.6,220,2330,77644,2,1
38823,83,1165.9,220.5,2330,77646,2,1
38824,83,1166.5,220.9,2330,77648,2,1
38825,83,1167.1,221.2,2330,77650,2,1
38826,83,1167.4,221.5,2330,77652,2,1
38827,83,1167.8,221.7,2330,77654,2,1
38828,83,1168,221.7,2330,77656,2,1
38829,83,1168,221.7,2330,77658,2,1
38830,83,1167.9,221.5,2331,77660,2,1
38831,83,1167.4,221.4,2331,77662,2,1
38832,83,1166.9,221.2,2331,77664,2,1
38833,83,1166.4,221,2331,77666,2,1
38834,83,1166,220.7,2331,77668,2,1
38835,83,1165.6,220.4,2331,77670,2,1
38836,83,1165.5,220.2,2331,77672,2,1
38837,83,1165.5,220.1,2331,77674,2,1
38838,83,1165.8,220.1,2331,77676,2,1
38839,83,1166.1,220.2,2331,77678,2,1
38840,83,1166.3,220.3,2331,77680,2,1
38841,83,1166.6,220.5,2331,77682,2,1
38842,83,1167,220.5,2331,77684,2,1
38843,83,1167.6,220.5,2331,77686,2,1
38844,83,1168.1,220.4,2331,77688,2,1
38845,83,1168.4,220.3,2331,77690,2,1
38846,83,1168.6,220.2,2331,77692,2,1
38847,83,1168.8,220.3,2332,77694,2,1
38848,83,1169.1,220.3,2332,77696,2,1
38849,83,1169.2,220.4,2332,77698,2,1
38850,83,1169,220.8,2332,77700,2,1
38851,83,1168.5,221.1,2332,77702,2,1
38852,83,1167.9,221.5,2332,77704,2,1
38853,83,1167.4,221.9,2332,77706,2,1
38854,83,1166.9,222.1,2332,77708,2,1
38855,83,1166.3,222.3,2332,77710,2,1
38856,83,1165.8,222.5,2332,77712,2,1
38857,83,1165.3,222.7,2332,77714,2,1
38858,83,1165.3,222.9,2332,77716,2,1
38859,83,1165.3,223.2,2332,77718,2,1
38860,83,1165.5,223.4,2332,77720,2,1
38861,83,1166.3,223.4,2332,77722,2,1
38862,83,1167.1,223.4,2332,77724,2,1
38863,83,1168.1,223.2,2332,77726,2,1
38864,83,1169.3,222.6,2333,77728,2,1
38865,83,1170.5,222,2333,77730,2,1
38866,83,1171.6,221.4,2333,77732,2,1
38867,83,1172.5,220.9,2333,77734,2,1
38868,83,1172.8,220.8,2333,77736,2,1
38869,83,1173,220.9,2333,77738,2,1
38870,83,1172.9,221,2333,77740,2,1
38871,83,1172.9,221.3,2333,77742,2,1
38872,83,1172.8,221.7,2333,77744,2,1
38873,83,1173,222.5,2333,77746,2,1
38874,83,1174,223.6,2333,77748,2,1
38875,83,1176,224.6,2333,77750,2,1
38876,83,1179.5,227.5,2333,77752,2,1
38877,83,1183.7,231.8,2333,77754,2,1
38878,83,1188.8,237.7,2333,77756,2,1
38879,83,1194.5,244.5,2333,77758,2,1
38880,83,1200.1,251.9,2334,77760,2,1
38881,83,1204.9,259.5,2334,77762,2,1
38882,83,1209,268,2334,77764,2,1
38883,83,1211.9,274.4,2334,77766,2,1
38884,83,1213.5,279.3,2334,77768,2,1
38885,83,1214.2,282.4,2334,77770,2,1
38886,83,1214.1,283.7,2334,77772,2,1
38887,83,1213.9,283.7,2334,77774,2,1
38888,83,1213.5,283.2,2334,77776,2,1
38889,83,1212.9,281.6,2334,77778,2,1
38890,83,1212.2,280.1,2334,77780,2,1
38891,83,1212.1,278.7,2334,77782,2,1
38892,83,1212.1,277.5,2334,77784,2,1
38893,83,1212.3,276.7,2334,77786,2,1
38894,83,1212.6,276.5,2334,77788,2,1
38895,83,1212.9,276.8,2334,77790,2,1
38896,83,1213.2,277.3,2334,77792,2,1
38897,83,1213.5,278.1,2335,77794,2,1
38898,83,1213.9,279.7,2335,77796,2,1
38899,83,1214.1,281.3,2335,77798,2,1
38900,83,1214.4,282.8,2335,77800,2,1
38901,83,1214.6,283.9,2335,77802,2,1
38902,83,1214.7,284.6,2335,77804,2,1
38903,83,1214.7,285.2,2335,77806,2,1
38904,83,1214.7,285.7,2335,77808,2,1
38905,83,1214.6,285.4,2335,77810,2,1
38906,83,1214.5,285.2,2335,77812,2,1
38907,83,1214.5,285.1,2335,77814,2,1
38908,83,1214.6,285.4,2335,77816,2,1
38909,83,1215,285.7,2335,77818,2,1
38910,83,1215.8,286,2335,77820,2,1
38911,83,1216.6,286.2,2335,77822,2,1
38912,83,1217.3,286.6,2335,77824,2,1
38913,83,1217.8,286.9,2336,77826,2,1
38914,83,1218.3,287.2,2336,77828,2,1
38915,83,1218.6,287.5,2336,77830,2,1
38916,83,1218.9,287.5,2336,77832,2,1
38917,83,1218.8,287.4,2336,77834,2,1
38918,83,1219,287.2,2336,77836,2,1
38919,83,1219.2,287,2336,77838,2,1
38920,83,1219.8,286.7,2336,77840,2,1
38921,83,1220.5,286.5,2336,77842,2,1
38922,83,1221.2,286.3,2336,77844,2,1
38923,83,1222,286,2336,77846,2,1
38924,83,1222.9,285.6,2336,77848,2,1
38925,83,1223.7,285.3,2336,77850,2,1
38926,83,1224.3,285,2336,77852,2,1
38927,83,1224.7,284.7,2336,77854,2,1
38928,83,1224.7,284.6,2336,77856,2,1
38929,83,1224.3,284.6,2336,77858,2,1
38930,83,1223.7,284.7,2337,77860,2,1
38931,83,1223,284.6,2337,77862,2,1
38932,83,1222.4,284.5,2337,77864,2,1
38933,83,1221.9,284.4,2337,77866,2,1
38934,83,1221.6,284.4,2337,77868,2,1
38935,83,1221.4,284.2,2337,77870,2,1
38936,83,1221.6,284.1,2337,77872,2,1
38937,83,1221.9,284.2,2337,77874,2,1
38938,83,1222.5,284.3,2337,77876,2,1
38939,83,1223.1,284.3,2337,77878,2,1
38940,83,1223.5,284.4,2337,77880,2,1
38941,83,1223.9,284.4,2337,77882,2,1
38942,83,1224.2,284.3,2337,77884,2,1
38943,83,1224.4,284.3,2337,77886,2,1
38944,83,1224.1,284.1,2337,77888,2,1
38945,83,1223.6,284.1,2337,77890,2,1
38946,83,1223.1,284.2,2337,77892,2,1
38947,83,1222.6,284.4,2338,77894,2,1
38948,83,1222.1,284.7,2338,77896,2,1
38949,83,1221.9,285.1,2338,77898,2,1
38950,83,1221.7,285.4,2338,77900,2,1
38951,83,1222.1,285.8,2338,77902,2,1
38952,83,1222.3,286,2338,77904,2,1
38953,83,1222.8,286,2338,77906,2,1
38954,83,1223.3,285.9,2338,77908,2,1
38955,83,1223.8,285.7,2338,77910,2,1
38956,83,1224,285.3,2338,77912,2,1
38957,83,1223.9,284.9,2338,77914,2,1
38958,83,1223.7,284.5,2338,77916,2,1
38959,83,1223.4,284.3,2338,77918,2,1
38960,83,1223.1,284.5,2338,77920,2,1
38961,83,1222.7,284.6,2338,77922,2,1
38962,83,1222.2,284.8,2338,77924,2,1
38963,83,1221.7,285.1,2338,77926,2,1
38964,83,1221.5,286,2339,77928,2,1
38965,83,1221.4,286.8,2339,77930,2,1
38966,83,1221.4,287.6,2339,77932,2,1
38967,83,1221.5,288,2339,77934,2,1
38968,83,1221.5,288.1,2339,77936,2,1
38969,83,1221.5,288.3,2339,77938,2,1
38970,83,1221.3,288.4,2339,77940,2,1
38971,83,1221.2,288.1,2339,77942,2,1
38972,83,1221,288.5,2339,77944,2,1
38973,83,1220.7,289,2339,77946,2,1
38974,83,1220.3,289.7,2339,77948,2,1
38975,83,1220,290.6,2339,77950,2,1
38976,83,1219.7,291.6,2339,77952,2,1
38977,83,1219.6,292.5,2339,77954,2,1
38978,83,1219.5,292.7,2339,77956,2,1
38979,83,1219.5,292,2339,77958,2,1
38980,83,1219.5,291.4,2340,77960,2,1
38981,83,1219.6,290.9,2340,77962,2,1
38982,83,1219.6,290.4,2340,77964,2,1
38983,83,1219.7,290.1,2340,77966,2,1
38984,83,1219.7,289.9,2340,77968,2,1
38985,83,1219.9,290.3,2340,77970,2,1
38986,83,1220,290.6,2340,77972,2,1
38987,83,1220.1,290.8,2340,77974,2,1
38988,83,1220.1,291.1,2340,77976,2,1
38989,83,1219.8,291.2,2340,77978,2,1
38990,83,1219.6,291.3,2340,77980,2,1
38991,83,1219.2,291.5,2340,77982,2,1
38992,83,1218.7,291.6,2340,77984,2,1
38993,83,1218.2,291.7,2340,77986,2,1
38994,83,1217.8,291.7,2340,77988,2,1
38995,83,1217.3,292.6,2340,77990,2,1
38996,83,1217.1,293.5,2340,77992,2,1
38997,83,1217,294.4,2341,77994,2,1
38998,83,1216.8,295.2,2341,77996,2,1
38999,83,1216.6,296,2341,77998,2,1
39000,83,1216.4,296.7,2341,78000,2,1
39001,83,1216.2,296.9,2341,78002,2,1
39002,83,1216,296.4,2341,78004,2,1
39003,83,1215.6,296,2341,78006,2,1
39004,83,1215.1,295.9,2341,78008,2,1
39005,83,1214.8,295.5,2341,78010,2,1
39006,83,1214.5,295,2341,78012,2,1
39007,83,1214.2,294.3,2341,78014,2,1
39008,83,1214.1,294.1,2341,78016,2,1
39009,83,1213.9,293.9,2341,78018,2,1
39010,83,1213.7,293.6,2341,78020,2,1
39011,83,1213.6,293.3,2341,78022,2,1
39012,83,1212.6,293.4,2341,78024,2,1
39013,83,1211.7,293.5,2342,78026,2,1
39014,83,1210.7,294,2342,78028,2,1
39015,83,1208.4,294.8,2342,78030,2,1
39016,83,1205.6,295.6,2342,78032,2,1
39017,83,1202.7,296.2,2342,78034,2,1
39018,83,1199.7,296.9,2342,78036,2,1
39019,83,1196.5,298,2342,78038,2,1
39020,83,1192.7,299.1,2342,78040,2,1
39021,83,1189,300,2342,78042,2,1
39022,83,1186.6,300.8,2342,78044,2,1
39023,83,1184.4,302,2342,78046,2,1
39024,83,1181.7,303.6,2342,78048,2,1
39025,83,1179,305.1,2342,78050,2,1
39026,83,1177,306.4,2342,78052,2,1
39027,83,1175.8,307.7,2342,78054,2,1
39028,83,1174.3,309.3,2342,78056,2,1
39029,83,1173.5,309.9,2342,78058,2,1
39030,83,1172.5,310,2343,78060,2,1
39031,83,1172.5,310,2343,78062,2,1
39032,83,1172.5,310,2343,78064,2,1
39033,83,-9999,-9999,2343,78066,2,1
39034,83,-9999,-9999,2343,78068,2,1
39035,83,-9999,-9999,2343,78070,2,1
39036,83,-9999,-9999,2343,78072,2,1
39037,83,-9999,-9999,2343,78074,2,1
39038,83,-9999,-9999,2343,78076,2,1
39039,83,-9999,-9999,2343,78078,2,1
39040,83,-9999,-9999,2343,78080,2,1
39041,83,-9999,-9999,2343,78082,2,1
39042,83,-9999,-9999,2343,78084,2,1
39043,83,-9999,-9999,2343,78086,2,1
39044,83,-9999,-9999,2343,78088,2,1
39045,83,-9999,-9999,2343,78090,2,1
39046,83,-9999,-9999,2343,78092,2,1
39047,83,-9999,-9999,2344,78094,2,1
39048,83,-9999,-9999,2344,78096,2,1
39049,83,-9999,-9999,2344,78098,2,1
39050,83,-9999,-9999,2344,78100,2,1
39051,83,-9999,-9999,2344,78102,2,1
39052,83,-9999,-9999,2344,78104,2,1
39053,83,-9999,-9999,2344,78106,2,1
39054,83,-9999,-9999,2344,78108,2,1
39055,83,-9999,-9999,2344,78110,2,1
39056,83,-9999,-9999,2344,78112,2,1
39057,83,-9999,-9999,2344,78114,2,1
39058,83,-9999,-9999,2344,78116,2,1
39059,83,-9999,-9999,2344,78118,2,1
39060,83,-9999,-9999,2344,78120,2,1
39061,83,-9999,-9999,2344,78122,2,1
39062,83,-9999,-9999,2344,78124,2,1
39063,83,-9999,-9999,2345,78126,2,1
39064,83,-9999,-9999,2345,78128,2,1
39065,83,-9999,-9999,2345,78130,2,1
39066,83,-9999,-9999,2345,78132,2,1
39067,83,-9999,-9999,2345,78134,2,1
39068,83,-9999,-9999,2345,78136,2,1
39069,83,-9999,-9999,2345,78138,2,1
39070,83,-9999,-9999,2345,78140,2,1
39071,83,-9999,-9999,2345,78142,2,1
39072,83,-9999,-9999,2345,78144,2,1
39073,83,-9999,-9999,2345,78146,2,1
39074,83,-9999,-9999,2345,78148,2,1
39075,83,-9999,-9999,2345,78150,2,1
39076,83,-9999,-9999,2345,78152,2,1
39077,83,-9999,-9999,2345,78154,2,1
39078,83,-9999,-9999,2345,78156,2,1
39079,83,-9999,-9999,2345,78158,2,1
39080,83,-9999,-9999,2346,78160,2,1
39081,83,-9999,-9999,2346,78162,2,1
39082,83,-9999,-9999,2346,78164,2,1
39083,83,-9999,-9999,2346,78166,2,1
39084,83,-9999,-9999,2346,78168,2,1
39085,83,-9999,-9999,2346,78170,2,1
39086,83,-9999,-9999,2346,78172,2,1
39087,83,-9999,-9999,2346,78174,2,1
39088,83,-9999,-9999,2346,78176,2,1
39089,83,-9999,-9999,2346,78178,2,1
39090,83,-9999,-9999,2346,78180,2,1
39091,83,-9999,-9999,2346,78182,2,1
39092,83,-9999,-9999,2346,78184,2,1
39093,83,-9999,-9999,2346,78186,2,1
39094,83,-9999,-9999,2346,78188,2,1
39095,83,-9999,-9999,2346,78190,2,1
39096,83,-9999,-9999,2346,78192,2,1
39097,83,-9999,-9999,2347,78194,2,1
39098,83,-9999,-9999,2347,78196,2,1
39099,83,-9999,-9999,2347,78198,2,1
39100,83,-9999,-9999,2347,78200,2,1
39101,83,-9999,-9999,2347,78202,2,1
39102,83,-9999,-9999,2347,78204,2,1
39103,83,-9999,-9999,2347,78206,2,1
39104,83,-9999,-9999,2347,78208,2,1
39105,83,-9999,-9999,2347,78210,2,1
39106,83,-9999,-9999,2347,78212,2,1
39107,83,-9999,-9999,2347,78214,2,1
39108,83,-9999,-9999,2347,78216,2,1
39109,83,-9999,-9999,2347,78218,2,1
39110,83,-9999,-9999,2347,78220,2,1
39111,83,-9999,-9999,2347,78222,2,1
39112,83,-9999,-9999,2347,78224,2,1
39113,83,-9999,-9999,2347,78226,2,1
39114,83,-9999,-9999,2348,78228,2,1
39115,83,-9999,-9999,2348,78230,2,1
39116,83,-9999,-9999,2348,78232,2,1
39117,83,-9999,-9999,2348,78234,2,1
39118,83,-9999,-9999,2348,78236,2,1
39119,83,-9999,-9999,2348,78238,2,1
39120,83,-9999,-9999,2348,78240,2,1
39121,83,-9999,-9999,2348,78242,2,1
39122,83,-9999,-9999,2348,78244,2,1
39123,83,-9999,-9999,2348,78246,2,1
39124,83,-9999,-9999,2348,78248,2,1
39125,83,-9999,-9999,2348,78250,2,1
39126,83,-9999,-9999,2348,78252,2,1
39127,83,-9999,-9999,2348,78254,2,1
39128,83,-9999,-9999,2348,78256,2,1
39129,83,-9999,-9999,2348,78258,2,1
39130,83,-9999,-9999,2349,78260,2,1
39131,83,-9999,-9999,2349,78262,2,1
39132,83,-9999,-9999,2349,78264,2,1
39133,83,-9999,-9999,2349,78266,2,1
39134,83,-9999,-9999,2349,78268,2,1
39135,83,-9999,-9999,2349,78270,2,1
39136,83,-9999,-9999,2349,78272,2,1
39137,83,-9999,-9999,2349,78274,2,1
39138,83,-9999,-9999,2349,78276,2,1
39139,83,-9999,-9999,2349,78278,2,1
39140,83,-9999,-9999,2349,78280,2,1
39141,83,-9999,-9999,2349,78282,2,1
39142,83,-9999,-9999,2349,78284,2,1
39143,83,-9999,-9999,2349,78286,2,1
39144,83,-9999,-9999,2349,78288,2,1
39145,83,-9999,-9999,2349,78290,2,1
39146,83,-9999,-9999,2349,78292,2,1
39147,83,-9999,-9999,2350,78294,2,1
39148,83,-9999,-9999,2350,78296,2,1
39149,83,-9999,-9999,2350,78298,2,1
39150,83,-9999,-9999,2350,78300,2,1
39151,83,-9999,-9999,2350,78302,2,1
39152,83,-9999,-9999,2350,78304,2,1
39153,83,-9999,-9999,2350,78306,2,1
39154,83,-9999,-9999,2350,78308,2,1
39155,83,-9999,-9999,2350,78310,2,1
39156,83,-9999,-9999,2350,78312,2,1
39157,83,-9999,-9999,2350,78314,2,1
39158,83,-9999,-9999,2350,78316,2,1
39159,83,-9999,-9999,2350,78318,2,1
39160,83,-9999,-9999,2350,78320,2,1
39161,83,-9999,-9999,2350,78322,2,1
39162,83,-9999,-9999,2350,78324,2,1
39163,83,-9999,-9999,2350,78326,2,1
39164,83,-9999,-9999,2351,78328,2,1
39165,83,-9999,-9999,2351,78330,2,1
39166,83,-9999,-9999,2351,78332,2,1
39167,83,-9999,-9999,2351,78334,2,1
39168,83,-9999,-9999,2351,78336,2,1
39169,83,-9999,-9999,2351,78338,2,1
39170,83,-9999,-9999,2351,78340,2,1
39171,83,-9999,-9999,2351,78342,2,1
39172,83,-9999,-9999,2351,78344,2,1
39173,83,-9999,-9999,2351,78346,2,1
39174,83,-9999,-9999,2351,78348,2,1
39175,83,-9999,-9999,2351,78350,2,1
39176,83,-9999,-9999,2351,78352,2,1
39177,83,-9999,-9999,2351,78354,2,1
39178,83,-9999,-9999,2351,78356,2,1
39179,83,-9999,-9999,2351,78358,2,1
39180,83,-9999,-9999,2352,78360,2,1
39181,83,-9999,-9999,2352,78362,2,1
39182,83,-9999,-9999,2352,78364,2,1
39183,83,-9999,-9999,2352,78366,2,1
39184,83,-9999,-9999,2352,78368,2,1
39185,83,-9999,-9999,2352,78370,2,1
39186,83,-9999,-9999,2352,78372,2,1
39187,83,-9999,-9999,2352,78374,2,1
39188,83,-9999,-9999,2352,78376,2,1
39189,83,-9999,-9999,2352,78378,2,1
39190,83,-9999,-9999,2352,78380,2,1
39191,83,-9999,-9999,2352,78382,2,1
39192,83,-9999,-9999,2352,78384,2,1
39193,83,-9999,-9999,2352,78386,2,1
39194,83,-9999,-9999,2352,78388,2,1
39195,83,-9999,-9999,2352,78390,2,1
39196,83,-9999,-9999,2352,78392,2,1
39197,83,-9999,-9999,2353,78394,2,1
39198,83,-9999,-9999,2353,78396,2,1
39199,83,-9999,-9999,2353,78398,2,1
39200,83,-9999,-9999,2353,78400,2,1
39201,83,-9999,-9999,2353,78402,2,1
39202,83,-9999,-9999,2353,78404,2,1
39203,83,-9999,-9999,2353,78406,2,1
39204,83,-9999,-9999,2353,78408,2,1
39205,83,-9999,-9999,2353,78410,2,1
39206,83,-9999,-9999,2353,78412,2,1
39207,83,-9999,-9999,2353,78414,2,1
39208,83,-9999,-9999,2353,78416,2,1
39209,83,-9999,-9999,2353,78418,2,1
39210,83,-9999,-9999,2353,78420,2,1
39211,83,-9999,-9999,2353,78422,2,1
39212,83,-9999,-9999,2353,78424,2,1
39213,83,-9999,-9999,2354,78426,2,1
39214,83,-9999,-9999,2354,78428,2,1
39215,83,-9999,-9999,2354,78430,2,1
39216,83,-9999,-9999,2354,78432,2,1
39217,83,-9999,-9999,2354,78434,2,1
39218,83,-9999,-9999,2354,78436,2,1
39219,83,-9999,-9999,2354,78438,2,1
39220,83,-9999,-9999,2354,78440,2,1
39221,83,-9999,-9999,2354,78442,2,1
39222,83,-9999,-9999,2354,78444,2,1
39223,83,-9999,-9999,2354,78446,2,1
39224,83,-9999,-9999,2354,78448,2,1
39225,83,-9999,-9999,2354,78450,2,1
39226,83,-9999,-9999,2354,78452,2,1
39227,83,-9999,-9999,2354,78454,2,1
39228,83,-9999,-9999,2354,78456,2,1
39229,83,-9999,-9999,2354,78458,2,1
39230,83,-9999,-9999,2355,78460,2,1
39231,83,-9999,-9999,2355,78462,2,1
39232,83,-9999,-9999,2355,78464,2,1
39233,83,-9999,-9999,2355,78466,2,1
39234,83,-9999,-9999,2355,78468,2,1
39235,83,-9999,-9999,2355,78470,2,1
39236,83,-9999,-9999,2355,78472,2,1
39237,83,-9999,-9999,2355,78474,2,1
39238,83,-9999,58.1,2355,78476,2,1
39239,83,-9999,58.1,2355,78478,2,1
39240,83,-9999,58.1,2355,78480,2,1
39241,83,-9999,58.1,2355,78482,2,1
39242,83,-9999,74.3,2355,78484,2,1
39243,83,1277.6,85.1,2355,78486,2,1
39244,83,1207.4,93,2355,78488,2,1
39245,83,1101.3,104.3,2355,78490,2,1
39246,83,993.4,115.1,2355,78492,2,1
39247,83,882.7,125,2356,78494,2,1
39248,83,769.9,134.1,2356,78496,2,1
39249,83,764.2,135.1,2356,78498,2,1
39250,83,759.6,135,2356,78500,2,1
39251,83,756,134.1,2356,78502,2,1
39252,83,753,131.1,2356,78504,2,1
39253,83,750.2,128,2356,78506,2,1
39254,83,748.6,124.7,2356,78508,2,1
39255,83,746,121.6,2356,78510,2,1
39256,83,743.4,119.1,2356,78512,2,1
39257,83,738.3,116.9,2356,78514,2,1
39258,83,733.1,114.9,2356,78516,2,1
39259,83,727.4,114.5,2356,78518,2,1
39260,83,723,113,2356,78520,2,1
39261,83,719.8,110.7,2356,78522,2,1
39262,83,716.9,109.8,2356,78524,2,1
39263,83,712.7,109,2356,78526,2,1
39264,83,705.1,108.6,2357,78528,2,1
39265,83,698,108.5,2357,78530,2,1
39266,83,691.2,108.4,2357,78532,2,1
39267,83,684.7,109.1,2357,78534,2,1
39268,83,677.5,110.7,2357,78536,2,1
39269,83,672,110,2357,78538,2,1
39270,83,668,109.1,2357,78540,2,1
39271,83,669.9,107.9,2357,78542,2,1
39272,83,671.5,106.6,2357,78544,2,1
39273,83,672.8,105.7,2357,78546,2,1
39274,83,673.1,105.2,2357,78548,2,1
39275,83,673.1,105.2,2357,78550,2,1
39276,83,672.7,106,2357,78552,2,1
39277,83,672.1,106.9,2357,78554,2,1
39278,83,671.2,107.7,2357,78556,2,1
39279,83,670,108.7,2357,78558,2,1
39280,83,668.7,109.4,2358,78560,2,1
39281,83,125.5,130.8,2358,78562,2,1
39282,83,123.2,131.2,2358,78564,2,1
39283,83,121.3,131.7,2358,78566,2,1
39284,83,119.5,132.1,2358,78568,2,1
39285,83,117.9,132.5,2358,78570,2,1
39286,83,116.7,132.9,2358,78572,2,1
39287,83,115.4,133.2,2358,78574,2,1
39288,83,115.4,133.2,2358,78576,2,1
39289,83,115.4,133.2,2358,78578,2,1
39290,83,115.4,133.2,2358,78580,2,1
39291,83,115.4,133.2,2358,78582,2,1
39292,83,-9999,-9999,2358,78584,2,1
39293,83,-9999,-9999,2358,78586,2,1
39294,83,-9999,-9999,2358,78588,2,1
39295,83,-9999,-9999,2358,78590,2,1
39296,83,-9999,-9999,2358,78592,2,1
39297,83,-9999,-9999,2359,78594,2,1
39298,83,-9999,-9999,2359,78596,2,1
39299,83,-9999,-9999,2359,78598,2,1
39300,83,-9999,-9999,2359,78600,2,1
39301,83,-9999,-9999,2359,78602,2,1
39302,83,-9999,-9999,2359,78604,2,1
39303,83,-9999,-9999,2359,78606,2,1
39304,83,-9999,-9999,2359,78608,2,1
39305,83,-9999,-9999,2359,78610,2,1
39306,83,-9999,-9999,2359,78612,2,1
39307,83,-9999,-9999,2359,78614,2,1
39308,83,-9999,-9999,2359,78616,2,1
39309,83,-9999,-9999,2359,78618,2,1
39310,83,-9999,-9999,2359,78620,2,1
39311,83,-9999,-9999,2359,78622,2,1
39312,83,-9999,-9999,2359,78624,2,1
39313,83,-9999,-9999,2360,78626,2,1
39314,83,-9999,-9999,2360,78628,2,1
39315,83,-9999,-9999,2360,78630,2,1
39316,83,-9999,-9999,2360,78632,2,1
39317,83,-9999,-9999,2360,78634,2,1
39318,83,-9999,-9999,2360,78636,2,1
39319,83,-9999,-9999,2360,78638,2,1
39320,83,-9999,-9999,2360,78640,2,1
39321,83,-9999,-9999,2360,78642,2,1
39322,83,-9999,-9999,2360,78644,2,1
39323,83,-9999,-9999,2360,78646,2,1
39324,83,-9999,-9999,2360,78648,2,1
39325,83,-9999,-9999,2360,78650,2,1
39326,83,-9999,-9999,2360,78652,2,1
39327,83,-9999,-9999,2360,78654,2,1
39328,83,-9999,-9999,2360,78656,2,1
39329,83,-9999,-9999,2360,78658,2,1
39330,83,1173.2,194.3,2361,78660,2,1
39331,83,670.2,200.5,2361,78662,2,1
39332,83,670.2,200.5,2361,78664,2,1
39333,83,1173.2,194.3,2361,78666,2,1
39334,83,1173.9,193.4,2361,78668,2,1
39335,83,1173.5,193.5,2361,78670,2,1
39336,83,1173.2,194.3,2361,78672,2,1
39337,83,1172.6,195,2361,78674,2,1
39338,83,1171.8,196.1,2361,78676,2,1
39339,83,1170.6,197.7,2361,78678,2,1
39340,83,1169.5,199.4,2361,78680,2,1
39341,83,1168.3,201.1,2361,78682,2,1
39342,83,1168.1,201.9,2361,78684,2,1
39343,83,1167.8,202.4,2361,78686,2,1
39344,83,1167.8,202.8,2361,78688,2,1
39345,83,1167.8,203.3,2361,78690,2,1
39346,83,1167.8,204.1,2361,78692,2,1
39347,83,1167.8,204.8,2362,78694,2,1
39348,83,1167.8,205.7,2362,78696,2,1
39349,83,1167.9,206.2,2362,78698,2,1
39350,83,1168,206.6,2362,78700,2,1
39351,83,1168.1,207,2362,78702,2,1
39352,83,1168.2,207.5,2362,78704,2,1
39353,83,1168.3,208,2362,78706,2,1
39354,83,1168.3,208.4,2362,78708,2,1
39355,83,1168.5,208.8,2362,78710,2,1
39356,83,1168.5,209.4,2362,78712,2,1
39357,83,1168.3,210,2362,78714,2,1
39358,83,1167.8,210.6,2362,78716,2,1
39359,83,1167.3,211.1,2362,78718,2,1
39360,83,1166.6,211.3,2362,78720,2,1
39361,83,1165.9,211.3,2362,78722,2,1
39362,83,1165.1,211.2,2362,78724,2,1
39363,83,1164.4,211,2362,78726,2,1
39364,83,1163.9,210.8,2363,78728,2,1
39365,83,1163.8,210.6,2363,78730,2,1
39366,83,1163.7,210.7,2363,78732,2,1
39367,83,1163.7,210.8,2363,78734,2,1
39368,83,1163.6,211.1,2363,78736,2,1
39369,83,1163.8,211.2,2363,78738,2,1
39370,83,1164.1,211.3,2363,78740,2,1
39371,83,1164.2,211.5,2363,78742,2,1
39372,83,1164.3,211.5,2363,78744,2,1
39373,83,1164.6,211.2,2363,78746,2,1
39374,83,1164.9,210.9,2363,78748,2,1
39375,83,1165.2,210.6,2363,78750,2,1
39376,83,1165.2,210.3,2363,78752,2,1
39377,83,1165.3,210.4,2363,78754,2,1
39378,83,1165.3,210.5,2363,78756,2,1
39379,83,1164.7,210.8,2363,78758,2,1
39380,83,1164.2,210.9,2364,78760,2,1
39381,83,1163.7,211,2364,78762,2,1
39382,83,1163.6,211.1,2364,78764,2,1
39383,83,1163.5,211.5,2364,78766,2,1
39384,83,1163.4,211.7,2364,78768,2,1
39385,83,1163.4,211.7,2364,78770,2,1
39386,83,1163.7,211.8,2364,78772,2,1
39387,83,1164,211.9,2364,78774,2,1
39388,83,1164.2,212.2,2364,78776,2,1
39389,83,1164.1,212.5,2364,78778,2,1
39390,83,1163.9,212.4,2364,78780,2,1
39391,83,1163.8,212.1,2364,78782,2,1
39392,83,1163.7,211.8,2364,78784,2,1
39393,83,1163.1,211.7,2364,78786,2,1
39394,83,1162.5,211.5,2364,78788,2,1
39395,83,1162.1,211.2,2364,78790,2,1
39396,83,1161.5,210.9,2364,78792,2,1
39397,83,1161.2,210.8,2365,78794,2,1
39398,83,1161,210.8,2365,78796,2,1
39399,83,1161.2,211,2365,78798,2,1
39400,83,1162.1,211.1,2365,78800,2,1
39401,83,1163,211,2365,78802,2,1
39402,83,1163.9,210.9,2365,78804,2,1
39403,83,1164.6,210.8,2365,78806,2,1
39404,83,1165,210.4,2365,78808,2,1
39405,83,1164.8,210,2365,78810,2,1
39406,83,1164,209.6,2365,78812,2,1
39407,83,1163.1,209.1,2365,78814,2,1
39408,83,1162.2,208.7,2365,78816,2,1
39409,83,1161.3,208.4,2365,78818,2,1
39410,83,1160.5,208,2365,78820,2,1
39411,83,1159.8,207.9,2365,78822,2,1
39412,83,1159.8,207.8,2365,78824,2,1
39413,83,1159.9,207.8,2366,78826,2,1
39414,83,1160,207.7,2366,78828,2,1
39415,83,1160.2,207.7,2366,78830,2,1
39416,83,1160.5,207.6,2366,78832,2,1
39417,83,1160.9,207.5,2366,78834,2,1
39418,83,1161.2,207.5,2366,78836,2,1
39419,83,1161.4,207.5,2366,78838,2,1
39420,83,1161.6,207.5,2366,78840,2,1
39421,83,1161.8,207.4,2366,78842,2,1
39422,83,1161.9,207.4,2366,78844,2,1
39423,83,1161.7,207.3,2366,78846,2,1
39424,83,1161.4,207.1,2366,78848,2,1
39425,83,1161.2,206.8,2366,78850,2,1
39426,83,1161,206.6,2366,78852,2,1
39427,83,1160.8,206.5,2366,78854,2,1
39428,83,1160.6,206.3,2366,78856,2,1
39429,83,1160.5,206.1,2366,78858,2,1
39430,83,1160.5,206.1,2367,78860,2,1
39431,83,1160.8,206.1,2367,78862,2,1
39432,83,1161.3,206.3,2367,78864,2,1
39433,83,1161.9,206.3,2367,78866,2,1
39434,83,1162.4,206.5,2367,78868,2,1
39435,83,1162.8,207,2367,78870,2,1
39436,83,1163.2,207.4,2367,78872,2,1
39437,83,1163.4,208,2367,78874,2,1
39438,83,1163,208.5,2367,78876,2,1
39439,83,1162.2,208.7,2367,78878,2,1
39440,83,1161.3,209,2367,78880,2,1
39441,83,1160.2,209.2,2367,78882,2,1
39442,83,1158.8,209.1,2367,78884,2,1
39443,83,1157.5,209.2,2367,78886,2,1
39444,83,1156.3,209.4,2367,78888,2,1
39445,83,1155.4,209.9,2367,78890,2,1
39446,83,1154.8,210.4,2367,78892,2,1
39447,83,1154.3,210.8,2368,78894,2,1
39448,83,1153.8,211.5,2368,78896,2,1
39449,83,1153.7,212,2368,78898,2,1
39450,83,1153.7,212.7,2368,78900,2,1
39451,83,1153.7,213.5,2368,78902,2,1
39452,83,1153.7,214.5,2368,78904,2,1
39453,83,1153.7,215.6,2368,78906,2,1
39454,83,1154,216.7,2368,78908,2,1
39455,83,1154.4,218,2368,78910,2,1
39456,83,1154.9,219,2368,78912,2,1
39457,83,1155.2,219.9,2368,78914,2,1
39458,83,1155.6,220.3,2368,78916,2,1
39459,83,1156,220.1,2368,78918,2,1
39460,83,1156.3,220.3,2368,78920,2,1
39461,83,1156.4,220.2,2368,78922,2,1
39462,83,1156.3,219.9,2368,78924,2,1
39463,83,1156.1,219.7,2368,78926,2,1
39464,83,1155.6,219.5,2369,78928,2,1
39465,83,1155.1,219.5,2369,78930,2,1
39466,83,1154.6,219.8,2369,78932,2,1
39467,83,1154,220,2369,78934,2,1
39468,83,1153.5,220.1,2369,78936,2,1
39469,83,1153.1,220.3,2369,78938,2,1
39470,83,1152.6,220.7,2369,78940,2,1
39471,83,1152.4,220.7,2369,78942,2,1
39472,83,1152.2,220.7,2369,78944,2,1
39473,83,1151.8,220.6,2369,78946,2,1
39474,83,1151.4,220.8,2369,78948,2,1
39475,83,1150.9,221,2369,78950,2,1
39476,83,1150.5,221.2,2369,78952,2,1
39477,83,1150,221.4,2369,78954,2,1
39478,83,1149.6,221.9,2369,78956,2,1
39479,83,1149.2,222.4,2369,78958,2,1
39480,83,1149,222.9,2370,78960,2,1
39481,83,1148.8,223.1,2370,78962,2,1
39482,83,1148.7,223.2,2370,78964,2,1
39483,83,1148.6,223.3,2370,78966,2,1
39484,83,1148.5,223.5,2370,78968,2,1
39485,83,1148.4,223.7,2370,78970,2,1
39486,83,1148.7,223.8,2370,78972,2,1
39487,83,1148.9,224,2370,78974,2,1
39488,83,1149.4,224.1,2370,78976,2,1
39489,83,1149.9,224.2,2370,78978,2,1
39490,83,1150.7,224.2,2370,78980,2,1
39491,83,1151.5,224.3,2370,78982,2,1
39492,83,1152.2,224.3,2370,78984,2,1
39493,83,1152.7,224.3,2370,78986,2,1
39494,83,1153.2,224.2,2370,78988,2,1
39495,83,1153.3,224.4,2370,78990,2,1
39496,83,1153.4,224.7,2370,78992,2,1
39497,83,1153.2,225,2371,78994,2,1
39498,83,1152.9,225.5,2371,78996,2,1
39499,83,1152.7,225.8,2371,78998,2,1
39500,83,1152.4,226.3,2371,79000,2,1
39501,83,1152.3,226.6,2371,79002,2,1
39502,83,1152.1,226.9,2371,79004,2,1
39503,83,1151.9,227.2,2371,79006,2,1
39504,83,1151.8,227.4,2371,79008,2,1
39505,83,1151.7,227.8,2371,79010,2,1
39506,83,1151.8,228,2371,79012,2,1
39507,83,1152.3,228.1,2371,79014,2,1
39508,83,1152.8,228.1,2371,79016,2,1
39509,83,1153.2,227.8,2371,79018,2,1
39510,83,1153.7,227.3,2371,79020,2,1
39511,83,1154.3,226.6,2371,79022,2,1
39512,83,1155.4,225,2371,79024,2,1
39513,83,1156.3,223.6,2371,79026,2,1
39514,83,1156.9,222.1,2372,79028,2,1
39515,83,1157.6,220.7,2372,79030,2,1
39516,83,1158.4,219.5,2372,79032,2,1
39517,83,1158.9,218.8,2372,79034,2,1
39518,83,1159.3,218.2,2372,79036,2,1
39519,83,1159.2,218.4,2372,79038,2,1
39520,83,1159.2,218.9,2372,79040,2,1
39521,83,1159.1,219.4,2372,79042,2,1
39522,83,1159.1,219.9,2372,79044,2,1
39523,83,1159.3,220.3,2372,79046,2,1
39524,83,1159.6,220.6,2372,79048,2,1
39525,83,1160.1,220.6,2372,79050,2,1
39526,83,1160.6,220.7,2372,79052,2,1
39527,83,1161.4,220.4,2372,79054,2,1
39528,83,1162.1,220.1,2372,79056,2,1
39529,83,1162.8,219.9,2372,79058,2,1
39530,83,1163.5,219.7,2373,79060,2,1
39531,83,1164.1,219.4,2373,79062,2,1
39532,83,1164.5,219.3,2373,79064,2,1
39533,83,1164.9,219.2,2373,79066,2,1
39534,83,1165,218.6,2373,79068,2,1
39535,83,1165.1,218.2,2373,79070,2,1
39536,83,1165.2,217.8,2373,79072,2,1
39537,83,1165.2,217.6,2373,79074,2,1
39538,83,1165.3,217.4,2373,79076,2,1
39539,83,1165.4,217.3,2373,79078,2,1
39540,83,1165.6,217.3,2373,79080,2,1
39541,83,1165.7,217.9,2373,79082,2,1
39542,83,1165.9,218.5,2373,79084,2,1
39543,83,1166.6,218.9,2373,79086,2,1
39544,83,1167.2,219.2,2373,79088,2,1
39545,83,1168.1,219.4,2373,79090,2,1
39546,83,1169,219.7,2373,79092,2,1
39547,83,1169.7,219.8,2374,79094,2,1
39548,83,1170.1,220,2374,79096,2,1
39549,83,1170,220.4,2374,79098,2,1
39550,83,1169.3,220.7,2374,79100,2,1
39551,83,1168.5,221.2,2374,79102,2,1
39552,83,1167.4,221.4,2374,79104,2,1
39553,83,1166.4,221.7,2374,79106,2,1
39554,83,1165.6,221.9,2374,79108,2,1
39555,83,1165,222.5,2374,79110,2,1
39556,83,1165.1,222.8,2374,79112,2,1
39557,83,1165,223.3,2374,79114,2,1
39558,83,1165.2,223.6,2374,79116,2,1
39559,83,1165.3,224.1,2374,79118,2,1
39560,83,1165.4,224.3,2374,79120,2,1
39561,83,1165.4,224.5,2374,79122,2,1
39562,83,1165.4,224.4,2374,79124,2,1
39563,83,1165.3,224.4,2375,79126,2,1
39564,83,1165.4,224.4,2375,79128,2,1
39565,83,1165.5,224.4,2375,79130,2,1
39566,83,1165.7,224.4,2375,79132,2,1
39567,83,1166,224.5,2375,79134,2,1
39568,83,1166.4,224.9,2375,79136,2,1
39569,83,1166.8,225.3,2375,79138,2,1
39570,83,1167.2,225.7,2375,79140,2,1
39571,83,1167.5,226.3,2375,79142,2,1
39572,83,1168.2,226.6,2375,79144,2,1
39573,83,1168.8,227,2375,79146,2,1
39574,83,1169.3,227.2,2375,79148,2,1
39575,83,1169.8,227.1,2375,79150,2,1
39576,83,1170.1,227.1,2375,79152,2,1
39577,83,1170.2,227,2375,79154,2,1
39578,83,1170.5,226.8,2375,79156,2,1
39579,83,1170.7,226.4,2375,79158,2,1
39580,83,1170.7,226.2,2376,79160,2,1
39581,83,1170.6,226.1,2376,79162,2,1
39582,83,1170.5,226,2376,79164,2,1
39583,83,1170.4,225.9,2376,79166,2,1
39584,83,1170.3,225.6,2376,79168,2,1
39585,83,1169.9,225.3,2376,79170,2,1
39586,83,1169.6,224.9,2376,79172,2,1
39587,83,1169.2,224.7,2376,79174,2,1
39588,83,1168.9,224.5,2376,79176,2,1
39589,83,1168.6,224.4,2376,79178,2,1
39590,83,1168.3,224.5,2376,79180,2,1
39591,83,1168.2,224.7,2376,79182,2,1
39592,83,1168.4,224.8,2376,79184,2,1
39593,83,1168.7,224.9,2376,79186,2,1
39594,83,1169,225.4,2376,79188,2,1
39595,83,1169.2,226,2376,79190,2,1
39596,83,1169.3,226.7,2376,79192,2,1
39597,83,1169.3,227.3,2377,79194,2,1
39598,83,1169.4,227.9,2377,79196,2,1
39599,83,1169.6,229.3,2377,79198,2,1
39600,83,1169.9,231.6,2377,79200,2,1
39601,83,1170.6,235.5,2377,79202,2,1
39602,83,1172,240.9,2377,79204,2,1
39603,83,1174.4,248.5,2377,79206,2,1
39604,83,1177,258,2377,79208,2,1
39605,83,1180,269.5,2377,79210,2,1
39606,83,1183.8,280,2377,79212,2,1
39607,83,1187.6,289.4,2377,79214,2,1
39608,83,1191.5,297.2,2377,79216,2,1
39609,83,1194.6,303.5,2377,79218,2,1
39610,83,1196.6,307.5,2377,79220,2,1
39611,83,1198.3,309.6,2377,79222,2,1
39612,83,1199.8,309.2,2377,79224,2,1
39613,83,1200.5,308.7,2378,79226,2,1
39614,83,1200.7,307.9,2378,79228,2,1
39615,83,1200.3,307.3,2378,79230,2,1
39616,83,1200.1,306.3,2378,79232,2,1
39617,83,1199.7,305.6,2378,79234,2,1
39618,83,1199.4,305.1,2378,79236,2,1
39619,83,1199.3,305.1,2378,79238,2,1
39620,83,1199.1,306,2378,79240,2,1
39621,83,1199.3,307.2,2378,79242,2,1
39622,83,1199.4,308.6,2378,79244,2,1
39623,83,1199.6,310,2378,79246,2,1
39624,83,1200.1,311.2,2378,79248,2,1
39625,83,1200.4,312.6,2378,79250,2,1
39626,83,1200.9,313.3,2378,79252,2,1
39627,83,1201.4,312.9,2378,79254,2,1
39628,83,1202,312.3,2378,79256,2,1
39629,83,1202.4,311.7,2378,79258,2,1
39630,83,1202.7,311.2,2379,79260,2,1
39631,83,1202.7,310.8,2379,79262,2,1
39632,83,1202.6,310.6,2379,79264,2,1
39633,83,1202.4,310.7,2379,79266,2,1
39634,83,1202.4,310.9,2379,79268,2,1
39635,83,1202.4,311.2,2379,79270,2,1
39636,83,1202.4,311.5,2379,79272,2,1
39637,83,1202.4,312.1,2379,79274,2,1
39638,83,1202.3,312.6,2379,79276,2,1
39639,83,1202.3,313.7,2379,79278,2,1
39640,83,1202.5,314.6,2379,79280,2,1
39641,83,1202.8,315.2,2379,79282,2,1
39642,83,1203.1,316,2379,79284,2,1
39643,83,1203.6,316.5,2379,79286,2,1
39644,83,1204.2,316.8,2379,79288,2,1
39645,83,1204.9,317.1,2379,79290,2,1
39646,83,1204.8,317.1,2379,79292,2,1
39647,83,1204.8,317.1,2380,79294,2,1
39648,83,1204.4,317.3,2380,79296,2,1
39649,83,1203.9,317.4,2380,79298,2,1
39650,83,1203.5,317.6,2380,79300,2,1
39651,83,1202.9,317.8,2380,79302,2,1
39652,83,1202.3,317.9,2380,79304,2,1
39653,83,1202.2,317.8,2380,79306,2,1
39654,83,1202.1,318,2380,79308,2,1
39655,83,1202,318.4,2380,79310,2,1
39656,83,1202,318.8,2380,79312,2,1
39657,83,1202.2,319.1,2380,79314,2,1
39658,83,1202.5,319.3,2380,79316,2,1
39659,83,1202.7,319.7,2380,79318,2,1
39660,83,1203.2,319.9,2380,79320,2,1
39661,83,1203.7,320,2380,79322,2,1
39662,83,1204.2,320.1,2380,79324,2,1
39663,83,1204.8,320.1,2381,79326,2,1
39664,83,1205,320.5,2381,79328,2,1
39665,83,1205.4,320.6,2381,79330,2,1
39666,83,1205.7,320.9,2381,79332,2,1
39667,83,1206,321.2,2381,79334,2,1
39668,83,1206.3,321,2381,79336,2,1
39669,83,1206.6,320.8,2381,79338,2,1
39670,83,1206.9,320.4,2381,79340,2,1
39671,83,1207.3,319.9,2381,79342,2,1
39672,83,1207.7,319.5,2381,79344,2,1
39673,83,1208.1,318.9,2381,79346,2,1
39674,83,1208.4,318.5,2381,79348,2,1
39675,83,1208.5,318.4,2381,79350,2,1
39676,83,1208.5,318.9,2381,79352,2,1
39677,83,1208.5,319.5,2381,79354,2,1
39678,83,1208.4,320.1,2381,79356,2,1
39679,83,1208.3,320.7,2381,79358,2,1
39680,83,1208.2,321.2,2382,79360,2,1
39681,83,1208.2,321.4,2382,79362,2,1
39682,83,1208.2,321.9,2382,79364,2,1
39683,83,1208.4,321.7,2382,79366,2,1
39684,83,1208.7,322.2,2382,79368,2,1
39685,83,1208.9,322.8,2382,79370,2,1
39686,83,1209.1,323.4,2382,79372,2,1
39687,83,1209.5,323.7,2382,79374,2,1
39688,83,1210.1,324.1,2382,79376,2,1
39689,83,1210.6,324.4,2382,79378,2,1
39690,83,1210.9,325.2,2382,79380,2,1
39691,83,1210.8,325.3,2382,79382,2,1
39692,83,1210.7,325.5,2382,79384,2,1
39693,83,1210.6,325.9,2382,79386,2,1
39694,83,1210.6,326,2382,79388,2,1
39695,83,1210.4,326.2,2382,79390,2,1
39696,83,1210.3,326.4,2382,79392,2,1
39697,83,1210.1,326.4,2383,79394,2,1
39698,83,1210.2,326.5,2383,79396,2,1
39699,83,1210.2,326.6,2383,79398,2,1
39700,83,1210.5,327.1,2383,79400,2,1
39701,83,1211,327.6,2383,79402,2,1
39702,83,1211.7,327.9,2383,79404,2,1
39703,83,1212.3,328.1,2383,79406,2,1
39704,83,1213.1,328.1,2383,79408,2,1
39705,83,1213.8,328.1,2383,79410,2,1
39706,83,1214.4,328.3,2383,79412,2,1
39707,83,1214.8,327.8,2383,79414,2,1
39708,83,1215.4,327.1,2383,79416,2,1
39709,83,1215.8,326.6,2383,79418,2,1
39710,83,1216,326.3,2383,79420,2,1
39711,83,1216.2,326.2,2383,79422,2,1
39712,83,1216.4,326.3,2383,79424,2,1
39713,83,1216.6,326.4,2384,79426,2,1
39714,83,1216.8,326.9,2384,79428,2,1
39715,83,1217,327.2,2384,79430,2,1
39716,83,1217.2,327.3,2384,79432,2,1
39717,83,1217.5,327.6,2384,79434,2,1
39718,83,1217.7,327.7,2384,79436,2,1
39719,83,1217.9,327.8,2384,79438,2,1
39720,83,1217.9,328,2384,79440,2,1
39721,83,1217.8,327.8,2384,79442,2,1
39722,83,1217.6,327.8,2384,79444,2,1
39723,83,1217.3,327.9,2384,79446,2,1
39724,83,1217.2,327.6,2384,79448,2,1
39725,83,1217,327.3,2384,79450,2,1
39726,83,1216.8,327.2,2384,79452,2,1
39727,83,1216.4,327.2,2384,79454,2,1
39728,83,1216.1,327.6,2384,79456,2,1
39729,83,1215.8,327.8,2384,79458,2,1
39730,83,1215.5,327.9,2385,79460,2,1
39731,83,1215.6,328.2,2385,79462,2,1
39732,83,1215.8,328.6,2385,79464,2,1
39733,83,1216.2,328.7,2385,79466,2,1
39734,83,1216.7,328.9,2385,79468,2,1
39735,83,1217.2,328.7,2385,79470,2,1
39736,83,1217.4,328.7,2385,79472,2,1
39737,83,1217.9,328.5,2385,79474,2,1
39738,83,1218.2,328,2385,79476,2,1
39739,83,1218.3,328.1,2385,79478,2,1
39740,83,1218.4,328.2,2385,79480,2,1
39741,83,1218.3,328.3,2385,79482,2,1
39742,83,1218.4,328.4,2385,79484,2,1
39743,83,1218.4,328.6,2385,79486,2,1
39744,83,1218.4,328.9,2385,79488,2,1
39745,83,1217.7,329.3,2385,79490,2,1
39746,83,1217.2,329.2,2385,79492,2,1
39747,83,1216.5,329.2,2386,79494,2,1
39748,83,1216.2,329,2386,79496,2,1
39749,83,1215.8,328.9,2386,79498,2,1
39750,83,1215.6,328.7,2386,79500,2,1
39751,83,1215.5,328.7,2386,79502,2,1
39752,83,1216,328.5,2386,79504,2,1
39753,83,1217.6,328.3,2386,79506,2,1
39754,83,1219.4,328.1,2386,79508,2,1
39755,83,1221.1,328,2386,79510,2,1
39756,83,1222.9,327.9,2386,79512,2,1
39757,83,1224.3,327.9,2386,79514,2,1
39758,83,1225.6,328.2,2386,79516,2,1
39759,83,1226.2,328.7,2386,79518,2,1
39760,83,1225.7,329.3,2386,79520,2,1
39761,83,1225.1,329.9,2386,79522,2,1
39762,83,1223.8,330.8,2386,79524,2,1
39763,83,1222.4,331.7,2386,79526,2,1
39764,83,1220.8,332.5,2387,79528,2,1
39765,83,1219,333.1,2387,79530,2,1
39766,83,1217.7,333.7,2387,79532,2,1
39767,83,1216.4,334.4,2387,79534,2,1
39768,83,1215.1,335,2387,79536,2,1
39769,83,1214.4,335.3,2387,79538,2,1
39770,83,1213.8,335.5,2387,79540,2,1
39771,83,1213.6,335.6,2387,79542,2,1
39772,83,1213.7,335.6,2387,79544,2,1
39773,83,1213.9,335.5,2387,79546,2,1
39774,83,1214.1,335.3,2387,79548,2,1
39775,83,1214.4,335,2387,79550,2,1
39776,83,1214.7,334.7,2387,79552,2,1
39777,83,1215.4,334.4,2387,79554,2,1
39778,83,1216.1,334.1,2387,79556,2,1
39779,83,1216.8,333.8,2387,79558,2,1
39780,83,1217.5,333.5,2388,79560,2,1
39781,83,1217.7,333.2,2388,79562,2,1
39782,83,1218,333,2388,79564,2,1
39783,83,1218.1,332.7,2388,79566,2,1
39784,83,1217.6,332.7,2388,79568,2,1
39785,83,1217.1,332.6,2388,79570,2,1
39786,83,1216.8,332.5,2388,79572,2,1
39787,83,1216.5,332.6,2388,79574,2,1
39788,83,1216.8,332.6,2388,79576,2,1
39789,83,1217,332.8,2388,79578,2,1
39790,83,1217.5,332.9,2388,79580,2,1
39791,83,1218.2,333,2388,79582,2,1
39792,83,1219.1,333,2388,79584,2,1
39793,83,1219.7,333,2388,79586,2,1
39794,83,1220.3,333.1,2388,79588,2,1
39795,83,1220.4,333.3,2388,79590,2,1
39796,83,1220.6,334.1,2388,79592,2,1
39797,83,1220.8,334.9,2389,79594,2,1
39798,83,1220.8,335.7,2389,79596,2,1
39799,83,1220.7,336.5,2389,79598,2,1
39800,83,1220.6,337.3,2389,79600,2,1
39801,83,1220.5,338.1,2389,79602,2,1
39802,83,1220.6,338.9,2389,79604,2,1
39803,83,1220.7,338.9,2389,79606,2,1
39804,83,1220.8,338.9,2389,79608,2,1
39805,83,1220.9,338.6,2389,79610,2,1
39806,83,1221.1,338.3,2389,79612,2,1
39807,83,1221.4,338,2389,79614,2,1
39808,83,1221.7,337.7,2389,79616,2,1
39809,83,1221.9,337.4,2389,79618,2,1
39810,83,1222.3,337.1,2389,79620,2,1
39811,83,1222.7,336.8,2389,79622,2,1
39812,83,1223.1,336.7,2389,79624,2,1
39813,83,1223.5,336.6,2390,79626,2,1
39814,83,1223.6,336.5,2390,79628,2,1
39815,83,1223.6,336.4,2390,79630,2,1
39816,83,1223.6,336.2,2390,79632,2,1
39817,83,1223.5,336,2390,79634,2,1
39818,83,1223.3,336,2390,79636,2,1
39819,83,1223.1,336.1,2390,79638,2,1
39820,83,1223,336.3,2390,79640,2,1
39821,83,1223,336.8,2390,79642,2,1
39822,83,1223.6,337.2,2390,79644,2,1
39823,83,1224.2,337.4,2390,79646,2,1
39824,83,1224.8,337.1,2390,79648,2,1
39825,83,1225.4,336.6,2390,79650,2,1
39826,83,1225.9,336.1,2390,79652,2,1
39827,83,1225.9,335.6,2390,79654,2,1
39828,83,1225.6,334.8,2390,79656,2,1
39829,83,1224.6,334.2,2390,79658,2,1
39830,83,1223.4,334,2391,79660,2,1
39831,83,1222.2,334.6,2391,79662,2,1
39832,83,1221.3,335.1,2391,79664,2,1
39833,83,1220.4,335.5,2391,79666,2,1
39834,83,1220,335.8,2391,79668,2,1
39835,83,1219.8,336,2391,79670,2,1
39836,83,1219.9,336,2391,79672,2,1
39837,83,1219.8,336.2,2391,79674,2,1
39838,83,1219.6,336,2391,79676,2,1
39839,83,1219.5,336,2391,79678,2,1
39840,83,1219.6,336.1,2391,79680,2,1
39841,83,1219.8,336.2,2391,79682,2,1
39842,83,1220.2,336.3,2391,79684,2,1
39843,83,1220.7,336.2,2391,79686,2,1
39844,83,1221.1,336.2,2391,79688,2,1
39845,83,1221.6,336,2391,79690,2,1
39846,83,1222,335.9,2391,79692,2,1
39847,83,1222,335.7,2392,79694,2,1
39848,83,1221.8,335.9,2392,79696,2,1
39849,83,1221.6,336,2392,79698,2,1
39850,83,1221.4,336.1,2392,79700,2,1
39851,83,1221.3,336.1,2392,79702,2,1
39852,83,1221.2,336,2392,79704,2,1
39853,83,1220.9,336.1,2392,79706,2,1
39854,83,1220.7,336.1,2392,79708,2,1
39855,83,1220.5,335.9,2392,79710,2,1
39856,83,1220.5,335.8,2392,79712,2,1
39857,83,1221.3,335.5,2392,79714,2,1
39858,83,1222.1,335.3,2392,79716,2,1
39859,83,1222.9,335,2392,79718,2,1
39860,83,1224,334.5,2392,79720,2,1
39861,83,1225,334.1,2392,79722,2,1
39862,83,1226,333.7,2392,79724,2,1
39863,83,1226.8,333.5,2392,79726,2,1
39864,83,1226.8,333.5,2393,79728,2,1
39865,83,1226.8,333.4,2393,79730,2,1
39866,83,1227,333.4,2393,79732,2,1
39867,83,1227,333.5,2393,79734,2,1
39868,83,1227.2,333.3,2393,79736,2,1
39869,83,1227.1,333.2,2393,79738,2,1
39870,83,1227,333,2393,79740,2,1
39871,83,1226.5,332.8,2393,79742,2,1
39872,83,1226.1,332.8,2393,79744,2,1
39873,83,1225.5,332.7,2393,79746,2,1
39874,83,1224.9,332.6,2393,79748,2,1
39875,83,1224.1,332.5,2393,79750,2,1
39876,83,1223.2,332.5,2393,79752,2,1
39877,83,1222.3,332.5,2393,79754,2,1
39878,83,1221.7,332.5,2393,79756,2,1
39879,83,1221.2,332.5,2393,79758,2,1
39880,83,1220.7,332.6,2394,79760,2,1
39881,83,1220.4,332.7,2394,79762,2,1
39882,83,1220.3,333.7,2394,79764,2,1
39883,83,1220.6,334.5,2394,79766,2,1
39884,83,1221,335.3,2394,79768,2,1
39885,83,1221.4,336.1,2394,79770,2,1
39886,83,1221.8,336.7,2394,79772,2,1
39887,83,1222.1,337.4,2394,79774,2,1
39888,83,1222.3,337.9,2394,79776,2,1
39889,83,1222.5,337.7,2394,79778,2,1
39890,83,1222.6,337.3,2394,79780,2,1
39891,83,1222.7,336.8,2394,79782,2,1
39892,83,1223.1,335.3,2394,79784,2,1
39893,83,1223.5,332.8,2394,79786,2,1
39894,83,1224,328,2394,79788,2,1
39895,83,1224.7,320.2,2394,79790,2,1
39896,83,1226.4,310.3,2394,79792,2,1
39897,83,1228.7,298.4,2395,79794,2,1
39898,83,1231.1,285.5,2395,79796,2,1
39899,83,1233.8,271.5,2395,79798,2,1
39900,83,1236.9,258,2395,79800,2,1
39901,83,1240.2,246.6,2395,79802,2,1
39902,83,1243.2,238.5,2395,79804,2,1
39903,83,1245.1,232.4,2395,79806,2,1
39904,83,1246.1,228.8,2395,79808,2,1
39905,83,1246.6,226.2,2395,79810,2,1
39906,83,1246.3,226.4,2395,79812,2,1
39907,83,1245.5,228.1,2395,79814,2,1
39908,83,1244.6,230,2395,79816,2,1
39909,83,1243.6,231.8,2395,79818,2,1
39910,83,1242.6,233.7,2395,79820,2,1
39911,83,1241.8,235.4,2395,79822,2,1
39912,83,1241.4,236.9,2395,79824,2,1
39913,83,1241.8,237.6,2396,79826,2,1
39914,83,1242.1,237.2,2396,79828,2,1
39915,83,1242.4,236.6,2396,79830,2,1
39916,83,1242.5,235.9,2396,79832,2,1
39917,83,1242.7,235.2,2396,79834,2,1
39918,83,1243.3,234,2396,79836,2,1
39919,83,1243.9,232.8,2396,79838,2,1
39920,83,1243.7,231.9,2396,79840,2,1
39921,83,1243.7,231.3,2396,79842,2,1
39922,83,1243.7,230.7,2396,79844,2,1
39923,83,1243.8,230.6,2396,79846,2,1
39924,83,1243.9,230.5,2396,79848,2,1
39925,83,1244.2,230.6,2396,79850,2,1
39926,83,1244.3,230.7,2396,79852,2,1
39927,83,1244.5,230.8,2396,79854,2,1
39928,83,1244.7,230.7,2396,79856,2,1
39929,83,1244.8,230.5,2396,79858,2,1
39930,83,1244.8,230.3,2397,79860,2,1
39931,83,1244.8,230.2,2397,79862,2,1
39932,83,1244.7,230.1,2397,79864,2,1
39933,83,1244.7,230.2,2397,79866,2,1
39934,83,1244.5,230.3,2397,79868,2,1
39935,83,1244.3,230.5,2397,79870,2,1
39936,83,1243.8,230.7,2397,79872,2,1
39937,83,1243.2,230.8,2397,79874,2,1
39938,83,1242.7,231,2397,79876,2,1
39939,83,1242,231.2,2397,79878,2,1
39940,83,1241.3,231.4,2397,79880,2,1
39941,83,1240.4,231.6,2397,79882,2,1
39942,83,1239.9,231.6,2397,79884,2,1
39943,83,1239.7,231.6,2397,79886,2,1
39944,83,1239.4,231.7,2397,79888,2,1
39945,83,1239.2,232.1,2397,79890,2,1
39946,83,1238.8,232.5,2397,79892,2,1
39947,83,1238.9,232.7,2398,79894,2,1
39948,83,1239.2,233.1,2398,79896,2,1
39949,83,1239.6,233.4,2398,79898,2,1
39950,83,1240,234,2398,79900,2,1
39951,83,1240.5,234.3,2398,79902,2,1
39952,83,1241,234.5,2398,79904,2,1
39953,83,1241.5,234.6,2398,79906,2,1
39954,83,1241.7,234.9,2398,79908,2,1
39955,83,1241.7,235.2,2398,79910,2,1
39956,83,1241.7,235.7,2398,79912,2,1
39957,83,1241.6,236.1,2398,79914,2,1
39958,83,1241.6,236.6,2398,79916,2,1
39959,83,1241.5,236.6,2398,79918,2,1
39960,83,1241.5,236.6,2398,79920,2,1
39961,83,1241.7,236.4,2398,79922,2,1
39962,83,1241.9,236.2,2398,79924,2,1
39963,83,1242.1,235.8,2398,79926,2,1
39964,83,1242.3,235.5,2399,79928,2,1
39965,83,1242.6,235.2,2399,79930,2,1
39966,83,1243.1,235.2,2399,79932,2,1
39967,83,1243.3,235.3,2399,79934,2,1
39968,83,1244.2,235.2,2399,79936,2,1
39969,83,1245,235,2399,79938,2,1
39970,83,1245.7,234.8,2399,79940,2,1
39971,83,1246.2,234.7,2399,79942,2,1
39972,83,1246.7,234.4,2399,79944,2,1
39973,83,1246.9,234.2,2399,79946,2,1
39974,83,1247,234.1,2399,79948,2,1
39975,83,1246.5,234.2,2399,79950,2,1
39976,83,1246.1,234.2,2399,79952,2,1
39977,83,1245.7,234.3,2399,79954,2,1
39978,83,1245.5,234.8,2399,79956,2,1
39979,83,1245.3,235.6,2399,79958,2,1
39980,83,1245.3,236.4,2400,79960,2,1
39981,83,1245.2,237.2,2400,79962,2,1
39982,83,1244.4,238.1,2400,79964,2,1
39983,83,1243.7,238.9,2400,79966,2,1
39984,83,1242.8,239.6,2400,79968,2,1
39985,83,1242,240,2400,79970,2,1
39986,83,1241,240.1,2400,79972,2,1
39987,83,1240.3,240,2400,79974,2,1
39988,83,1239.7,239.9,2400,79976,2,1
39989,83,1239.8,239.7,2400,79978,2,1
39990,83,1240.1,239.5,2400,79980,2,1
39991,83,1240.8,239.4,2400,79982,2,1
39992,83,1241.5,239.3,2400,79984,2,1
39993,83,1242.2,239.3,2400,79986,2,1
39994,83,1242.6,239.5,2400,79988,2,1
39995,83,1243.3,239.6,2400,79990,2,1
39996,83,1243.8,239.4,2400,79992,2,1
39997,83,1244.2,237.9,2401,79994,2,1
39998,83,1244.4,236.3,2401,79996,2,1
39999,83,1244.7,234.7,2401,79998,2,1
40000,83,1245,233.1,2401,80000,2,1
40001,83,1245.2,231.4,2401,80002,2,1
40002,83,1245.6,228.6,2401,80004,2,1
40003,83,1246,225.8,2401,80006,2,1
40004,83,1246.5,224.5,2401,80008,2,1
40005,83,1247.1,223.1,2401,80010,2,1
40006,83,1247.7,221.8,2401,80012,2,1
40007,83,1248.1,219.5,2401,80014,2,1
40008,83,1248.5,217.5,2401,80016,2,1
40009,83,1248.8,216.3,2401,80018,2,1
40010,83,1249.6,214.9,2401,80020,2,1
40011,83,1250.3,213.4,2401,80022,2,1
40012,83,1251,211.8,2401,80024,2,1
40013,83,1251.4,210.4,2401,80026,2,1
40014,83,1251.9,210,2402,80028,2,1
40015,83,1252.3,209.6,2402,80030,2,1
40016,83,1252.7,209.4,2402,80032,2,1
40017,83,1252.6,209.5,2402,80034,2,1
40018,83,1252.6,209.2,2402,80036,2,1
40019,83,1252.6,209.1,2402,80038,2,1
40020,83,1252.5,208.7,2402,80040,2,1
40021,83,1252.2,208.1,2402,80042,2,1
40022,83,1251.7,207.5,2402,80044,2,1
40023,83,1251.2,206.9,2402,80046,2,1
40024,83,1250.6,206.3,2402,80048,2,1
40025,83,1249.9,206.2,2402,80050,2,1
40026,83,1249.1,206.2,2402,80052,2,1
40027,83,1248.3,206.5,2402,80054,2,1
40028,83,1247.7,207.1,2402,80056,2,1
40029,83,1247.3,207.7,2402,80058,2,1
40030,83,1247.2,208.1,2403,80060,2,1
40031,83,1247.1,208.4,2403,80062,2,1
40032,83,1247.1,208.6,2403,80064,2,1
40033,83,1247.3,208.7,2403,80066,2,1
40034,83,1247.6,208.6,2403,80068,2,1
40035,83,1248,208.2,2403,80070,2,1
40036,83,1248.3,207.8,2403,80072,2,1
40037,83,1249,207.2,2403,80074,2,1
40038,83,1249.6,206.7,2403,80076,2,1
40039,83,1250.4,206.2,2403,80078,2,1
40040,83,1250.5,206.1,2403,80080,2,1
40041,83,1250.4,207.2,2403,80082,2,1
40042,83,1250.2,208.6,2403,80084,2,1
40043,83,1250,210,2403,80086,2,1
40044,83,1249.8,211.2,2403,80088,2,1
40045,83,1249.6,212.2,2403,80090,2,1
40046,83,1249.4,213.2,2403,80092,2,1
40047,83,1249.4,214.1,2404,80094,2,1
40048,83,1249.5,213.7,2404,80096,2,1
40049,83,1249.3,213.1,2404,80098,2,1
40050,83,1249.1,211,2404,80100,2,1
40051,83,1248.4,209.2,2404,80102,2,1
40052,83,1247.7,207.6,2404,80104,2,1
40053,83,1246.9,206.6,2404,80106,2,1
40054,83,1245,205.8,2404,80108,2,1
40055,83,1243,204.9,2404,80110,2,1
40056,83,1241.4,203.8,2404,80112,2,1
40057,83,1239.7,204,2404,80114,2,1
40058,83,1237.3,204.2,2404,80116,2,1
40059,83,1234.8,204.6,2404,80118,2,1
40060,83,1232.1,204.3,2404,80120,2,1
40061,83,1230.5,204.3,2404,80122,2,1
40062,83,1228.7,205,2404,80124,2,1
40063,83,1227.1,207,2404,80126,2,1
40064,83,1225.5,209.1,2405,80128,2,1
40065,83,1224.5,212,2405,80130,2,1
40066,83,1223.6,215.5,2405,80132,2,1
40067,83,1222.9,218.9,2405,80134,2,1
40068,83,1222.4,223.7,2405,80136,2,1
40069,83,1222.2,228.2,2405,80138,2,1
40070,83,1222.1,231.8,2405,80140,2,1
40071,83,1222.2,235,2405,80142,2,1
40072,83,1222.5,237.8,2405,80144,2,1
40073,83,1222.8,240.2,2405,80146,2,1
40074,83,1223.2,243.8,2405,80148,2,1
40075,83,1223.4,245.9,2405,80150,2,1
40076,83,1277.6,242.9,2405,80152,2,1
40077,83,-9999,237.5,2405,80154,2,1
40078,83,-9999,-9999,2405,80156,2,1
40079,83,-9999,-9999,2405,80158,2,1
40080,83,-9999,-9999,2406,80160,2,1
40081,83,-9999,-9999,2406,80162,2,1
40082,83,-9999,-9999,2406,80164,2,1
40083,83,-9999,-9999,2406,80166,2,1
40084,83,-9999,-9999,2406,80168,2,1
40085,83,-9999,-9999,2406,80170,2,1
40086,83,-9999,-9999,2406,80172,2,1
40087,83,-9999,-9999,2406,80174,2,1
40088,83,-9999,-9999,2406,80176,2,1
40089,83,-9999,-9999,2406,80178,2,1
40090,83,-9999,-9999,2406,80180,2,1
40091,83,-9999,-9999,2406,80182,2,1
40092,83,-9999,-9999,2406,80184,2,1
40093,83,-9999,-9999,2406,80186,2,1
40094,83,-9999,-9999,2406,80188,2,1
40095,83,-9999,-9999,2406,80190,2,1
40096,83,-9999,-9999,2406,80192,2,1
40097,83,-9999,-9999,2407,80194,2,1
40098,83,-9999,-9999,2407,80196,2,1
40099,83,-9999,-9999,2407,80198,2,1
40100,83,-9999,-9999,2407,80200,2,1
40101,83,-9999,-9999,2407,80202,2,1
40102,83,-9999,-9999,2407,80204,2,1
40103,83,-9999,-9999,2407,80206,2,1
40104,83,-9999,-9999,2407,80208,2,1
40105,83,-9999,-9999,2407,80210,2,1
40106,83,-9999,-9999,2407,80212,2,1
40107,83,-9999,-9999,2407,80214,2,1
40108,83,-9999,-9999,2407,80216,2,1
40109,83,-9999,-9999,2407,80218,2,1
40110,83,-9999,-9999,2407,80220,2,1
40111,83,-9999,-9999,2407,80222,2,1
40112,83,-9999,-9999,2407,80224,2,1
40113,83,-9999,-9999,2407,80226,2,1
40114,83,-9999,-9999,2408,80228,2,1
40115,83,-9999,-9999,2408,80230,2,1
40116,83,-9999,-9999,2408,80232,2,1
40117,83,-9999,-9999,2408,80234,2,1
40118,83,-9999,-9999,2408,80236,2,1
40119,83,-9999,-9999,2408,80238,2,1
40120,83,-9999,-9999,2408,80240,2,1
40121,83,-9999,-9999,2408,80242,2,1
40122,83,-9999,-9999,2408,80244,2,1
40123,83,-9999,-9999,2408,80246,2,1
40124,83,-9999,-9999,2408,80248,2,1
40125,83,-9999,-9999,2408,80250,2,1
40126,83,-9999,-9999,2408,80252,2,1
40127,83,-9999,-9999,2408,80254,2,1
40128,83,-9999,-9999,2408,80256,2,1
40129,83,-9999,-9999,2408,80258,2,1
40130,83,-9999,-9999,2409,80260,2,1
40131,83,-9999,-9999,2409,80262,2,1
40132,83,-9999,-9999,2409,80264,2,1
40133,83,-9999,-9999,2409,80266,2,1
40134,83,-9999,-9999,2409,80268,2,1
40135,83,-9999,-9999,2409,80270,2,1
40136,83,-9999,-9999,2409,80272,2,1
40137,83,-9999,-9999,2409,80274,2,1
40138,83,-9999,-9999,2409,80276,2,1
40139,83,-9999,-9999,2409,80278,2,1
40140,83,-9999,-9999,2409,80280,2,1
40141,83,-9999,-9999,2409,80282,2,1
40142,83,-9999,-9999,2409,80284,2,1
40143,83,-9999,-9999,2409,80286,2,1
40144,83,-9999,-9999,2409,80288,2,1
40145,83,-9999,-9999,2409,80290,2,1
40146,83,-9999,-9999,2409,80292,2,1
40147,83,-9999,-9999,2410,80294,2,1
40148,83,-9999,-9999,2410,80296,2,1
40149,83,-9999,-9999,2410,80298,2,1
40150,83,-9999,-9999,2410,80300,2,1
40151,83,-9999,-9999,2410,80302,2,1
40152,83,-9999,-9999,2410,80304,2,1
40153,83,-9999,-9999,2410,80306,2,1
40154,83,-9999,-9999,2410,80308,2,1
40155,83,-9999,-9999,2410,80310,2,1
40156,83,-9999,-9999,2410,80312,2,1
40157,83,-9999,-9999,2410,80314,2,1
40158,83,-9999,-9999,2410,80316,2,1
40159,83,-9999,-9999,2410,80318,2,1
40160,83,-9999,-9999,2410,80320,2,1
40161,83,-9999,-9999,2410,80322,2,1
40162,83,-9999,-9999,2410,80324,2,1
40163,83,-9999,-9999,2410,80326,2,1
40164,83,-9999,-9999,2411,80328,2,1
40165,83,-9999,-9999,2411,80330,2,1
40166,83,-9999,-9999,2411,80332,2,1
40167,83,-9999,-9999,2411,80334,2,1
40168,83,-9999,-9999,2411,80336,2,1
40169,83,-9999,-9999,2411,80338,2,1
40170,83,-9999,-9999,2411,80340,2,1
40171,83,-9999,-9999,2411,80342,2,1
40172,83,-9999,-9999,2411,80344,2,1
40173,83,-9999,-9999,2411,80346,2,1
40174,83,-9999,-9999,2411,80348,2,1
40175,83,-9999,-9999,2411,80350,2,1
40176,83,-9999,-9999,2411,80352,2,1
40177,83,-9999,-9999,2411,80354,2,1
40178,83,-9999,-9999,2411,80356,2,1
40179,83,-9999,-9999,2411,80358,2,1
40180,83,-9999,-9999,2412,80360,2,1
40181,83,-9999,-9999,2412,80362,2,1
40182,83,-9999,-9999,2412,80364,2,1
40183,83,-9999,-9999,2412,80366,2,1
40184,83,-9999,-9999,2412,80368,2,1
40185,83,-9999,-9999,2412,80370,2,1
40186,83,-9999,-9999,2412,80372,2,1
40187,83,-9999,-9999,2412,80374,2,1
40188,83,-9999,-9999,2412,80376,2,1
40189,83,-9999,-9999,2412,80378,2,1
40190,83,-9999,-9999,2412,80380,2,1
40191,83,-9999,-9999,2412,80382,2,1
40192,83,-9999,-9999,2412,80384,2,1
40193,83,-9999,-9999,2412,80386,2,1
40194,83,-9999,-9999,2412,80388,2,1
40195,83,-9999,-9999,2412,80390,2,1
40196,83,-9999,-9999,2412,80392,2,1
40197,83,-9999,-9999,2413,80394,2,1
40198,83,-9999,-9999,2413,80396,2,1
40199,83,-9999,-9999,2413,80398,2,1
40200,83,-9999,-9999,2413,80400,2,1
40201,83,-9999,-9999,2413,80402,2,1
40202,83,-9999,-9999,2413,80404,2,1
40203,83,-9999,-9999,2413,80406,2,1
40204,83,-9999,-9999,2413,80408,2,1
40205,83,-9999,-9999,2413,80410,2,1
40206,83,-9999,-9999,2413,80412,2,1
40207,83,-9999,-9999,2413,80414,2,1
40208,83,-9999,-9999,2413,80416,2,1
40209,83,-9999,-9999,2413,80418,2,1
40210,83,-9999,-9999,2413,80420,2,1
40211,83,-9999,-9999,2413,80422,2,1
40212,83,-9999,-9999,2413,80424,2,1
40213,83,-9999,-9999,2413,80426,2,1
40214,83,-9999,-9999,2414,80428,2,1
40215,83,-9999,-9999,2414,80430,2,1
40216,83,-9999,-9999,2414,80432,2,1
40217,83,-9999,-9999,2414,80434,2,1
40218,83,-9999,-9999,2414,80436,2,1
40219,83,-9999,-9999,2414,80438,2,1
40220,83,-9999,-9999,2414,80440,2,1
40221,83,-9999,-9999,2414,80442,2,1
40222,83,-9999,-9999,2414,80444,2,1
40223,83,-9999,-9999,2414,80446,2,1
40224,83,-9999,-9999,2414,80448,2,1
40225,83,-9999,-9999,2414,80450,2,1
40226,83,-9999,-9999,2414,80452,2,1
40227,83,-9999,-9999,2414,80454,2,1
40228,83,-9999,-9999,2414,80456,2,1
40229,83,-9999,-9999,2414,80458,2,1
40230,83,-9999,-9999,2415,80460,2,1
40231,83,-9999,-9999,2415,80462,2,1
40232,83,-9999,-9999,2415,80464,2,1
40233,83,-9999,-9999,2415,80466,2,1
40234,83,-9999,-9999,2415,80468,2,1
40235,83,-9999,-9999,2415,80470,2,1
40236,83,-9999,-9999,2415,80472,2,1
40237,83,-9999,-9999,2415,80474,2,1
40238,83,-9999,-9999,2415,80476,2,1
40239,83,-9999,-9999,2415,80478,2,1
40240,83,-9999,-9999,2415,80480,2,1
40241,83,-9999,-9999,2415,80482,2,1
40242,83,-9999,-9999,2415,80484,2,1
40243,83,-9999,-9999,2415,80486,2,1
40244,83,-9999,-9999,2415,80488,2,1
40245,83,-9999,-9999,2415,80490,2,1
40246,83,-9999,-9999,2415,80492,2,1
40247,83,-9999,-9999,2416,80494,2,1
40248,83,-9999,-9999,2416,80496,2,1
40249,83,-9999,-9999,2416,80498,2,1
40250,83,-9999,-9999,2416,80500,2,1
40251,83,-9999,-9999,2416,80502,2,1
40252,83,-9999,-9999,2416,80504,2,1
40253,83,-9999,-9999,2416,80506,2,1
40254,83,-9999,-9999,2416,80508,2,1
40255,83,-9999,-9999,2416,80510,2,1
40256,83,-9999,-9999,2416,80512,2,1
40257,83,-9999,-9999,2416,80514,2,1
40258,83,-9999,-9999,2416,80516,2,1
40259,83,-9999,-9999,2416,80518,2,1
40260,83,-9999,-9999,2416,80520,2,1
40261,83,-9999,-9999,2416,80522,2,1
40262,83,-9999,-9999,2416,80524,2,1
40263,83,-9999,-9999,2416,80526,2,1
40264,83,-9999,-9999,2417,80528,2,1
40265,83,-9999,-9999,2417,80530,2,1
40266,83,-9999,-9999,2417,80532,2,1
40267,83,-9999,-9999,2417,80534,2,1
40268,83,-9999,-9999,2417,80536,2,1
40269,83,-9999,-9999,2417,80538,2,1
40270,83,-9999,-9999,2417,80540,2,1
40271,83,-9999,-9999,2417,80542,2,1
40272,83,-9999,-9999,2417,80544,2,1
40273,83,-9999,-9999,2417,80546,2,1
40274,83,-9999,-9999,2417,80548,2,1
40275,83,-9999,-9999,2417,80550,2,1
40276,83,-9999,-9999,2417,80552,2,1
40277,83,-9999,-9999,2417,80554,2,1
40278,83,-9999,-9999,2417,80556,2,1
40279,83,-9999,-9999,2417,80558,2,1
40280,83,-9999,-9999,2418,80560,2,1
40281,83,-9999,-9999,2418,80562,2,1
40282,83,-9999,-9999,2418,80564,2,1
40283,83,-9999,-9999,2418,80566,2,1
40284,83,-9999,-9999,2418,80568,2,1
40285,83,-9999,-9999,2418,80570,2,1
40286,83,-9999,-9999,2418,80572,2,1
40287,83,-9999,-9999,2418,80574,2,1
40288,83,-9999,-9999,2418,80576,2,1
40289,83,-9999,-9999,2418,80578,2,1
40290,83,-9999,-9999,2418,80580,2,1
40291,83,-9999,-9999,2418,80582,2,1
40292,83,-9999,-9999,2418,80584,2,1
40293,83,-9999,-9999,2418,80586,2,1
40294,83,-9999,-9999,2418,80588,2,1
40295,83,-9999,-9999,2418,80590,2,1
40296,83,-9999,-9999,2418,80592,2,1
40297,83,-9999,-9999,2419,80594,2,1
40298,83,-9999,-9999,2419,80596,2,1
40299,83,-9999,-9999,2419,80598,2,1
40300,83,-9999,-9999,2419,80600,2,1
40301,83,-9999,-9999,2419,80602,2,1
40302,83,-9999,-9999,2419,80604,2,1
40303,83,-9999,-9999,2419,80606,2,1
40304,83,-9999,-9999,2419,80608,2,1
40305,83,-9999,-9999,2419,80610,2,1
40306,83,-9999,-9999,2419,80612,2,1
40307,83,-9999,-9999,2419,80614,2,1
40308,83,-9999,-9999,2419,80616,2,1
40309,83,-9999,-9999,2419,80618,2,1
40310,83,-9999,-9999,2419,80620,2,1
40311,83,-9999,-9999,2419,80622,2,1
40312,83,-9999,-9999,2419,80624,2,1
40313,83,-9999,-9999,2419,80626,2,1
40314,83,-9999,-9999,2420,80628,2,1
40315,83,-9999,-9999,2420,80630,2,1
40316,83,-9999,-9999,2420,80632,2,1
40317,83,-9999,-9999,2420,80634,2,1
40318,83,-9999,-9999,2420,80636,2,1
40319,83,-9999,-9999,2420,80638,2,1
40320,83,-9999,-9999,2420,80640,2,1
40321,83,-9999,-9999,2420,80642,2,1
40322,83,-9999,-9999,2420,80644,2,1
40323,83,-9999,-9999,2420,80646,2,1
40324,83,-9999,-9999,2420,80648,2,1
40325,83,-9999,-9999,2420,80650,2,1
40326,83,-9999,-9999,2420,80652,2,1
40327,83,-9999,-9999,2420,80654,2,1
40328,83,-9999,-9999,2420,80656,2,1
40329,83,-9999,-9999,2420,80658,2,1
40330,83,-9999,-9999,2421,80660,2,1
40331,83,-9999,-9999,2421,80662,2,1
40332,83,-9999,-9999,2421,80664,2,1
40333,83,-9999,-9999,2421,80666,2,1
40334,83,-9999,-9999,2421,80668,2,1
40335,83,-9999,-9999,2421,80670,2,1
40336,83,-9999,-9999,2421,80672,2,1
40337,83,-9999,-9999,2421,80674,2,1
40338,83,-9999,-9999,2421,80676,2,1
40339,83,-9999,-9999,2421,80678,2,1
40340,83,-9999,-9999,2421,80680,2,1
40341,83,-9999,-9999,2421,80682,2,1
40342,83,-9999,-9999,2421,80684,2,1
40343,83,-9999,-9999,2421,80686,2,1
40344,83,-9999,-9999,2421,80688,2,1
40345,83,-9999,-9999,2421,80690,2,1
40346,83,-9999,-9999,2421,80692,2,1
40347,83,-9999,-9999,2422,80694,2,1
40348,83,-9999,-9999,2422,80696,2,1
40349,83,-9999,-9999,2422,80698,2,1
40350,83,-9999,-9999,2422,80700,2,1
40351,83,-9999,-9999,2422,80702,2,1
40352,83,-9999,-9999,2422,80704,2,1
40353,83,-9999,-9999,2422,80706,2,1
40354,83,-9999,-9999,2422,80708,2,1
40355,83,-9999,-9999,2422,80710,2,1
40356,83,-9999,-9999,2422,80712,2,1
40357,83,-9999,-9999,2422,80714,2,1
40358,83,-9999,-9999,2422,80716,2,1
40359,83,-9999,-9999,2422,80718,2,1
40360,83,-9999,-9999,2422,80720,2,1
40361,83,-9999,-9999,2422,80722,2,1
40362,83,-9999,-9999,2422,80724,2,1
40363,83,-9999,-9999,2422,80726,2,1
40364,83,-9999,-9999,2423,80728,2,1
40365,83,-9999,-9999,2423,80730,2,1
40366,83,-9999,-9999,2423,80732,2,1
40367,83,-9999,-9999,2423,80734,2,1
40368,83,-9999,-9999,2423,80736,2,1
40369,83,-9999,-9999,2423,80738,2,1
40370,83,-9999,-9999,2423,80740,2,1
40371,83,-9999,-9999,2423,80742,2,1
40372,83,-9999,-9999,2423,80744,2,1
40373,83,-9999,-9999,2423,80746,2,1
40374,83,-9999,-9999,2423,80748,2,1
40375,83,-9999,-9999,2423,80750,2,1
40376,83,-9999,-9999,2423,80752,2,1
40377,83,-9999,-9999,2423,80754,2,1
40378,83,-9999,-9999,2423,80756,2,1
40379,83,-9999,-9999,2423,80758,2,1
40380,83,-9999,-9999,2424,80760,2,1
40381,83,-9999,-9999,2424,80762,2,1
40382,83,-9999,-9999,2424,80764,2,1
40383,83,-9999,-9999,2424,80766,2,1
40384,83,-9999,-9999,2424,80768,2,1
40385,83,-9999,-9999,2424,80770,2,1
40386,83,-9999,-9999,2424,80772,2,1
40387,83,-9999,-9999,2424,80774,2,1
40388,83,-9999,-9999,2424,80776,2,1
40389,83,-9999,-9999,2424,80778,2,1
40390,83,-9999,-9999,2424,80780,2,1
40391,83,-9999,-9999,2424,80782,2,1
40392,83,-9999,-9999,2424,80784,2,1
40393,83,-9999,-9999,2424,80786,2,1
40394,83,-9999,-9999,2424,80788,2,1
40395,83,-9999,-9999,2424,80790,2,1
40396,83,-9999,-9999,2424,80792,2,1
40397,83,-9999,-9999,2425,80794,2,1
40398,83,-9999,-9999,2425,80796,2,1
40399,83,-9999,-9999,2425,80798,2,1
40400,83,-9999,-9999,2425,80800,2,1
40401,83,-9999,-9999,2425,80802,2,1
40402,83,-9999,-9999,2425,80804,2,1
40403,83,-9999,-9999,2425,80806,2,1
40404,83,-9999,-9999,2425,80808,2,1
40405,83,-9999,-9999,2425,80810,2,1
40406,83,-9999,-9999,2425,80812,2,1
40407,83,-9999,-9999,2425,80814,2,1
40408,83,-9999,-9999,2425,80816,2,1
40409,83,-9999,-9999,2425,80818,2,1
40410,83,-9999,-9999,2425,80820,2,1
40411,83,-9999,-9999,2425,80822,2,1
40412,83,-9999,-9999,2425,80824,2,1
40413,83,-9999,-9999,2425,80826,2,1
40414,83,-9999,-9999,2426,80828,2,1
40415,83,-9999,-9999,2426,80830,2,1
40416,83,-9999,-9999,2426,80832,2,1
40417,83,-9999,-9999,2426,80834,2,1
40418,83,-9999,-9999,2426,80836,2,1
40419,83,-9999,-9999,2426,80838,2,1
40420,83,-9999,-9999,2426,80840,2,1
40421,83,-9999,-9999,2426,80842,2,1
40422,83,-9999,-9999,2426,80844,2,1
40423,83,-9999,-9999,2426,80846,2,1
40424,83,-9999,-9999,2426,80848,2,1
40425,83,-9999,-9999,2426,80850,2,1
40426,83,-9999,-9999,2426,80852,2,1
40427,83,-9999,-9999,2426,80854,2,1
40428,83,-9999,-9999,2426,80856,2,1
40429,83,-9999,-9999,2426,80858,2,1
40430,83,-9999,-9999,2427,80860,2,1
40431,83,-9999,-9999,2427,80862,2,1
40432,83,-9999,-9999,2427,80864,2,1
40433,83,-9999,-9999,2427,80866,2,1
40434,83,-9999,-9999,2427,80868,2,1
40435,83,-9999,-9999,2427,80870,2,1
40436,83,-9999,-9999,2427,80872,2,1
40437,83,-9999,-9999,2427,80874,2,1
40438,83,-9999,-9999,2427,80876,2,1
40439,83,-9999,-9999,2427,80878,2,1
40440,83,-9999,-9999,2427,80880,2,1
40441,83,-9999,-9999,2427,80882,2,1
40442,83,-9999,-9999,2427,80884,2,1
40443,83,-9999,-9999,2427,80886,2,1
40444,83,-9999,-9999,2427,80888,2,1
40445,83,-9999,-9999,2427,80890,2,1
40446,83,-9999,-9999,2427,80892,2,1
40447,83,-9999,-9999,2428,80894,2,1
40448,83,-9999,-9999,2428,80896,2,1
40449,83,-9999,-9999,2428,80898,2,1
40450,83,-9999,-9999,2428,80900,2,1
40451,83,-9999,-9999,2428,80902,2,1
40452,83,-9999,-9999,2428,80904,2,1
40453,83,-9999,-9999,2428,80906,2,1
40454,83,-9999,-9999,2428,80908,2,1
40455,83,-9999,-9999,2428,80910,2,1
40456,83,-9999,-9999,2428,80912,2,1
40457,83,-9999,-9999,2428,80914,2,1
40458,83,-9999,-9999,2428,80916,2,1
40459,83,-9999,-9999,2428,80918,2,1
40460,83,-9999,-9999,2428,80920,2,1
40461,83,-9999,-9999,2428,80922,2,1
40462,83,-9999,-9999,2428,80924,2,1
40463,83,-9999,-9999,2428,80926,2,1
40464,83,-9999,-9999,2429,80928,2,1
40465,83,-9999,105.6,2429,80930,2,1
40466,83,-9999,173.9,2429,80932,2,1
40467,83,1137.8,216.8,2429,80934,2,1
40468,83,1138.2,214.4,2429,80936,2,1
40469,83,1138.5,211.9,2429,80938,2,1
40470,83,1139.2,210.7,2429,80940,2,1
40471,83,1140,209.1,2429,80942,2,1
40472,83,1140.8,207.2,2429,80944,2,1
40473,83,1141.6,205.2,2429,80946,2,1
40474,83,1141.8,203,2429,80948,2,1
40475,83,1141.9,201,2429,80950,2,1
40476,83,1142.1,198.5,2429,80952,2,1
40477,83,1142.9,196.2,2429,80954,2,1
40478,83,1143.8,193.9,2429,80956,2,1
40479,83,1144.4,191.8,2429,80958,2,1
40480,83,1145.1,189,2430,80960,2,1
40481,83,1145.8,186.6,2430,80962,2,1
40482,83,1146.7,184,2430,80964,2,1
40483,83,1147.6,182.8,2430,80966,2,1
40484,83,1147.6,181.7,2430,80968,2,1
40485,83,1147.4,181.1,2430,80970,2,1
40486,83,1147.4,180.8,2430,80972,2,1
40487,83,1147.3,181.5,2430,80974,2,1
40488,83,1147.7,182.1,2430,80976,2,1
40489,83,1148.6,182.6,2430,80978,2,1
40490,83,1149.6,182.8,2430,80980,2,1
40491,83,1150.4,182.9,2430,80982,2,1
40492,83,1151.4,183,2430,80984,2,1
40493,83,1152.5,183.1,2430,80986,2,1
40494,83,1154.1,182.7,2430,80988,2,1
40495,83,1155.4,181.9,2430,80990,2,1
40496,83,1156.3,180.1,2430,80992,2,1
40497,83,1157.6,178.3,2431,80994,2,1
40498,83,1159,176.8,2431,80996,2,1
40499,83,1160.2,175.1,2431,80998,2,1
40500,83,1162,173.1,2431,81000,2,1
40501,83,1163.2,171.2,2431,81002,2,1
40502,83,1164.4,168.9,2431,81004,2,1
40503,83,1166.1,167.6,2431,81006,2,1
40504,83,1168,166.4,2431,81008,2,1
40505,83,1170,165.1,2431,81010,2,1
40506,83,1172,163.7,2431,81012,2,1
40507,83,1173.2,162.3,2431,81014,2,1
40508,83,1174.4,161,2431,81016,2,1
40509,83,1175.6,160.5,2431,81018,2,1
40510,83,1176.2,160.3,2431,81020,2,1
40511,83,1176.1,160,2431,81022,2,1
40512,83,1175.9,160.4,2431,81024,2,1
40513,83,1175.5,161.6,2431,81026,2,1
40514,83,1175.2,164.9,2432,81028,2,1
40515,83,1174.8,168.3,2432,81030,2,1
40516,83,1174.3,171.6,2432,81032,2,1
40517,83,1173.6,175,2432,81034,2,1
40518,83,1172.9,178.4,2432,81036,2,1
40519,83,1172.2,181.2,2432,81038,2,1
40520,83,1171.7,183.3,2432,81040,2,1
40521,83,1171.2,183.5,2432,81042,2,1
40522,83,1170.7,183.5,2432,81044,2,1
40523,83,1170.4,183.3,2432,81046,2,1
40524,83,1170.1,182.6,2432,81048,2,1
40525,83,1170,181.9,2432,81050,2,1
40526,83,1169.8,181.2,2432,81052,2,1
40527,83,1169.7,180.5,2432,81054,2,1
40528,83,1169.6,179.6,2432,81056,2,1
40529,83,1169.4,178.7,2432,81058,2,1
40530,83,1169.1,178,2433,81060,2,1
40531,83,1168.4,177.9,2433,81062,2,1
40532,83,1167.5,178,2433,81064,2,1
40533,83,1166.6,178.2,2433,81066,2,1
40534,83,1165.8,178.4,2433,81068,2,1
40535,83,1165,178.7,2433,81070,2,1
40536,83,1164.5,179,2433,81072,2,1
40537,83,1164,179.5,2433,81074,2,1
40538,83,1163.8,180.2,2433,81076,2,1
40539,83,1163.6,180.8,2433,81078,2,1
40540,83,1163.3,181.4,2433,81080,2,1
40541,83,1163,181.9,2433,81082,2,1
40542,83,1162.7,182.3,2433,81084,2,1
40543,83,1162.2,183,2433,81086,2,1
40544,83,1161.7,183.5,2433,81088,2,1
40545,83,1161.2,185,2433,81090,2,1
40546,83,1160.9,186.2,2433,81092,2,1
40547,83,1160.9,187.5,2434,81094,2,1
40548,83,1160.8,188.8,2434,81096,2,1
40549,83,1160.6,190.3,2434,81098,2,1
40550,83,1160.2,191.8,2434,81100,2,1
40551,83,1159.9,193.1,2434,81102,2,1
40552,83,1159.5,193.4,2434,81104,2,1
40553,83,1159.2,193.7,2434,81106,2,1
40554,83,1158.5,194.3,2434,81108,2,1
40555,83,1157.7,195.6,2434,81110,2,1
40556,83,1157,197.1,2434,81112,2,1
40557,83,1156.5,198.5,2434,81114,2,1
40558,83,1155.9,200,2434,81116,2,1
40559,83,1155.1,201.4,2434,81118,2,1
40560,83,1154.4,202.8,2434,81120,2,1
40561,83,1153.8,204.1,2434,81122,2,1
40562,83,1153.1,205.1,2434,81124,2,1
40563,83,1152.5,206.4,2434,81126,2,1
40564,83,1151.8,207.9,2435,81128,2,1
40565,83,1151.5,209.9,2435,81130,2,1
40566,83,1151.5,211.8,2435,81132,2,1
40567,83,1151.2,214,2435,81134,2,1
40568,83,1150.9,216.2,2435,81136,2,1
40569,83,1150.8,218.3,2435,81138,2,1
40570,83,1150.7,219.5,2435,81140,2,1
40571,83,1150.7,220.7,2435,81142,2,1
40572,83,1150.6,221.6,2435,81144,2,1
40573,83,1150.6,222.8,2435,81146,2,1
40574,83,1150.6,224.2,2435,81148,2,1
40575,83,1150.5,225.6,2435,81150,2,1
40576,83,1150.6,227.1,2435,81152,2,1
40577,83,1150.8,228.8,2435,81154,2,1
40578,83,1151.1,230.7,2435,81156,2,1
40579,83,1151.3,232.3,2435,81158,2,1
40580,83,1151.8,233.4,2436,81160,2,1
40581,83,1152.4,234.6,2436,81162,2,1
40582,83,1152.9,235.8,2436,81164,2,1
40583,83,1153.3,236.9,2436,81166,2,1
40584,83,1153.6,238.6,2436,81168,2,1
40585,83,1153.8,239.8,2436,81170,2,1
40586,83,1154,240.9,2436,81172,2,1
40587,83,1153.9,242.2,2436,81174,2,1
40588,83,1153.6,243.5,2436,81176,2,1
40589,83,1153.3,244.9,2436,81178,2,1
40590,83,1153.1,246.1,2436,81180,2,1
40591,83,1153,246.4,2436,81182,2,1
40592,83,1152.9,246.9,2436,81184,2,1
40593,83,1152.9,247.3,2436,81186,2,1
40594,83,1152.7,247.4,2436,81188,2,1
40595,83,1152.6,247.6,2436,81190,2,1
40596,83,1152.5,247.4,2436,81192,2,1
40597,83,1152.5,247.1,2437,81194,2,1
40598,83,1152.5,246.8,2437,81196,2,1
40599,83,1152.6,246.4,2437,81198,2,1
40600,83,1152.7,245.9,2437,81200,2,1
40601,83,1153,245.6,2437,81202,2,1
40602,83,1153.7,245.3,2437,81204,2,1
40603,83,1154.3,245.2,2437,81206,2,1
40604,83,1154.9,245.2,2437,81208,2,1
40605,83,1155.5,245,2437,81210,2,1
40606,83,1156.2,244.9,2437,81212,2,1
40607,83,1156.7,244.8,2437,81214,2,1
40608,83,1157.1,244.7,2437,81216,2,1
40609,83,1157.1,244.5,2437,81218,2,1
40610,83,1157.1,244.4,2437,81220,2,1
40611,83,1157,244.5,2437,81222,2,1
40612,83,1156.8,244.8,2437,81224,2,1
40613,83,1156.7,245.3,2437,81226,2,1
40614,83,1156.6,246,2438,81228,2,1
40615,83,1156.6,246.6,2438,81230,2,1
40616,83,1156.8,247.2,2438,81232,2,1
40617,83,1156.9,247.8,2438,81234,2,1
40618,83,1156.9,248.4,2438,81236,2,1
40619,83,1156.9,248.8,2438,81238,2,1
40620,83,1156.8,248.8,2438,81240,2,1
40621,83,1156.8,248.4,2438,81242,2,1
40622,83,1156.8,247.9,2438,81244,2,1
40623,83,1157.3,247.3,2438,81246,2,1
40624,83,1157.9,246.8,2438,81248,2,1
40625,83,1158.4,246.3,2438,81250,2,1
40626,83,1158.9,245.5,2438,81252,2,1
40627,83,1159.3,245,2438,81254,2,1
40628,83,1159.8,244.6,2438,81256,2,1
40629,83,1160.3,244.3,2438,81258,2,1
40630,83,1160.1,244,2439,81260,2,1
40631,83,1159.9,243.8,2439,81262,2,1
40632,83,1159.6,243.6,2439,81264,2,1
40633,83,1159.3,243.8,2439,81266,2,1
40634,83,1159.1,244,2439,81268,2,1
40635,83,1158.8,244,2439,81270,2,1
40636,83,1158.5,244.5,2439,81272,2,1
40637,83,1158.3,245,2439,81274,2,1
40638,83,1158.2,245.4,2439,81276,2,1
40639,83,1158.3,245.8,2439,81278,2,1
40640,83,1158.3,246.5,2439,81280,2,1
40641,83,1158.3,247.2,2439,81282,2,1
40642,83,1158.2,247.9,2439,81284,2,1
40643,83,1157.9,248.3,2439,81286,2,1
40644,83,1157.5,248.8,2439,81288,2,1
40645,83,1157.1,248.9,2439,81290,2,1
40646,83,1156.8,249.1,2439,81292,2,1
40647,83,1156.4,249.4,2440,81294,2,1
40648,83,1156.1,249.7,2440,81296,2,1
40649,83,1156,250.2,2440,81298,2,1
40650,83,1156.2,250.6,2440,81300,2,1
40651,83,1156.4,251,2440,81302,2,1
40652,83,1156.7,251.5,2440,81304,2,1
40653,83,1156.9,252,2440,81306,2,1
40654,83,1157.1,252.1,2440,81308,2,1
40655,83,1157.2,252.3,2440,81310,2,1
40656,83,1157.2,252.1,2440,81312,2,1
40657,83,1156.8,251.9,2440,81314,2,1
40658,83,1156.5,251.8,2440,81316,2,1
40659,83,1156.1,251.9,2440,81318,2,1
40660,83,1155.7,252,2440,81320,2,1
40661,83,1155.2,252.4,2440,81322,2,1
40662,83,1154.6,252.9,2440,81324,2,1
40663,83,1154.2,253.3,2440,81326,2,1
40664,83,1154.1,253.7,2441,81328,2,1
40665,83,1154.1,253.9,2441,81330,2,1
40666,83,1154,253.8,2441,81332,2,1
40667,83,1154,253.6,2441,81334,2,1
40668,83,1154,253.4,2441,81336,2,1
40669,83,1154,253.1,2441,81338,2,1
40670,83,1154.1,252.6,2441,81340,2,1
40671,83,1154.1,252.2,2441,81342,2,1
40672,83,1154,251.9,2441,81344,2,1
40673,83,1153.5,251.8,2441,81346,2,1
40674,83,1153,251.7,2441,81348,2,1
40675,83,1152.7,251.7,2441,81350,2,1
40676,83,1152.5,251.5,2441,81352,2,1
40677,83,1152.4,251.3,2441,81354,2,1
40678,83,1152.3,251.2,2441,81356,2,1
40679,83,1152.5,251,2441,81358,2,1
40680,83,1153.1,250.7,2442,81360,2,1
40681,83,1153.7,250.4,2442,81362,2,1
40682,83,1154.2,250,2442,81364,2,1
40683,83,1154.6,249.9,2442,81366,2,1
40684,83,1155.1,249.8,2442,81368,2,1
40685,83,1155.5,249.9,2442,81370,2,1
40686,83,1155.8,250,2442,81372,2,1
40687,83,1156,250.2,2442,81374,2,1
40688,83,1156.1,250.3,2442,81376,2,1
40689,83,1156.2,250.5,2442,81378,2,1
40690,83,1156.3,250.7,2442,81380,2,1
40691,83,1156.5,251,2442,81382,2,1
40692,83,1156.8,251.5,2442,81384,2,1
40693,83,1156.9,251.9,2442,81386,2,1
40694,83,1157,252.3,2442,81388,2,1
40695,83,1157.1,252.7,2442,81390,2,1
40696,83,1157.2,253.1,2442,81392,2,1
40697,83,1157.2,253.3,2443,81394,2,1
40698,83,1157.2,253.5,2443,81396,2,1
40699,83,1157.2,253.3,2443,81398,2,1
40700,83,1157.4,252.9,2443,81400,2,1
40701,83,1157.6,252.3,2443,81402,2,1
40702,83,1157.8,251.8,2443,81404,2,1
40703,83,1158.1,251.3,2443,81406,2,1
40704,83,1158.2,250.8,2443,81408,2,1
40705,83,1158.3,250.4,2443,81410,2,1
40706,83,1158.7,250,2443,81412,2,1
40707,83,1158.9,249.8,2443,81414,2,1
40708,83,1159.2,249.8,2443,81416,2,1
40709,83,1159.3,249.5,2443,81418,2,1
40710,83,1159.3,249.3,2443,81420,2,1
40711,83,1159.2,249.1,2443,81422,2,1
40712,83,1159,248.9,2443,81424,2,1
40713,83,1158.4,248.9,2443,81426,2,1
40714,83,1157.7,249.1,2444,81428,2,1
40715,83,1157,249.8,2444,81430,2,1
40716,83,1156.7,250.5,2444,81432,2,1
40717,83,1156.6,251.1,2444,81434,2,1
40718,83,1156.6,252,2444,81436,2,1
40719,83,1156.7,252.8,2444,81438,2,1
40720,83,1156.8,253.7,2444,81440,2,1
40721,83,1157,254.1,2444,81442,2,1
40722,83,1157.1,254.3,2444,81444,2,1
40723,83,1157.4,254.4,2444,81446,2,1
40724,83,1157.7,254.5,2444,81448,2,1
40725,83,1158.1,254.3,2444,81450,2,1
40726,83,1158.5,253.7,2444,81452,2,1
40727,83,1158.9,253.1,2444,81454,2,1
40728,83,1159.3,252.6,2444,81456,2,1
40729,83,1159.6,252.2,2444,81458,2,1
40730,83,1159.8,251.9,2445,81460,2,1
40731,83,1159.8,251.6,2445,81462,2,1
40732,83,1159.1,251.8,2445,81464,2,1
40733,83,1158.5,252.4,2445,81466,2,1
40734,83,1157.8,253.1,2445,81468,2,1
40735,83,1157.4,253.4,2445,81470,2,1
40736,83,1157.1,253.5,2445,81472,2,1
40737,83,1156.7,253.6,2445,81474,2,1
40738,83,1156.6,253.5,2445,81476,2,1
40739,83,1156.8,253.3,2445,81478,2,1
40740,83,1157.2,253.1,2445,81480,2,1
40741,83,1157.5,252.9,2445,81482,2,1
40742,83,1157.8,252.8,2445,81484,2,1
40743,83,1158.2,252.7,2445,81486,2,1
40744,83,1158.5,252.8,2445,81488,2,1
40745,83,1158.7,252.8,2445,81490,2,1
40746,83,1158.8,252.9,2445,81492,2,1
40747,83,1158.9,252.6,2446,81494,2,1
40748,83,1158.9,252.3,2446,81496,2,1
40749,83,1159,252,2446,81498,2,1
40750,83,1159.1,251.6,2446,81500,2,1
40751,83,1159.3,251.3,2446,81502,2,1
40752,83,1159.3,251.1,2446,81504,2,1
40753,83,1159.3,251.1,2446,81506,2,1
40754,83,1159.1,251.4,2446,81508,2,1
40755,83,1158.9,251.8,2446,81510,2,1
40756,83,1158.6,252.3,2446,81512,2,1
40757,83,1158.4,252.8,2446,81514,2,1
40758,83,1158.5,253,2446,81516,2,1
40759,83,1158.6,253.1,2446,81518,2,1
40760,83,1158.8,253.3,2446,81520,2,1
40761,83,1159,253.5,2446,81522,2,1
40762,83,1159,253.9,2446,81524,2,1
40763,83,1158.8,254.3,2446,81526,2,1
40764,83,1158.6,254.8,2447,81528,2,1
40765,83,1158.4,255.4,2447,81530,2,1
40766,83,1158.2,256,2447,81532,2,1
40767,83,1158.2,256.3,2447,81534,2,1
40768,83,1158.2,256.6,2447,81536,2,1
40769,83,1158.4,256.5,2447,81538,2,1
40770,83,1158.6,256.3,2447,81540,2,1
40771,83,1158.7,256.2,2447,81542,2,1
40772,83,1158.7,256.1,2447,81544,2,1
40773,83,1158.8,255.7,2447,81546,2,1
40774,83,1159.1,255.2,2447,81548,2,1
40775,83,1159.4,254.7,2447,81550,2,1
40776,83,1159.7,254.4,2447,81552,2,1
40777,83,1159.8,254.1,2447,81554,2,1
40778,83,1159.9,253.7,2447,81556,2,1
40779,83,1159.9,253.4,2447,81558,2,1
40780,83,1159.8,253.2,2448,81560,2,1
40781,83,1159.5,253.3,2448,81562,2,1
40782,83,1159,253.8,2448,81564,2,1
40783,83,1159,253.9,2448,81566,2,1
40784,83,1159.4,253.9,2448,81568,2,1
40785,83,1159.9,253.9,2448,81570,2,1
40786,83,1160.4,254.1,2448,81572,2,1
40787,83,1160.7,254.4,2448,81574,2,1
40788,83,1160.8,254.9,2448,81576,2,1
40789,83,1161,255.1,2448,81578,2,1
40790,83,1161.4,254.9,2448,81580,2,1
40791,83,1161.6,254.7,2448,81582,2,1
40792,83,1161.7,254.6,2448,81584,2,1
40793,83,1161.8,254.2,2448,81586,2,1
40794,83,1161.8,253.9,2448,81588,2,1
40795,83,1161.8,253.8,2448,81590,2,1
40796,83,1161.9,253.5,2448,81592,2,1
40797,83,1161.9,253.5,2449,81594,2,1
40798,83,1162.4,253.6,2449,81596,2,1
40799,83,1162.8,253.8,2449,81598,2,1
40800,83,1163.2,254,2449,81600,2,1
40801,83,1163.6,254.3,2449,81602,2,1
40802,83,1164,254.5,2449,81604,2,1
40803,83,1164.4,254.6,2449,81606,2,1
40804,83,1164.9,254.7,2449,81608,2,1
40805,83,1165.1,254.5,2449,81610,2,1
40806,83,1165.6,254.3,2449,81612,2,1
40807,83,1166.1,254.1,2449,81614,2,1
40808,83,1166.7,253.8,2449,81616,2,1
40809,83,1167.3,253.5,2449,81618,2,1
40810,83,1168,253.3,2449,81620,2,1
40811,83,1168.5,253.2,2449,81622,2,1
40812,83,1168.8,253.4,2449,81624,2,1
40813,83,1168.9,253.6,2449,81626,2,1
40814,83,1169,253.8,2450,81628,2,1
40815,83,1169.1,254,2450,81630,2,1
40816,83,1169,254.1,2450,81632,2,1
40817,83,1168.7,253.9,2450,81634,2,1
40818,83,1168.5,253.7,2450,81636,2,1
40819,83,1168.2,253.2,2450,81638,2,1
40820,83,1167.9,252.8,2450,81640,2,1
40821,83,1167.6,252.2,2450,81642,2,1
40822,83,1167.3,251.7,2450,81644,2,1
40823,83,1167.1,251.2,2450,81646,2,1
40824,83,1167,251.1,2450,81648,2,1
40825,83,1167,250.9,2450,81650,2,1
40826,83,1167,250.9,2450,81652,2,1
40827,83,1166.8,251.1,2450,81654,2,1
40828,83,1166.8,251.4,2450,81656,2,1
40829,83,1166.8,251.7,2450,81658,2,1
40830,83,1166.8,252.3,2451,81660,2,1
40831,83,1166.9,252.9,2451,81662,2,1
40832,83,1167.1,253.3,2451,81664,2,1
40833,83,1167.5,253.4,2451,81666,2,1
40834,83,1167.9,253.5,2451,81668,2,1
40835,83,1168.2,253.4,2451,81670,2,1
40836,83,1168.7,253.3,2451,81672,2,1
40837,83,1169.2,252.9,2451,81674,2,1
40838,83,1169.5,252.6,2451,81676,2,1
40839,83,1169.6,252.4,2451,81678,2,1
40840,83,1169.6,252.4,2451,81680,2,1
40841,83,1169.6,252.6,2451,81682,2,1
40842,83,1169.6,252.8,2451,81684,2,1
40843,83,1169.3,253,2451,81686,2,1
40844,83,1169.1,253.2,2451,81688,2,1
40845,83,1168.9,253.3,2451,81690,2,1
40846,83,1168.7,253.2,2451,81692,2,1
40847,83,1168.7,252.4,2452,81694,2,1
40848,83,1168.5,251.5,2452,81696,2,1
40849,83,1168.4,250.7,2452,81698,2,1
40850,83,1168.2,250.8,2452,81700,2,1
40851,83,1168.2,250.8,2452,81702,2,1
40852,83,1168.2,250.9,2452,81704,2,1
40853,83,1168.5,251.1,2452,81706,2,1
40854,83,1168.7,251.7,2452,81708,2,1
40855,83,1169.1,252.1,2452,81710,2,1
40856,83,1169.7,252.6,2452,81712,2,1
40857,83,1170.5,252.2,2452,81714,2,1
40858,83,1171.1,251.9,2452,81716,2,1
40859,83,1171.3,251.6,2452,81718,2,1
40860,83,1170.8,251.2,2452,81720,2,1
40861,83,1170.3,250.7,2452,81722,2,1
40862,83,1170,250.2,2452,81724,2,1
40863,83,1169.4,249.8,2452,81726,2,1
40864,83,1168.6,249.3,2453,81728,2,1
40865,83,1168,248.9,2453,81730,2,1
40866,83,1167.5,248.6,2453,81732,2,1
40867,83,1167.7,248.7,2453,81734,2,1
40868,83,1167.8,248.8,2453,81736,2,1
40869,83,1167.9,248.8,2453,81738,2,1
40870,83,1168.1,248.5,2453,81740,2,1
40871,83,1167.9,248.4,2453,81742,2,1
40872,83,1167.7,248.2,2453,81744,2,1
40873,83,1167.4,248.2,2453,81746,2,1
40874,83,1167.6,248,2453,81748,2,1
40875,83,1167.7,247.9,2453,81750,2,1
40876,83,1167.8,247.9,2453,81752,2,1
40877,83,1167.9,248.2,2453,81754,2,1
40878,83,1168.4,248.4,2453,81756,2,1
40879,83,1169,248.6,2453,81758,2,1
40880,83,1169.6,248.8,2454,81760,2,1
40881,83,1169.5,249.1,2454,81762,2,1
40882,83,1168.8,249.5,2454,81764,2,1
40883,83,1168.4,249.8,2454,81766,2,1
40884,83,1168.3,249.8,2454,81768,2,1
40885,83,1168.1,249.8,2454,81770,2,1
40886,83,1167.9,249.8,2454,81772,2,1
40887,83,1167.7,249.6,2454,81774,2,1
40888,83,1167.5,249.3,2454,81776,2,1
40889,83,1167.7,249,2454,81778,2,1
40890,83,1167.9,248.8,2454,81780,2,1
40891,83,1167.9,249,2454,81782,2,1
40892,83,1167.7,249.4,2454,81784,2,1
40893,83,1167.1,250,2454,81786,2,1
40894,83,1166.8,250.4,2454,81788,2,1
40895,83,1166.7,250.8,2454,81790,2,1
40896,83,1166.7,250.9,2454,81792,2,1
40897,83,1166.7,251.1,2455,81794,2,1
40898,83,1166.6,250.9,2455,81796,2,1
40899,83,1166.6,250.5,2455,81798,2,1
40900,83,1166.8,250,2455,81800,2,1
40901,83,1167,249.5,2455,81802,2,1
40902,83,1167.1,249,2455,81804,2,1
40903,83,1167.1,248.8,2455,81806,2,1
40904,83,1165.8,247.9,2455,81808,2,1
40905,83,1164.4,246.6,2455,81810,2,1
40906,83,1160.7,243.7,2455,81812,2,1
40907,83,1155.7,241,2455,81814,2,1
40908,83,1149.2,236.4,2455,81816,2,1
40909,83,1139.8,230.4,2455,81818,2,1
40910,83,1128.6,223.5,2455,81820,2,1
40911,83,1117,216.1,2455,81822,2,1
40912,83,1104.6,208.7,2455,81824,2,1
40913,83,1092,203.1,2455,81826,2,1
40914,83,1080.6,197.5,2456,81828,2,1
40915,83,1069.4,194,2456,81830,2,1
40916,83,1061.1,191.8,2456,81832,2,1
40917,83,1054.6,191.5,2456,81834,2,1
40918,83,1049.4,192.3,2456,81836,2,1
40919,83,1044.9,193.7,2456,81838,2,1
40920,83,1041.5,194.8,2456,81840,2,1
40921,83,1037.5,195.8,2456,81842,2,1
40922,83,1034.2,196.5,2456,81844,2,1
40923,83,1031,197.3,2456,81846,2,1
40924,83,1027.8,197.2,2456,81848,2,1
40925,83,1024.7,197.2,2456,81850,2,1
40926,83,1022.1,196.5,2456,81852,2,1
40927,83,1020.8,195.8,2456,81854,2,1
40928,83,1020.4,195.2,2456,81856,2,1
40929,83,1020.3,194.7,2456,81858,2,1
40930,83,1020.1,194.3,2457,81860,2,1
40931,83,1020,193.8,2457,81862,2,1
40932,83,1019.9,193,2457,81864,2,1
40933,83,1019.7,192.6,2457,81866,2,1
40934,83,1019.5,192.4,2457,81868,2,1
40935,83,1019.1,192.3,2457,81870,2,1
40936,83,1019,192.2,2457,81872,2,1
40937,83,1019,192.4,2457,81874,2,1
40938,83,1019,192.6,2457,81876,2,1
40939,83,1019,193,2457,81878,2,1
40940,83,1019,193.5,2457,81880,2,1
40941,83,1019,194,2457,81882,2,1
40942,83,1019.1,194.2,2457,81884,2,1
40943,83,1019.2,194.4,2457,81886,2,1
40944,83,1019.3,194.2,2457,81888,2,1
40945,83,1019.4,194,2457,81890,2,1
40946,83,1019.6,194.1,2457,81892,2,1
40947,83,1019.6,194.1,2458,81894,2,1
40948,83,1019.5,194,2458,81896,2,1
40949,83,1019.1,193.9,2458,81898,2,1
40950,83,1018.6,193.9,2458,81900,2,1
40951,83,1018,193.9,2458,81902,2,1
40952,83,1017.6,193.5,2458,81904,2,1
40953,83,1017.1,193.1,2458,81906,2,1
40954,83,1016.7,192.8,2458,81908,2,1
40955,83,1016.5,192.7,2458,81910,2,1
40956,83,1016.7,192.7,2458,81912,2,1
40957,83,1017,192.6,2458,81914,2,1
40958,83,1017.2,192.6,2458,81916,2,1
40959,83,1017.4,192.7,2458,81918,2,1
40960,83,1017.7,193.2,2458,81920,2,1
40961,83,1018,193.6,2458,81922,2,1
40962,83,1018.2,194,2458,81924,2,1
40963,83,1018.1,194.3,2458,81926,2,1
40964,83,1017.9,194.3,2459,81928,2,1
40965,83,1017.8,194.2,2459,81930,2,1
40966,83,1017.5,194,2459,81932,2,1
40967,83,1017.2,193.3,2459,81934,2,1
40968,83,1017,192.7,2459,81936,2,1
40969,83,1016.7,192.3,2459,81938,2,1
40970,83,1016.5,192.1,2459,81940,2,1
40971,83,1016.3,192.3,2459,81942,2,1
40972,83,1016.3,192.3,2459,81944,2,1
40973,83,1016.3,192.3,2459,81946,2,1
40974,83,1016.4,191.9,2459,81948,2,1
40975,83,1016.6,191.4,2459,81950,2,1
40976,83,1017,190.5,2459,81952,2,1
40977,83,1017.6,189.9,2459,81954,2,1
40978,83,1018.1,189.3,2459,81956,2,1
40979,83,1018.4,189,2459,81958,2,1
40980,83,1018.3,188.7,2460,81960,2,1
40981,83,1018.3,189.1,2460,81962,2,1
40982,83,1018.3,189.5,2460,81964,2,1
40983,83,1018.2,190,2460,81966,2,1
40984,83,1018.2,190,2460,81968,2,1
40985,83,1018.1,190.1,2460,81970,2,1
40986,83,1018,190.3,2460,81972,2,1
40987,83,1018.2,190.6,2460,81974,2,1
40988,83,1018.3,191,2460,81976,2,1
40989,83,1018.2,191.5,2460,81978,2,1
40990,83,1018,192.2,2460,81980,2,1
40991,83,1017.6,192.9,2460,81982,2,1
40992,83,1017.4,193.4,2460,81984,2,1
40993,83,1017.4,193.7,2460,81986,2,1
40994,83,1017.3,193.8,2460,81988,2,1
40995,83,1017.3,193.8,2460,81990,2,1
40996,83,1017.3,193.7,2460,81992,2,1
40997,83,1017.2,193.6,2461,81994,2,1
40998,83,1017.2,193.4,2461,81996,2,1
40999,83,1017.1,193.1,2461,81998,2,1
41000,83,1016.9,192.8,2461,82000,2,1
41001,83,1016.8,192.5,2461,82002,2,1
41002,83,1017,192.2,2461,82004,2,1
41003,83,1017.2,191.9,2461,82006,2,1
41004,83,1017.6,191.5,2461,82008,2,1
41005,83,1017.9,191.1,2461,82010,2,1
41006,83,1017.8,191.1,2461,82012,2,1
41007,83,1017.8,191.1,2461,82014,2,1
41008,83,1017.7,191.1,2461,82016,2,1
41009,83,1017.3,191.2,2461,82018,2,1
41010,83,1016.7,191.2,2461,82020,2,1
41011,83,1016,191.5,2461,82022,2,1
41012,83,1015.4,191.7,2461,82024,2,1
41013,83,1015.2,191.9,2461,82026,2,1
41014,83,1014.9,192,2462,82028,2,1
41015,83,1014.6,192.2,2462,82030,2,1
41016,83,1014.4,192.5,2462,82032,2,1
41017,83,1013.9,192.8,2462,82034,2,1
41018,83,1013.7,192.8,2462,82036,2,1
41019,83,1013.4,192.9,2462,82038,2,1
41020,83,1013,192.9,2462,82040,2,1
41021,83,1012.7,192.9,2462,82042,2,1
41022,83,1012.5,192.4,2462,82044,2,1
41023,83,1012.5,191.8,2462,82046,2,1
41024,83,1012.5,191.1,2462,82048,2,1
41025,83,1012.4,190.6,2462,82050,2,1
41026,83,1012.3,189.8,2462,82052,2,1
41027,83,1012.3,189,2462,82054,2,1
41028,83,1012.4,188.4,2462,82056,2,1
41029,83,1012.3,188.1,2462,82058,2,1
41030,83,1012.5,187.8,2463,82060,2,1
41031,83,1012.8,187.6,2463,82062,2,1
41032,83,1013.2,187.4,2463,82064,2,1
41033,83,1013.6,187.4,2463,82066,2,1
41034,83,1014,187.6,2463,82068,2,1
41035,83,1014.4,187.8,2463,82070,2,1
41036,83,1014.6,188.1,2463,82072,2,1
41037,83,1014.6,188.4,2463,82074,2,1
41038,83,1014.6,188.6,2463,82076,2,1
41039,83,1014.7,188.9,2463,82078,2,1
41040,83,1014.8,189.2,2463,82080,2,1
41041,83,1015,189.4,2463,82082,2,1
41042,83,1015.3,189.4,2463,82084,2,1
41043,83,1015.6,189.4,2463,82086,2,1
41044,83,1015.9,189.2,2463,82088,2,1
41045,83,1016.1,189.1,2463,82090,2,1
41046,83,1016.4,188.8,2463,82092,2,1
41047,83,1016.4,188.5,2464,82094,2,1
41048,83,1016.3,188.4,2464,82096,2,1
41049,83,1016,188.4,2464,82098,2,1
41050,83,1015.4,188.5,2464,82100,2,1
41051,83,1014.9,188.5,2464,82102,2,1
41052,83,1014.5,188.6,2464,82104,2,1
41053,83,1014,188.8,2464,82106,2,1
41054,83,1013.5,189,2464,82108,2,1
41055,83,1013.1,189.1,2464,82110,2,1
41056,83,1012.7,189.1,2464,82112,2,1
41057,83,1012.4,189.3,2464,82114,2,1
41058,83,1012.1,189.6,2464,82116,2,1
41059,83,1011.9,189.9,2464,82118,2,1
41060,83,1011.8,190,2464,82120,2,1
41061,83,1011.7,189.9,2464,82122,2,1
41062,83,1011.8,189.8,2464,82124,2,1
41063,83,1012,189.6,2464,82126,2,1
41064,83,1012.3,189.3,2465,82128,2,1
41065,83,1012.5,188.9,2465,82130,2,1
41066,83,1012.7,188.5,2465,82132,2,1
41067,83,1012.9,188.4,2465,82134,2,1
41068,83,1013.1,188.7,2465,82136,2,1
41069,83,1013.4,188.8,2465,82138,2,1
41070,83,1014,189,2465,82140,2,1
41071,83,1014.4,189.2,2465,82142,2,1
41072,83,1014.9,189.1,2465,82144,2,1
41073,83,1015.3,188.8,2465,82146,2,1
41074,83,1015.5,188.3,2465,82148,2,1
41075,83,1015.5,188,2465,82150,2,1
41076,83,1015.1,187.8,2465,82152,2,1
41077,83,1014.6,187.8,2465,82154,2,1
41078,83,1014.6,187.6,2465,82156,2,1
41079,83,1015.2,187.5,2465,82158,2,1
41080,83,1015.8,187.3,2466,82160,2,1
41081,83,1016.4,187.1,2466,82162,2,1
41082,83,1017,186.9,2466,82164,2,1
41083,83,1017.6,186.7,2466,82166,2,1
41084,83,1018.1,186.7,2466,82168,2,1
41085,83,1017.9,186.7,2466,82170,2,1
41086,83,1017.6,186.4,2466,82172,2,1
41087,83,1017.1,186.3,2466,82174,2,1
41088,83,1016.8,186.3,2466,82176,2,1
41089,83,1016.5,186.2,2466,82178,2,1
41090,83,1016.3,186.3,2466,82180,2,1
41091,83,1016,186.5,2466,82182,2,1
41092,83,1015.8,186.7,2466,82184,2,1
41093,83,1015.6,186.9,2466,82186,2,1
41094,83,1015.4,187.1,2466,82188,2,1
41095,83,1015.3,187.2,2466,82190,2,1
41096,83,1015.2,187.3,2466,82192,2,1
41097,83,1015.1,187.6,2467,82194,2,1
41098,83,1015,187.8,2467,82196,2,1
41099,83,1015,188.2,2467,82198,2,1
41100,83,1014.9,188.7,2467,82200,2,1
41101,83,1014.8,189.3,2467,82202,2,1
41102,83,1014.7,189.7,2467,82204,2,1
41103,83,1014.8,190,2467,82206,2,1
41104,83,1014.8,190.1,2467,82208,2,1
41105,83,1014.8,190,2467,82210,2,1
41106,83,1014.8,189.7,2467,82212,2,1
41107,83,1014.8,189.5,2467,82214,2,1
41108,83,1014.6,189.4,2467,82216,2,1
41109,83,1014.5,189.2,2467,82218,2,1
41110,83,1014.4,189.1,2467,82220,2,1
41111,83,1014.4,189.2,2467,82222,2,1
41112,83,1014.3,189.5,2467,82224,2,1
41113,83,1014.4,189.6,2467,82226,2,1
41114,83,1014.5,189.5,2468,82228,2,1
41115,83,1014.6,189.3,2468,82230,2,1
41116,83,1014.7,189,2468,82232,2,1
41117,83,1014.5,188.3,2468,82234,2,1
41118,83,1014,187.6,2468,82236,2,1
41119,83,1013.5,187,2468,82238,2,1
41120,83,1012.9,186.7,2468,82240,2,1
41121,83,1012.5,186.4,2468,82242,2,1
41122,83,1011.9,186.4,2468,82244,2,1
41123,83,1011.3,186.6,2468,82246,2,1
41124,83,1011.1,187.5,2468,82248,2,1
41125,83,1011.1,188.1,2468,82250,2,1
41126,83,1011.6,188.7,2468,82252,2,1
41127,83,1012.2,188.8,2468,82254,2,1
41128,83,1012.9,188.9,2468,82256,2,1
41129,83,1013.5,189,2468,82258,2,1
41130,83,1014.1,188.8,2469,82260,2,1
41131,83,1014.7,188.1,2469,82262,2,1
41132,83,1015.1,187.3,2469,82264,2,1
41133,83,1014.6,186.5,2469,82266,2,1
41134,83,1014,185.8,2469,82268,2,1
41135,83,1013.5,185.3,2469,82270,2,1
41136,83,1012.9,185,2469,82272,2,1
41137,83,1012.5,185,2469,82274,2,1
41138,83,1012.2,185.3,2469,82276,2,1
41139,83,1011.9,185.9,2469,82278,2,1
41140,83,1012.1,186.3,2469,82280,2,1
41141,83,1012.5,186.6,2469,82282,2,1
41142,83,1012.9,186.6,2469,82284,2,1
41143,83,1013.2,186.6,2469,82286,2,1
41144,83,1013.5,186.1,2469,82288,2,1
41145,83,1013.6,185.5,2469,82290,2,1
41146,83,1013.5,185,2469,82292,2,1
41147,83,1013.5,184.5,2470,82294,2,1
41148,83,1013.4,184,2470,82296,2,1
41149,83,1013.3,183.7,2470,82298,2,1
41150,83,1013.2,183.7,2470,82300,2,1
41151,83,1013.2,184.1,2470,82302,2,1
41152,83,1013.5,184.4,2470,82304,2,1
41153,83,1013.9,185,2470,82306,2,1
41154,83,1014.3,185.7,2470,82308,2,1
41155,83,1014.7,186.3,2470,82310,2,1
41156,83,1015.2,186.5,2470,82312,2,1
41157,83,1015.7,186.8,2470,82314,2,1
41158,83,1016,186.7,2470,82316,2,1
41159,83,1016.3,186.7,2470,82318,2,1
41160,83,1016.5,186.2,2470,82320,2,1
41161,83,1016.6,185.9,2470,82322,2,1
41162,83,1016.7,185.5,2470,82324,2,1
41163,83,1016.6,185.4,2470,82326,2,1
41164,83,1016.6,185.3,2471,82328,2,1
41165,83,1016.4,185.5,2471,82330,2,1
41166,83,1016.2,185.8,2471,82332,2,1
41167,83,1016.1,186.1,2471,82334,2,1
41168,83,1016,186.4,2471,82336,2,1
41169,83,1015.8,186.9,2471,82338,2,1
41170,83,1015.6,187.2,2471,82340,2,1
41171,83,1015.4,187.4,2471,82342,2,1
41172,83,1015.3,187.3,2471,82344,2,1
41173,83,1015.2,186.9,2471,82346,2,1
41174,83,1015.3,186.7,2471,82348,2,1
41175,83,1015.5,186.2,2471,82350,2,1
41176,83,1015.9,185.7,2471,82352,2,1
41177,83,1016.3,185.2,2471,82354,2,1
41178,83,1016.8,184.7,2471,82356,2,1
41179,83,1017.5,184.2,2471,82358,2,1
41180,83,1018.3,184,2472,82360,2,1
41181,83,1018.8,184,2472,82362,2,1
41182,83,1019.1,184.3,2472,82364,2,1
41183,83,1019.2,184.8,2472,82366,2,1
41184,83,1019.3,185.5,2472,82368,2,1
41185,83,1019.3,186.3,2472,82370,2,1
41186,83,1019.2,186.8,2472,82372,2,1
41187,83,1018.9,187.1,2472,82374,2,1
41188,83,1018.8,187.3,2472,82376,2,1
41189,83,1018.6,187.3,2472,82378,2,1
41190,83,1018.6,187.2,2472,82380,2,1
41191,83,1018.6,187,2472,82382,2,1
41192,83,1018.6,186.8,2472,82384,2,1
41193,83,1018.7,186.7,2472,82386,2,1
41194,83,1018.8,186.8,2472,82388,2,1
41195,83,1018.8,186.7,2472,82390,2,1
41196,83,1018.6,186.4,2472,82392,2,1
41197,83,1018.4,185.9,2473,82394,2,1
41198,83,1018.2,185.4,2473,82396,2,1
41199,83,1017.9,184.8,2473,82398,2,1
41200,83,1017.6,184.3,2473,82400,2,1
41201,83,1017.5,183.7,2473,82402,2,1
41202,83,1017.5,183.3,2473,82404,2,1
41203,83,1017.7,183.2,2473,82406,2,1
41204,83,1018,183.5,2473,82408,2,1
41205,83,1018.1,183.8,2473,82410,2,1
41206,83,1018.3,184.2,2473,82412,2,1
41207,83,1018.3,184.6,2473,82414,2,1
41208,83,1018.3,184.9,2473,82416,2,1
41209,83,1019,185,2473,82418,2,1
41210,83,1019.7,185,2473,82420,2,1
41211,83,1020.3,184.9,2473,82422,2,1
41212,83,1020.8,185,2473,82424,2,1
41213,83,1021.4,185.2,2473,82426,2,1
41214,83,1021.9,185.4,2474,82428,2,1
41215,83,1022.4,185.5,2474,82430,2,1
41216,83,1022.4,185.6,2474,82432,2,1
41217,83,1022.4,185.5,2474,82434,2,1
41218,83,1022,185.5,2474,82436,2,1
41219,83,1021.4,185.3,2474,82438,2,1
41220,83,1020.8,184.9,2474,82440,2,1
41221,83,1020.1,184.7,2474,82442,2,1
41222,83,1019.6,184.4,2474,82444,2,1
41223,83,1019.1,184.2,2474,82446,2,1
41224,83,1018.5,184.3,2474,82448,2,1
41225,83,1018.1,184.5,2474,82450,2,1
41226,83,1018.2,184.8,2474,82452,2,1
41227,83,1018.2,185.1,2474,82454,2,1
41228,83,1018.1,185.5,2474,82456,2,1
41229,83,1017.9,185.9,2474,82458,2,1
41230,83,1017.8,186.1,2475,82460,2,1
41231,83,1017.7,186.2,2475,82462,2,1
41232,83,1017.1,186,2475,82464,2,1
41233,83,1016.4,186,2475,82466,2,1
41234,83,1015.4,186.2,2475,82468,2,1
41235,83,1013.5,186.4,2475,82470,2,1
41236,83,1009.7,186.6,2475,82472,2,1
41237,83,1004.3,186.3,2475,82474,2,1
41238,83,995.9,185.9,2475,82476,2,1
41239,83,984.2,185.2,2475,82478,2,1
41240,83,969.6,184.5,2475,82480,2,1
41241,83,951.8,183.4,2475,82482,2,1
41242,83,930.8,182.6,2475,82484,2,1
41243,83,909.3,180.2,2475,82486,2,1
41244,83,884.5,177.9,2475,82488,2,1
41245,83,859.4,175.8,2475,82490,2,1
41246,83,836.6,173.8,2475,82492,2,1
41247,83,812.4,172.2,2476,82494,2,1
41248,83,788.3,170.2,2476,82496,2,1
41249,83,765.5,168.2,2476,82498,2,1
41250,83,742,167.1,2476,82500,2,1
41251,83,719.8,166.5,2476,82502,2,1
41252,83,698.2,165.8,2476,82504,2,1
41253,83,674.8,165.2,2476,82506,2,1
41254,83,654.1,164.3,2476,82508,2,1
41255,83,634.6,164.1,2476,82510,2,1
41256,83,616.6,163.1,2476,82512,2,1
41257,83,600,162.9,2476,82514,2,1
41258,83,586.8,162.6,2476,82516,2,1
41259,83,576,161.8,2476,82518,2,1
41260,83,568.2,160.6,2476,82520,2,1
41261,83,562,159.2,2476,82522,2,1
41262,83,558.1,157.6,2476,82524,2,1
41263,83,555.6,156.4,2476,82526,2,1
41264,83,554.8,155,2477,82528,2,1
41265,83,554.4,153.5,2477,82530,2,1
41266,83,554.2,152.6,2477,82532,2,1
41267,83,554.1,151.9,2477,82534,2,1
41268,83,554,151.4,2477,82536,2,1
41269,83,553.9,151,2477,82538,2,1
41270,83,553.5,150.9,2477,82540,2,1
41271,83,552.8,150.9,2477,82542,2,1
41272,83,551.8,151.1,2477,82544,2,1
41273,83,550.8,151.3,2477,82546,2,1
41274,83,550.3,152.3,2477,82548,2,1
41275,83,549.9,153.2,2477,82550,2,1
41276,83,549.7,153.8,2477,82552,2,1
41277,83,550.1,154.2,2477,82554,2,1
41278,83,550.9,154.6,2477,82556,2,1
41279,83,551.7,154.9,2477,82558,2,1
41280,83,552.2,155.1,2478,82560,2,1
41281,83,552.9,154.6,2478,82562,2,1
41282,83,553.5,153.9,2478,82564,2,1
41283,83,553.9,153.4,2478,82566,2,1
41284,83,553.9,153.1,2478,82568,2,1
41285,83,554,152.8,2478,82570,2,1
41286,83,554,152.3,2478,82572,2,1
41287,83,554.3,151.8,2478,82574,2,1
41288,83,554.7,151.4,2478,82576,2,1
41289,83,554.9,151.2,2478,82578,2,1
41290,83,555.2,151,2478,82580,2,1
41291,83,555.2,150.9,2478,82582,2,1
41292,83,555,150.8,2478,82584,2,1
41293,83,554.8,151,2478,82586,2,1
41294,83,554.6,151.3,2478,82588,2,1
41295,83,554.3,151.7,2478,82590,2,1
41296,83,554.2,152.1,2478,82592,2,1
41297,83,554.1,152.4,2479,82594,2,1
41298,83,554.4,152.9,2479,82596,2,1
41299,83,554.7,153.4,2479,82598,2,1
41300,83,555.3,153.6,2479,82600,2,1
41301,83,555.8,154.1,2479,82602,2,1
41302,83,556.3,154.4,2479,82604,2,1
41303,83,556.7,154.8,2479,82606,2,1
41304,83,556.8,155,2479,82608,2,1
41305,83,556.2,155,2479,82610,2,1
41306,83,555.7,154.9,2479,82612,2,1
41307,83,555.1,154.8,2479,82614,2,1
41308,83,554.5,154.4,2479,82616,2,1
41309,83,553.9,154.1,2479,82618,2,1
41310,83,553.4,153.9,2479,82620,2,1
41311,83,553.1,153.8,2479,82622,2,1
41312,83,552.8,153.8,2479,82624,2,1
41313,83,552.6,153.8,2479,82626,2,1
41314,83,552.2,153.5,2480,82628,2,1
41315,83,551.8,153.4,2480,82630,2,1
41316,83,551.4,153.4,2480,82632,2,1
41317,83,551.1,153.5,2480,82634,2,1
41318,83,550.9,153.5,2480,82636,2,1
41319,83,551.2,153.5,2480,82638,2,1
41320,83,551.4,153.4,2480,82640,2,1
41321,83,552.1,153.4,2480,82642,2,1
41322,83,552.8,153.3,2480,82644,2,1
41323,83,553.6,153.1,2480,82646,2,1
41324,83,554.4,152.9,2480,82648,2,1
41325,83,555.1,152.6,2480,82650,2,1
41326,83,555.4,152.5,2480,82652,2,1
41327,83,555.6,152.5,2480,82654,2,1
41328,83,555.5,152.4,2480,82656,2,1
41329,83,555.3,152.5,2480,82658,2,1
41330,83,555,152.5,2481,82660,2,1
41331,83,554.7,152.1,2481,82662,2,1
41332,83,554.3,151.9,2481,82664,2,1
41333,83,553.7,151.8,2481,82666,2,1
41334,83,553.2,151.8,2481,82668,2,1
41335,83,552.8,151.8,2481,82670,2,1
41336,83,552.5,151.6,2481,82672,2,1
41337,83,552.7,151.9,2481,82674,2,1
41338,83,552.9,152.3,2481,82676,2,1
41339,83,553.2,152.7,2481,82678,2,1
41340,83,553.8,153,2481,82680,2,1
41341,83,554.3,152.9,2481,82682,2,1
41342,83,554.6,152.8,2481,82684,2,1
41343,83,554.8,153,2481,82686,2,1
41344,83,554.5,153.3,2481,82688,2,1
41345,83,554.2,153.5,2481,82690,2,1
41346,83,554,153.7,2481,82692,2,1
41347,83,554.1,153.8,2482,82694,2,1
41348,83,554.4,154.1,2482,82696,2,1
41349,83,555,154.3,2482,82698,2,1
41350,83,555.6,154.5,2482,82700,2,1
41351,83,556.3,154.7,2482,82702,2,1
41352,83,557,155.1,2482,82704,2,1
41353,83,557.6,155.5,2482,82706,2,1
41354,83,557.8,156.1,2482,82708,2,1
41355,83,557.7,156.9,2482,82710,2,1
41356,83,557.6,157.6,2482,82712,2,1
41357,83,557.3,158.2,2482,82714,2,1
41358,83,557.3,158.5,2482,82716,2,1
41359,83,557.1,158.6,2482,82718,2,1
41360,83,557,158.8,2482,82720,2,1
41361,83,556.8,158.9,2482,82722,2,1
41362,83,556.7,158.7,2482,82724,2,1
41363,83,556.6,158.6,2482,82726,2,1
41364,83,556.5,158.4,2483,82728,2,1
41365,83,556.1,158.1,2483,82730,2,1
41366,83,555.8,157.7,2483,82732,2,1
41367,83,555.5,157.4,2483,82734,2,1
41368,83,555.5,157.1,2483,82736,2,1
41369,83,555.6,157.1,2483,82738,2,1
41370,83,555.6,157.1,2483,82740,2,1
41371,83,555.6,157.1,2483,82742,2,1
41372,83,555.3,157,2483,82744,2,1
41373,83,554.8,156.8,2483,82746,2,1
41374,83,554.2,156.9,2483,82748,2,1
41375,83,553.6,157,2483,82750,2,1
41376,83,552.9,157.1,2483,82752,2,1
41377,83,552.4,157.1,2483,82754,2,1
41378,83,552.2,157.5,2483,82756,2,1
41379,83,552.3,157.8,2483,82758,2,1
41380,83,552.7,158.1,2484,82760,2,1
41381,83,553.1,158.1,2484,82762,2,1
41382,83,553.5,158.2,2484,82764,2,1
41383,83,553.8,158.4,2484,82766,2,1
41384,83,554.1,158.6,2484,82768,2,1
41385,83,554.1,158.4,2484,82770,2,1
41386,83,554.1,158.3,2484,82772,2,1
41387,83,553.9,158.2,2484,82774,2,1
41388,83,553.7,158.3,2484,82776,2,1
41389,83,553.3,158.4,2484,82778,2,1
41390,83,552.9,158.5,2484,82780,2,1
41391,83,552.5,158.6,2484,82782,2,1
41392,83,552.1,158.7,2484,82784,2,1
41393,83,551.9,158.6,2484,82786,2,1
41394,83,552,158.7,2484,82788,2,1
41395,83,552.1,158.7,2484,82790,2,1
41396,83,552.2,158.6,2484,82792,2,1
41397,83,552.3,158.5,2485,82794,2,1
41398,83,552.4,158.4,2485,82796,2,1
41399,83,552.6,158.2,2485,82798,2,1
41400,83,552.8,158.3,2485,82800,2,1
41401,83,552.8,158,2485,82802,2,1
41402,83,553,157.7,2485,82804,2,1
41403,83,553.2,157.5,2485,82806,2,1
41404,83,553.5,157.2,2485,82808,2,1
41405,83,553.8,156.8,2485,82810,2,1
41406,83,554,156.5,2485,82812,2,1
41407,83,554.2,156.6,2485,82814,2,1
41408,83,554.2,156.9,2485,82816,2,1
41409,83,554.3,157.2,2485,82818,2,1
41410,83,554.3,157.6,2485,82820,2,1
41411,83,554.3,158,2485,82822,2,1
41412,83,554.3,158.3,2485,82824,2,1
41413,83,554.4,158.5,2485,82826,2,1
41414,83,554.5,158.6,2486,82828,2,1
41415,83,554.6,158.5,2486,82830,2,1
41416,83,554.8,158.5,2486,82832,2,1
41417,83,554.9,158.4,2486,82834,2,1
41418,83,555.1,158.1,2486,82836,2,1
41419,83,555.2,157.7,2486,82838,2,1
41420,83,555.2,157.4,2486,82840,2,1
41421,83,555.2,157.1,2486,82842,2,1
41422,83,555.3,156.8,2486,82844,2,1
41423,83,555.4,156.5,2486,82846,2,1
41424,83,555.5,156.1,2486,82848,2,1
41425,83,555.7,156,2486,82850,2,1
41426,83,555.9,156,2486,82852,2,1
41427,83,555.8,155.7,2486,82854,2,1
41428,83,555.8,155.5,2486,82856,2,1
41429,83,555.6,155.1,2486,82858,2,1
41430,83,555.4,154.8,2487,82860,2,1
41431,83,555,154.8,2487,82862,2,1
41432,83,554.6,154.9,2487,82864,2,1
41433,83,554,155.3,2487,82866,2,1
41434,83,553.8,156,2487,82868,2,1
41435,83,553.7,156.6,2487,82870,2,1
41436,83,553.8,157.1,2487,82872,2,1
41437,83,554,157.4,2487,82874,2,1
41438,83,554.3,157.3,2487,82876,2,1
41439,83,554.7,157.1,2487,82878,2,1
41440,83,555.1,156.4,2487,82880,2,1
41441,83,555.5,155.7,2487,82882,2,1
41442,83,555.8,155.1,2487,82884,2,1
41443,83,556,154.7,2487,82886,2,1
41444,83,556.1,154.3,2487,82888,2,1
41445,83,556.2,154,2487,82890,2,1
41446,83,556.2,153.8,2487,82892,2,1
41447,83,556.2,154.3,2488,82894,2,1
41448,83,556,154.9,2488,82896,2,1
41449,83,555.7,155.5,2488,82898,2,1
41450,83,555.4,156.2,2488,82900,2,1
41451,83,555.1,156.9,2488,82902,2,1
41452,83,554.8,157.6,2488,82904,2,1
41453,83,554.6,158.3,2488,82906,2,1
41454,83,554.5,158.7,2488,82908,2,1
41455,83,554.4,158.7,2488,82910,2,1
41456,83,554.5,158.7,2488,82912,2,1
41457,83,554.6,158.2,2488,82914,2,1
41458,83,554.7,157.8,2488,82916,2,1
41459,83,554.9,157.3,2488,82918,2,1
41460,83,554.9,156.7,2488,82920,2,1
41461,83,555,156.2,2488,82922,2,1
41462,83,554.9,155.7,2488,82924,2,1
41463,83,554.8,155.5,2488,82926,2,1
41464,83,554.7,155.5,2489,82928,2,1
41465,83,554.2,155.2,2489,82930,2,1
41466,83,553.8,155.1,2489,82932,2,1
41467,83,553.2,155.5,2489,82934,2,1
41468,83,552.6,156.2,2489,82936,2,1
41469,83,552.1,156.9,2489,82938,2,1
41470,83,551.6,157.5,2489,82940,2,1
41471,83,551.3,157.9,2489,82942,2,1
41472,83,551.1,158.2,2489,82944,2,1
41473,83,551.1,158.6,2489,82946,2,1
41474,83,551.2,158.7,2489,82948,2,1
41475,83,551.3,158.5,2489,82950,2,1
41476,83,551.1,158.3,2489,82952,2,1
41477,83,550.9,158.3,2489,82954,2,1
41478,83,548.9,158.4,2489,82956,2,1
41479,83,545.8,158.7,2489,82958,2,1
41480,83,541,159,2490,82960,2,1
41481,83,534.3,159.5,2490,82962,2,1
41482,83,525.2,160.7,2490,82964,2,1
41483,83,513.9,161.9,2490,82966,2,1
41484,83,500.7,163,2490,82968,2,1
41485,83,487.9,164,2490,82970,2,1
41486,83,473.3,164.4,2490,82972,2,1
41487,83,458.9,164.8,2490,82974,2,1
41488,83,446,165.2,2490,82976,2,1
41489,83,434.5,164.8,2490,82978,2,1
41490,83,425.5,164.5,2490,82980,2,1
41491,83,417.9,164.3,2490,82982,2,1
41492,83,411.7,164.1,2490,82984,2,1
41493,83,408.2,164.2,2490,82986,2,1
41494,83,406.1,164.5,2490,82988,2,1
41495,83,404.4,164.5,2490,82990,2,1
41496,83,403.7,164,2490,82992,2,1
41497,83,403.2,163.6,2491,82994,2,1
41498,83,403.1,163.6,2491,82996,2,1
41499,83,403,163.5,2491,82998,2,1
41500,83,402.9,163.7,2491,83000,2,1
41501,83,402.4,164.2,2491,83002,2,1
41502,83,401.8,164.7,2491,83004,2,1
41503,83,401.2,165.6,2491,83006,2,1
41504,83,400.6,166.3,2491,83008,2,1
41505,83,400.2,167,2491,83010,2,1
41506,83,399.7,167.6,2491,83012,2,1
41507,83,399.4,168,2491,83014,2,1
41508,83,399.4,167.7,2491,83016,2,1
41509,83,399.5,167.5,2491,83018,2,1
41510,83,399.8,167.2,2491,83020,2,1
41511,83,400.3,166.9,2491,83022,2,1
41512,83,400.6,166.7,2491,83024,2,1
41513,83,401.1,166.4,2491,83026,2,1
41514,83,401.5,166.1,2492,83028,2,1
41515,83,402.3,165.4,2492,83030,2,1
41516,83,403,165,2492,83032,2,1
41517,83,403.7,164.6,2492,83034,2,1
41518,83,404,164.6,2492,83036,2,1
41519,83,404.3,164.7,2492,83038,2,1
41520,83,404.5,165,2492,83040,2,1
41521,83,404.6,165.2,2492,83042,2,1
41522,83,404.3,165.9,2492,83044,2,1
41523,83,403.9,166.5,2492,83046,2,1
41524,83,403.5,167,2492,83048,2,1
41525,83,403,167.1,2492,83050,2,1
41526,83,402.6,167.1,2492,83052,2,1
41527,83,402.3,166.7,2492,83054,2,1
41528,83,401.9,166.3,2492,83056,2,1
41529,83,401.7,166.2,2492,83058,2,1
41530,83,401.5,166.3,2493,83060,2,1
41531,83,401.4,167,2493,83062,2,1
41532,83,401.2,167.6,2493,83064,2,1
41533,83,401,168.5,2493,83066,2,1
41534,83,400.7,169.2,2493,83068,2,1
41535,83,400.2,169.9,2493,83070,2,1
41536,83,399.8,170.1,2493,83072,2,1
41537,83,399.7,170,2493,83074,2,1
41538,83,399.6,169.5,2493,83076,2,1
41539,83,399.4,169,2493,83078,2,1
41540,83,399.2,168.1,2493,83080,2,1
41541,83,399.1,167.6,2493,83082,2,1
41542,83,398.9,167.2,2493,83084,2,1
41543,83,398.5,167.3,2493,83086,2,1
41544,83,398.1,167.5,2493,83088,2,1
41545,83,397.7,167.7,2493,83090,2,1
41546,83,397.2,168,2493,83092,2,1
41547,83,396.8,168.4,2494,83094,2,1
41548,83,396.4,168.4,2494,83096,2,1
41549,83,396.5,168.5,2494,83098,2,1
41550,83,397.1,168.5,2494,83100,2,1
41551,83,397.7,168.9,2494,83102,2,1
41552,83,398.4,169.1,2494,83104,2,1
41553,83,399.2,169.2,2494,83106,2,1
41554,83,400.1,169.2,2494,83108,2,1
41555,83,400.8,169.2,2494,83110,2,1
41556,83,401.4,169.1,2494,83112,2,1
41557,83,401.3,169,2494,83114,2,1
41558,83,401.1,168.9,2494,83116,2,1
41559,83,400.7,168.9,2494,83118,2,1
41560,83,400.4,168.9,2494,83120,2,1
41561,83,399.7,169.1,2494,83122,2,1
41562,83,399,169.3,2494,83124,2,1
41563,83,398.4,169.1,2494,83126,2,1
41564,83,398,168.8,2495,83128,2,1
41565,83,397.6,168.4,2495,83130,2,1
41566,83,397.2,167.8,2495,83132,2,1
41567,83,396.9,167.2,2495,83134,2,1
41568,83,396.9,166.9,2495,83136,2,1
41569,83,396.9,166.6,2495,83138,2,1
41570,83,396.8,166.6,2495,83140,2,1
41571,83,396.7,166.9,2495,83142,2,1
41572,83,396.7,167.4,2495,83144,2,1
41573,83,396.7,167.8,2495,83146,2,1
41574,83,396.7,168.2,2495,83148,2,1
41575,83,396.8,168.5,2495,83150,2,1
41576,83,396.8,168.7,2495,83152,2,1
41577,83,396.8,169,2495,83154,2,1
41578,83,396.9,169.1,2495,83156,2,1
41579,83,397.1,169.1,2495,83158,2,1
41580,83,397.3,168.9,2496,83160,2,1
41581,83,397.5,168.7,2496,83162,2,1
41582,83,397.6,168.7,2496,83164,2,1
41583,83,397.8,168.9,2496,83166,2,1
41584,83,398.1,169.1,2496,83168,2,1
41585,83,398.3,169.2,2496,83170,2,1
41586,83,398.3,169.3,2496,83172,2,1
41587,83,398.3,169.4,2496,83174,2,1
41588,83,398.3,169.5,2496,83176,2,1
41589,83,398.6,169.5,2496,83178,2,1
41590,83,398.9,169.6,2496,83180,2,1
41591,83,399.1,169.5,2496,83182,2,1
41592,83,399.2,169.6,2496,83184,2,1
41593,83,399.2,169.7,2496,83186,2,1
41594,83,399.3,170,2496,83188,2,1
41595,83,399.2,170.3,2496,83190,2,1
41596,83,399,170.6,2496,83192,2,1
41597,83,398.8,170.8,2497,83194,2,1
41598,83,398.6,171,2497,83196,2,1
41599,83,398.5,170.6,2497,83198,2,1
41600,83,398.3,170.3,2497,83200,2,1
41601,83,398,169.8,2497,83202,2,1
41602,83,397.7,169.3,2497,83204,2,1
41603,83,397.5,168.8,2497,83206,2,1
41604,83,397.3,168.3,2497,83208,2,1
41605,83,397.2,167.8,2497,83210,2,1
41606,83,396.9,167.4,2497,83212,2,1
41607,83,396.7,167,2497,83214,2,1
41608,83,396.8,166.5,2497,83216,2,1
41609,83,396.8,165.9,2497,83218,2,1
41610,83,396.7,165.4,2497,83220,2,1
41611,83,396.6,164.9,2497,83222,2,1
41612,83,396.4,164.4,2497,83224,2,1
41613,83,396.3,164.2,2497,83226,2,1
41614,83,396.2,163.9,2498,83228,2,1
41615,83,395.9,164,2498,83230,2,1
41616,83,395.6,164.3,2498,83232,2,1
41617,83,395.4,164.6,2498,83234,2,1
41618,83,395.4,164.9,2498,83236,2,1
41619,83,395.7,165.4,2498,83238,2,1
41620,83,395.9,165.8,2498,83240,2,1
41621,83,396.2,166.2,2498,83242,2,1
41622,83,396.6,166.5,2498,83244,2,1
41623,83,396.9,167.1,2498,83246,2,1
41624,83,397.2,167.7,2498,83248,2,1
41625,83,396.9,168.3,2498,83250,2,1
41626,83,396.5,168.9,2498,83252,2,1
41627,83,395.9,169.2,2498,83254,2,1
41628,83,395.4,169.4,2498,83256,2,1
41629,83,394.8,169.6,2498,83258,2,1
41630,83,394.4,169.6,2499,83260,2,1
41631,83,394.1,169.3,2499,83262,2,1
41632,83,394.2,169,2499,83264,2,1
41633,83,394.2,168.5,2499,83266,2,1
41634,83,394.2,168.1,2499,83268,2,1
41635,83,394.2,167.6,2499,83270,2,1
41636,83,394.4,167.3,2499,83272,2,1
41637,83,394.5,167.1,2499,83274,2,1
41638,83,394.7,167,2499,83276,2,1
41639,83,394.7,166.8,2499,83278,2,1
41640,83,395,166.4,2499,83280,2,1
41641,83,395.5,165.9,2499,83282,2,1
41642,83,395.9,165.5,2499,83284,2,1
41643,83,396.3,165,2499,83286,2,1
41644,83,396.7,164.2,2499,83288,2,1
41645,83,397.1,163.4,2499,83290,2,1
41646,83,397.4,162.6,2499,83292,2,1
41647,83,397.6,162.2,2500,83294,2,1
41648,83,397.6,162.1,2500,83296,2,1
41649,83,397.5,162,2500,83298,2,1
41650,83,397.4,162.1,2500,83300,2,1
41651,83,397.3,162.6,2500,83302,2,1
41652,83,397.3,163.1,2500,83304,2,1
41653,83,397.3,163.6,2500,83306,2,1
41654,83,397.3,164,2500,83308,2,1
41655,83,397.2,164.2,2500,83310,2,1
41656,83,397.1,164.3,2500,83312,2,1
41657,83,397,164.3,2500,83314,2,1
41658,83,397,164,2500,83316,2,1
41659,83,397.1,164,2500,83318,2,1
41660,83,397.2,163.9,2500,83320,2,1
41661,83,397.4,163.6,2500,83322,2,1
41662,83,397.6,163.4,2500,83324,2,1
41663,83,398,163.1,2500,83326,2,1
41664,83,398.3,162.9,2501,83328,2,1
41665,83,398.5,162.9,2501,83330,2,1
41666,83,398.4,162.9,2501,83332,2,1
41667,83,398.3,163.2,2501,83334,2,1
41668,83,398.1,163.6,2501,83336,2,1
41669,83,397.9,164.1,2501,83338,2,1
41670,83,397.7,164.5,2501,83340,2,1
41671,83,397.5,164.8,2501,83342,2,1
41672,83,397.4,165,2501,83344,2,1
41673,83,397.3,165,2501,83346,2,1
41674,83,397.3,164.9,2501,83348,2,1
41675,83,397.2,165.4,2501,83350,2,1
41676,83,397.1,165.9,2501,83352,2,1
41677,83,396.9,166.2,2501,83354,2,1
41678,83,396.7,166.3,2501,83356,2,1
41679,83,396.5,166.4,2501,83358,2,1
41680,83,396.3,166.4,2502,83360,2,1
41681,83,396.3,166.3,2502,83362,2,1
41682,83,397.1,165.9,2502,83364,2,1
41683,83,397.9,165.5,2502,83366,2,1
41684,83,398.7,165.2,2502,83368,2,1
41685,83,399.5,165.1,2502,83370,2,1
41686,83,400.4,165,2502,83372,2,1
41687,83,401.3,164.9,2502,83374,2,1
41688,83,402,164.9,2502,83376,2,1
41689,83,402.3,165,2502,83378,2,1
41690,83,402.6,165.2,2502,83380,2,1
41691,83,402.9,164.9,2502,83382,2,1
41692,83,403.1,164.7,2502,83384,2,1
41693,83,403.3,164.4,2502,83386,2,1
41694,83,404.2,164.2,2502,83388,2,1
41695,83,405,164.4,2502,83390,2,1
41696,83,406.5,164.7,2502,83392,2,1
41697,83,409.5,164.9,2503,83394,2,1
41698,83,414.6,165.2,2503,83396,2,1
41699,83,422.8,166.6,2503,83398,2,1
41700,83,433.7,167.9,2503,83400,2,1
41701,83,447,170,2503,83402,2,1
41702,83,463.1,172.2,2503,83404,2,1
41703,83,481.8,173.8,2503,83406,2,1
41704,83,500.7,175.2,2503,83408,2,1
41705,83,519.1,176.9,2503,83410,2,1
41706,83,534.9,178,2503,83412,2,1
41707,83,548.8,179.1,2503,83414,2,1
41708,83,559.9,179.5,2503,83416,2,1
41709,83,568.2,180.2,2503,83418,2,1
41710,83,574.9,181.1,2503,83420,2,1
41711,83,580.1,182.2,2503,83422,2,1
41712,83,583.8,183.2,2503,83424,2,1
41713,83,586.9,184.2,2503,83426,2,1
41714,83,589.2,185.5,2504,83428,2,1
41715,83,591.3,186.7,2504,83430,2,1
41716,83,593.3,187.4,2504,83432,2,1
41717,83,593.5,188.2,2504,83434,2,1
41718,83,593.2,188.9,2504,83436,2,1
41719,83,592.9,189.5,2504,83438,2,1
41720,83,592.7,189.9,2504,83440,2,1
41721,83,592.6,189.8,2504,83442,2,1
41722,83,592.6,189.6,2504,83444,2,1
41723,83,592.6,189.7,2504,83446,2,1
41724,83,592.7,190,2504,83448,2,1
41725,83,593,190.2,2504,83450,2,1
41726,83,593.4,190.5,2504,83452,2,1
41727,83,594.2,190.7,2504,83454,2,1
41728,83,595,191.1,2504,83456,2,1
41729,83,595.8,191.5,2504,83458,2,1
41730,83,596.6,191.6,2505,83460,2,1
41731,83,597.3,192.1,2505,83462,2,1
41732,83,597.9,192.5,2505,83464,2,1
41733,83,598.5,192.9,2505,83466,2,1
41734,83,598.6,193.6,2505,83468,2,1
41735,83,598.6,194.2,2505,83470,2,1
41736,83,598.5,194.7,2505,83472,2,1
41737,83,598.4,195.1,2505,83474,2,1
41738,83,598.4,195,2505,83476,2,1
41739,83,598.5,195.2,2505,83478,2,1
41740,83,598.7,195,2505,83480,2,1
41741,83,599.1,194.6,2505,83482,2,1
41742,83,599.6,194,2505,83484,2,1
41743,83,600.1,193.1,2505,83486,2,1
41744,83,600.7,192.5,2505,83488,2,1
41745,83,601.4,191.8,2505,83490,2,1
41746,83,601.9,191.1,2505,83492,2,1
41747,83,602.2,190.8,2506,83494,2,1
41748,83,602.4,190.7,2506,83496,2,1
41749,83,602.4,190.9,2506,83498,2,1
41750,83,602.1,191.5,2506,83500,2,1
41751,83,601.7,192.1,2506,83502,2,1
41752,83,601.4,192.8,2506,83504,2,1
41753,83,601,193.5,2506,83506,2,1
41754,83,600.5,194.2,2506,83508,2,1
41755,83,600,194.8,2506,83510,2,1
41756,83,599.7,195.5,2506,83512,2,1
41757,83,599.6,195.7,2506,83514,2,1
41758,83,599.5,195.7,2506,83516,2,1
41759,83,599.5,195.5,2506,83518,2,1
41760,83,599.6,195.3,2506,83520,2,1
41761,83,599.8,195.1,2506,83522,2,1
41762,83,600,194.6,2506,83524,2,1
41763,83,600.5,194.1,2506,83526,2,1
41764,83,601.3,193.9,2507,83528,2,1
41765,83,602.1,193.7,2507,83530,2,1
41766,83,602.8,194,2507,83532,2,1
41767,83,603.6,194.3,2507,83534,2,1
41768,83,604.3,194.7,2507,83536,2,1
41769,83,605.4,195,2507,83538,2,1
41770,83,606.1,195.4,2507,83540,2,1
41771,83,606.4,195.6,2507,83542,2,1
41772,83,606.7,196.3,2507,83544,2,1
41773,83,606.9,196.8,2507,83546,2,1
41774,83,606.9,197.4,2507,83548,2,1
41775,83,606.7,197.9,2507,83550,2,1
41776,83,605.9,198.6,2507,83552,2,1
41777,83,605.2,199,2507,83554,2,1
41778,83,604.6,199.4,2507,83556,2,1
41779,83,604.1,199.5,2507,83558,2,1
41780,83,603.8,199.5,2508,83560,2,1
41781,83,603.9,199.4,2508,83562,2,1
41782,83,604.2,199.1,2508,83564,2,1
41783,83,604.8,198.4,2508,83566,2,1
41784,83,605.4,197.9,2508,83568,2,1
41785,83,605.8,197.6,2508,83570,2,1
41786,83,606.1,198.1,2508,83572,2,1
41787,83,606.2,198.8,2508,83574,2,1
41788,83,606,199.4,2508,83576,2,1
41789,83,605.7,199.9,2508,83578,2,1
41790,83,605.4,199.9,2508,83580,2,1
41791,83,605.2,199.9,2508,83582,2,1
41792,83,604.9,199.8,2508,83584,2,1
41793,83,604.7,199.7,2508,83586,2,1
41794,83,604.7,199.1,2508,83588,2,1
41795,83,604.6,198.7,2508,83590,2,1
41796,83,604.7,198.5,2508,83592,2,1
41797,83,604.9,198.6,2509,83594,2,1
41798,83,605.1,199.1,2509,83596,2,1
41799,83,605.3,200.6,2509,83598,2,1
41800,83,605.8,201.7,2509,83600,2,1
41801,83,606.3,202.6,2509,83602,2,1
41802,83,606.8,202.9,2509,83604,2,1
41803,83,607.3,203.1,2509,83606,2,1
41804,83,607.5,203.1,2509,83608,2,1
41805,83,607.5,202.9,2509,83610,2,1
41806,83,607.2,202.2,2509,83612,2,1
41807,83,606.9,201.7,2509,83614,2,1
41808,83,606.6,201.4,2509,83616,2,1
41809,83,606.4,201.9,2509,83618,2,1
41810,83,606.2,202.4,2509,83620,2,1
41811,83,606.1,202.9,2509,83622,2,1
41812,83,606.3,203.4,2509,83624,2,1
41813,83,606.9,203.7,2509,83626,2,1
41814,83,607.5,203.9,2510,83628,2,1
41815,83,608,204.1,2510,83630,2,1
41816,83,608.3,203.8,2510,83632,2,1
41817,83,608.9,203.5,2510,83634,2,1
41818,83,609.4,203.5,2510,83636,2,1
41819,83,609.8,203.4,2510,83638,2,1
41820,83,610,203.9,2510,83640,2,1
41821,83,610.2,204.5,2510,83642,2,1
41822,83,610.4,205,2510,83644,2,1
41823,83,610.7,205.5,2510,83646,2,1
41824,83,610.7,205.1,2510,83648,2,1
41825,83,610.8,204.5,2510,83650,2,1
41826,83,610.9,203.7,2510,83652,2,1
41827,83,611,203.2,2510,83654,2,1
41828,83,611.1,202.9,2510,83656,2,1
41829,83,611.1,203.2,2510,83658,2,1
41830,83,611.1,203.4,2511,83660,2,1
41831,83,611.1,204.1,2511,83662,2,1
41832,83,611,204.7,2511,83664,2,1
41833,83,611,205.3,2511,83666,2,1
41834,83,611.2,205.9,2511,83668,2,1
41835,83,611.2,206.3,2511,83670,2,1
41836,83,611.3,206.1,2511,83672,2,1
41837,83,611.4,205.9,2511,83674,2,1
41838,83,611.7,205.8,2511,83676,2,1
41839,83,611.8,205.8,2511,83678,2,1
41840,83,611.8,205.9,2511,83680,2,1
41841,83,611.7,206.1,2511,83682,2,1
41842,83,611.7,206.4,2511,83684,2,1
41843,83,611.7,206.3,2511,83686,2,1
41844,83,611.7,206.1,2511,83688,2,1
41845,83,611.5,205.8,2511,83690,2,1
41846,83,611.5,205.5,2511,83692,2,1
41847,83,611.5,205.3,2512,83694,2,1
41848,83,611.5,205.3,2512,83696,2,1
41849,83,611.5,205.4,2512,83698,2,1
41850,83,611.5,206.3,2512,83700,2,1
41851,83,611.5,207.2,2512,83702,2,1
41852,83,611.5,208.1,2512,83704,2,1
41853,83,611.4,208.7,2512,83706,2,1
41854,83,611.3,209,2512,83708,2,1
41855,83,611,209.1,2512,83710,2,1
41856,83,610.6,209.1,2512,83712,2,1
41857,83,610.2,208.9,2512,83714,2,1
41858,83,609.9,208.7,2512,83716,2,1
41859,83,609.6,208.5,2512,83718,2,1
41860,83,609.4,208.3,2512,83720,2,1
41861,83,609.3,208,2512,83722,2,1
41862,83,609.5,207.8,2512,83724,2,1
41863,83,609.7,207.5,2512,83726,2,1
41864,83,610,207.3,2513,83728,2,1
41865,83,610.2,207.5,2513,83730,2,1
41866,83,610.5,207.8,2513,83732,2,1
41867,83,610.6,208.1,2513,83734,2,1
41868,83,610.7,208.3,2513,83736,2,1
41869,83,610.5,208.5,2513,83738,2,1
41870,83,610.5,208.6,2513,83740,2,1
41871,83,610.5,208.7,2513,83742,2,1
41872,83,610.8,208.7,2513,83744,2,1
41873,83,611,208.9,2513,83746,2,1
41874,83,611.4,209,2513,83748,2,1
41875,83,611.6,209,2513,83750,2,1
41876,83,611.8,209.1,2513,83752,2,1
41877,83,611.9,209.3,2513,83754,2,1
41878,83,611.8,209.9,2513,83756,2,1
41879,83,611.5,210.5,2513,83758,2,1
41880,83,611.2,211,2514,83760,2,1
41881,83,610.8,211.7,2514,83762,2,1
41882,83,610.4,212.4,2514,83764,2,1
41883,83,610.2,213.1,2514,83766,2,1
41884,83,610.1,213.6,2514,83768,2,1
41885,83,610.1,213,2514,83770,2,1
41886,83,610.3,212.4,2514,83772,2,1
41887,83,610.7,211.8,2514,83774,2,1
41888,83,611.1,211.1,2514,83776,2,1
41889,83,611.6,210.4,2514,83778,2,1
41890,83,612.1,209.9,2514,83780,2,1
41891,83,612.5,210.2,2514,83782,2,1
41892,83,612.7,211.2,2514,83784,2,1
41893,83,612.9,212.2,2514,83786,2,1
41894,83,612.9,213.2,2514,83788,2,1
41895,83,612.8,214.3,2514,83790,2,1
41896,83,612.7,215.2,2514,83792,2,1
41897,83,612.5,215.7,2515,83794,2,1
41898,83,612.4,215.2,2515,83796,2,1
41899,83,612.3,214.6,2515,83798,2,1
41900,83,612.2,214.1,2515,83800,2,1
41901,83,612.1,213.6,2515,83802,2,1
41902,83,611.9,213.1,2515,83804,2,1
41903,83,611.7,212.6,2515,83806,2,1
41904,83,611.6,212.1,2515,83808,2,1
41905,83,611.6,212.1,2515,83810,2,1
41906,83,611.8,212.2,2515,83812,2,1
41907,83,612,212.3,2515,83814,2,1
41908,83,612.4,212.4,2515,83816,2,1
41909,83,613.1,212.8,2515,83818,2,1
41910,83,613.7,213.4,2515,83820,2,1
41911,83,614.3,214.2,2515,83822,2,1
41912,83,614.8,214.8,2515,83824,2,1
41913,83,615,215.3,2515,83826,2,1
41914,83,615.1,215.6,2516,83828,2,1
41915,83,615,215.9,2516,83830,2,1
41916,83,614.7,215.9,2516,83832,2,1
41917,83,614.6,215.7,2516,83834,2,1
41918,83,614.4,215.3,2516,83836,2,1
41919,83,614.3,214.9,2516,83838,2,1
41920,83,614.3,214.5,2516,83840,2,1
41921,83,614.3,214.4,2516,83842,2,1
41922,83,614.3,214.4,2516,83844,2,1
41923,83,614.2,214.5,2516,83846,2,1
41924,83,614.1,214.7,2516,83848,2,1
41925,83,613.9,214.9,2516,83850,2,1
41926,83,613.9,215,2516,83852,2,1
41927,83,613.8,215.1,2516,83854,2,1
41928,83,613.9,215.1,2516,83856,2,1
41929,83,614,214.9,2516,83858,2,1
41930,83,614.2,214.8,2517,83860,2,1
41931,83,614.3,214.6,2517,83862,2,1
41932,83,614.6,214.6,2517,83864,2,1
41933,83,614.8,214.5,2517,83866,2,1
41934,83,615.1,214.5,2517,83868,2,1
41935,83,615.4,214.5,2517,83870,2,1
41936,83,615.6,214.6,2517,83872,2,1
41937,83,615.9,214.8,2517,83874,2,1
41938,83,616.3,215,2517,83876,2,1
41939,83,616.7,215.2,2517,83878,2,1
41940,83,617.1,215.4,2517,83880,2,1
41941,83,617.3,215.5,2517,83882,2,1
41942,83,617.4,215.5,2517,83884,2,1
41943,83,617.6,215.3,2517,83886,2,1
41944,83,617.6,215.1,2517,83888,2,1
41945,83,617.6,214.7,2517,83890,2,1
41946,83,617.5,214.3,2517,83892,2,1
41947,83,617.5,214.2,2518,83894,2,1
41948,83,617.6,214.3,2518,83896,2,1
41949,83,617.6,215,2518,83898,2,1
41950,83,617.7,216.1,2518,83900,2,1
41951,83,617.8,217.2,2518,83902,2,1
41952,83,617.7,218.4,2518,83904,2,1
41953,83,617.5,219.6,2518,83906,2,1
41954,83,617.3,220.6,2518,83908,2,1
41955,83,617.2,221.5,2518,83910,2,1
41956,83,617.2,221.9,2518,83912,2,1
41957,83,617.3,222,2518,83914,2,1
41958,83,617.6,221.2,2518,83916,2,1
41959,83,617.9,220.4,2518,83918,2,1
41960,83,618.5,219.5,2518,83920,2,1
41961,83,619.1,218.6,2518,83922,2,1
41962,83,619.6,217.8,2518,83924,2,1
41963,83,620.1,217.2,2518,83926,2,1
41964,83,620.5,216.5,2519,83928,2,1
41965,83,620.7,216.6,2519,83930,2,1
41966,83,621,216.7,2519,83932,2,1
41967,83,621,216.6,2519,83934,2,1
41968,83,621,216.4,2519,83936,2,1
41969,83,620.9,216,2519,83938,2,1
41970,83,620.8,215.9,2519,83940,2,1
41971,83,620.8,215.9,2519,83942,2,1
41972,83,620.7,216.2,2519,83944,2,1
41973,83,620.5,216.5,2519,83946,2,1
41974,83,620.2,217,2519,83948,2,1
41975,83,619.8,217.3,2519,83950,2,1
41976,83,619.5,217.8,2519,83952,2,1
41977,83,619.1,218.2,2519,83954,2,1
41978,83,618.8,218.6,2519,83956,2,1
41979,83,618.6,218.9,2519,83958,2,1
41980,83,618.4,219.2,2520,83960,2,1
41981,83,618.3,219.5,2520,83962,2,1
41982,83,618.3,220,2520,83964,2,1
41983,83,618.3,220.5,2520,83966,2,1
41984,83,618.6,221,2520,83968,2,1
41985,83,618.9,221.5,2520,83970,2,1
41986,83,619.3,221.6,2520,83972,2,1
41987,83,619.6,221.4,2520,83974,2,1
41988,83,620.1,221.3,2520,83976,2,1
41989,83,620.5,221.2,2520,83978,2,1
41990,83,620.8,221.1,2520,83980,2,1
41991,83,620.9,221,2520,83982,2,1
41992,83,621.5,220.9,2520,83984,2,1
41993,83,623,221.3,2520,83986,2,1
41994,83,625.2,223.4,2520,83988,2,1
41995,83,628.4,225.4,2520,83990,2,1
41996,83,633.1,227.9,2520,83992,2,1
41997,83,639,231.1,2521,83994,2,1
41998,83,645,234.6,2521,83996,2,1
41999,83,650.5,238.8,2521,83998,2,1
42000,83,655.1,242.7,2521,84000,2,1
42001,83,659.2,245.3,2521,84002,2,1
42002,83,662.1,247.9,2521,84004,2,1
42003,83,663.5,249.7,2521,84006,2,1
42004,83,662.9,250.8,2521,84008,2,1
42005,83,661.9,251.1,2521,84010,2,1
42006,83,660.8,250.7,2521,84012,2,1
42007,83,659.8,249.9,2521,84014,2,1
42008,83,658.8,249,2521,84016,2,1
42009,83,657.9,247.9,2521,84018,2,1
42010,83,657.2,246.9,2521,84020,2,1
42011,83,657.4,245.9,2521,84022,2,1
42012,83,658.7,245.2,2521,84024,2,1
42013,83,660.1,244.8,2521,84026,2,1
42014,83,661.5,245,2522,84028,2,1
42015,83,662.8,245.5,2522,84030,2,1
42016,83,664,246,2522,84032,2,1
42017,83,665.1,246.7,2522,84034,2,1
42018,83,665.9,247.4,2522,84036,2,1
42019,83,665.9,248.2,2522,84038,2,1
42020,83,665.6,249,2522,84040,2,1
42021,83,665.4,249.6,2522,84042,2,1
42022,83,665.2,249.9,2522,84044,2,1
42023,83,664.9,250.3,2522,84046,2,1
42024,83,664.6,250.6,2522,84048,2,1
42025,83,664.3,251.3,2522,84050,2,1
42026,83,664,252,2522,84052,2,1
42027,83,663.7,252.4,2522,84054,2,1
42028,83,663.4,252.8,2522,84056,2,1
42029,83,663,253.1,2522,84058,2,1
42030,83,662.6,253.4,2523,84060,2,1
42031,83,662.4,253.6,2523,84062,2,1
42032,83,662.2,253.6,2523,84064,2,1
42033,83,662,253.4,2523,84066,2,1
42034,83,661.9,253.3,2523,84068,2,1
42035,83,661.8,253.3,2523,84070,2,1
42036,83,661.9,253.4,2523,84072,2,1
42037,83,662.1,253.3,2523,84074,2,1
42038,83,662.4,253,2523,84076,2,1
42039,83,662.8,252.8,2523,84078,2,1
42040,83,663.3,252.5,2523,84080,2,1
42041,83,663.9,252.1,2523,84082,2,1
42042,83,664.3,251.7,2523,84084,2,1
42043,83,664.6,251.4,2523,84086,2,1
42044,83,664.7,251.1,2523,84088,2,1
42045,83,664.8,250.9,2523,84090,2,1
42046,83,664.6,250.8,2524,84092,2,1
42047,83,664,250.7,2524,84094,2,1
42048,83,663.4,250.7,2524,84096,2,1
42049,83,662.9,250.8,2524,84098,2,1
42050,83,662.7,250.8,2524,84100,2,1
42051,83,662.5,250.9,2524,84102,2,1
42052,83,662.3,250.9,2524,84104,2,1
42053,83,662,250.9,2524,84106,2,1
42054,83,662.2,250.8,2524,84108,2,1
42055,83,662.3,250.8,2524,84110,2,1
42056,83,662.6,250.4,2524,84112,2,1
42057,83,662.7,250.1,2524,84114,2,1
42058,83,662.9,249.9,2524,84116,2,1
42059,83,663.3,249.8,2524,84118,2,1
42060,83,663.7,249.7,2524,84120,2,1
42061,83,664.1,249.7,2524,84122,2,1
42062,83,664.5,250,2524,84124,2,1
42063,83,664.4,250.5,2525,84126,2,1
42064,83,664.3,251,2525,84128,2,1
42065,83,664.2,251.5,2525,84130,2,1
42066,83,663.9,251.7,2525,84132,2,1
42067,83,663.4,252,2525,84134,2,1
42068,83,662.7,252.2,2525,84136,2,1
42069,83,661.9,252.1,2525,84138,2,1
42070,83,661.1,252.2,2525,84140,2,1
42071,83,660.4,252.3,2525,84142,2,1
42072,83,659.8,252.3,2525,84144,2,1
42073,83,659.2,252.4,2525,84146,2,1
42074,83,659.1,252.4,2525,84148,2,1
42075,83,659.3,252.9,2525,84150,2,1
42076,83,659.7,253.2,2525,84152,2,1
42077,83,660.2,253.2,2525,84154,2,1
42078,83,660.7,252.8,2525,84156,2,1
42079,83,661.1,252.4,2525,84158,2,1
42080,83,661.5,251.9,2526,84160,2,1
42081,83,661.5,251.5,2526,84162,2,1
42082,83,661.4,250.5,2526,84164,2,1
42083,83,661.2,249.8,2526,84166,2,1
42084,83,661.1,249.3,2526,84168,2,1
42085,83,660.9,249.3,2526,84170,2,1
42086,83,660.9,249.4,2526,84172,2,1
42087,83,660.8,249.4,2526,84174,2,1
42088,83,661.1,249.4,2526,84176,2,1
42089,83,661.5,249.5,2526,84178,2,1
42090,83,661.9,249.6,2526,84180,2,1
42091,83,662.3,249.8,2526,84182,2,1
42092,83,662.6,249.9,2526,84184,2,1
42093,83,662.7,250.4,2526,84186,2,1
42094,83,662.7,250.9,2526,84188,2,1
42095,83,662.7,251.2,2526,84190,2,1
42096,83,662.8,251.5,2526,84192,2,1
42097,83,663,251.6,2527,84194,2,1
42098,83,663.2,251.7,2527,84196,2,1
42099,83,663.5,251.5,2527,84198,2,1
42100,83,663.9,251.1,2527,84200,2,1
42101,83,664.4,250.7,2527,84202,2,1
42102,83,664.7,250.3,2527,84204,2,1
42103,83,664.9,250,2527,84206,2,1
42104,83,665.2,249.9,2527,84208,2,1
42105,83,665.3,250,2527,84210,2,1
42106,83,665.4,250.5,2527,84212,2,1
42107,83,665.9,251.1,2527,84214,2,1
42108,83,666.3,251.6,2527,84216,2,1
42109,83,666.8,252.1,2527,84218,2,1
42110,83,667.4,252.3,2527,84220,2,1
42111,83,667.9,252.5,2527,84222,2,1
42112,83,668.4,252.8,2527,84224,2,1
42113,83,669,252.9,2528,84226,2,1
42114,83,669.2,252.9,2528,84228,2,1
42115,83,669.2,252.8,2528,84230,2,1
42116,83,669.1,252.7,2528,84232,2,1
42117,83,668.6,252.6,2528,84234,2,1
42118,83,668,252.4,2528,84236,2,1
42119,83,667.3,252.1,2528,84238,2,1
42120,83,666.7,251.8,2528,84240,2,1
42121,83,666,251.4,2528,84242,2,1
42122,83,665.3,250.9,2528,84244,2,1
42123,83,664.8,250.8,2528,84246,2,1
42124,83,664.5,250.9,2528,84248,2,1
42125,83,664.4,250.9,2528,84250,2,1
42126,83,664.2,251,2528,84252,2,1
42127,83,664.1,251.5,2528,84254,2,1
42128,83,664,252.1,2528,84256,2,1
42129,83,664,252.7,2528,84258,2,1
42130,83,664,253.2,2529,84260,2,1
42131,83,663.9,253.7,2529,84262,2,1
42132,83,663.9,254.1,2529,84264,2,1
42133,83,663.8,254.5,2529,84266,2,1
42134,83,663.8,254,2529,84268,2,1
42135,83,663.8,253.4,2529,84270,2,1
42136,83,663.8,252.8,2529,84272,2,1
42137,83,663.7,252.3,2529,84274,2,1
42138,83,663.6,252,2529,84276,2,1
42139,83,663.4,251.7,2529,84278,2,1
42140,83,663.1,251.5,2529,84280,2,1
42141,83,663,251.6,2529,84282,2,1
42142,83,663,251.7,2529,84284,2,1
42143,83,663,251.8,2529,84286,2,1
42144,83,663.2,251.8,2529,84288,2,1
42145,83,663.5,252,2529,84290,2,1
42146,83,663.9,252.2,2529,84292,2,1
42147,83,664.3,252.5,2530,84294,2,1
42148,83,664.6,252.7,2530,84296,2,1
42149,83,664.7,253.1,2530,84298,2,1
42150,83,664.8,253.9,2530,84300,2,1
42151,83,664.7,254.7,2530,84302,2,1
42152,83,664.6,255.4,2530,84304,2,1
42153,83,664.3,256,2530,84306,2,1
42154,83,663.8,256.4,2530,84308,2,1
42155,83,663.2,256.5,2530,84310,2,1
42156,83,662.6,254.9,2530,84312,2,1
42157,83,662.2,251.2,2530,84314,2,1
42158,83,660.8,246,2530,84316,2,1
42159,83,659,239.6,2530,84318,2,1
42160,83,657.5,232.1,2530,84320,2,1
42161,83,656.1,223.9,2530,84322,2,1
42162,83,654.8,216,2530,84324,2,1
42163,83,653.3,209.6,2531,84326,2,1
42164,83,651.6,204.5,2531,84328,2,1
42165,83,649.8,201.1,2531,84330,2,1
42166,83,648.3,198.9,2531,84332,2,1
42167,83,646.8,198,2531,84334,2,1
42168,83,645.4,198,2531,84336,2,1
42169,83,644,198.5,2531,84338,2,1
42170,83,642.8,199.4,2531,84340,2,1
42171,83,641.8,200.5,2531,84342,2,1
42172,83,642.3,201.5,2531,84344,2,1
42173,83,642.9,202.5,2531,84346,2,1
42174,83,643.5,203.2,2531,84348,2,1
42175,83,644.3,203.7,2531,84350,2,1
42176,83,645,203.6,2531,84352,2,1
42177,83,646.1,203,2531,84354,2,1
42178,83,647,202.5,2531,84356,2,1
42179,83,647.3,202.3,2531,84358,2,1
42180,83,647.5,202.3,2532,84360,2,1
42181,83,647.6,202.5,2532,84362,2,1
42182,83,647.6,202.7,2532,84364,2,1
42183,83,647.8,202.8,2532,84366,2,1
42184,83,647.6,203.5,2532,84368,2,1
42185,83,647.5,203.9,2532,84370,2,1
42186,83,647.6,204.3,2532,84372,2,1
42187,83,647.7,204.6,2532,84374,2,1
42188,83,647.9,205,2532,84376,2,1
42189,83,647.9,205.3,2532,84378,2,1
42190,83,647.9,205.7,2532,84380,2,1
42191,83,647.9,205.7,2532,84382,2,1
42192,83,647.8,205.7,2532,84384,2,1
42193,83,647.7,205.7,2532,84386,2,1
42194,83,647.7,205.6,2532,84388,2,1
42195,83,647.8,205.5,2532,84390,2,1
42196,83,647.9,205.4,2533,84392,2,1
42197,83,648.1,204.6,2533,84394,2,1
42198,83,648.3,203.7,2533,84396,2,1
42199,83,648.5,202.8,2533,84398,2,1
42200,83,648.7,202,2533,84400,2,1
42201,83,648.9,201.3,2533,84402,2,1
42202,83,649,200.7,2533,84404,2,1
42203,83,649,200.2,2533,84406,2,1
42204,83,648.9,200.5,2533,84408,2,1
42205,83,648.8,201.1,2533,84410,2,1
42206,83,648.7,201.7,2533,84412,2,1
42207,83,648.6,202.3,2533,84414,2,1
42208,83,648.4,202.7,2533,84416,2,1
42209,83,648.2,203,2533,84418,2,1
42210,83,648.1,203.3,2533,84420,2,1
42211,83,647.9,203.2,2533,84422,2,1
42212,83,647.9,203.2,2533,84424,2,1
42213,83,647.8,203.2,2533,84426,2,1
42214,83,647.7,203.2,2533,84428,2,1
42215,83,647.6,203.1,2533,84430,2,1
42216,83,647.7,202.6,2533,84432,2,1
42217,83,647.7,202.2,2533,84434,2,1
42218,83,647.7,201.9,2533,84436,2,1
42219,83,647.5,201.5,2533,84438,2,1
42220,83,647.4,201.1,2533,84440,2,1
42221,83,647.4,200.9,2533,84442,2,1
42222,83,647.3,200.7,2534,84444,2,1
42223,83,647.2,200.9,2534,84446,2,1
42224,83,647.1,201,2534,84448,2,1
42225,83,647,200.9,2534,84450,2,1
42226,83,646.9,200.6,2534,84452,2,1
42227,83,646.8,200.2,2534,84454,2,1
42228,83,646.9,199.8,2534,84456,2,1
42229,83,647,199.4,2534,84458,2,1
42230,83,647.2,199.3,2535,84460,2,1
42231,83,647.4,199.1,2535,84462,2,1
42232,83,647.7,199,2535,84464,2,1
42233,83,648,199,2535,84466,2,1
42234,83,648.2,199.2,2535,84468,2,1
42235,83,648.4,200.1,2535,84470,2,1
42236,83,648.4,201,2535,84472,2,1
42237,83,648.4,201.7,2535,84474,2,1
42238,83,648.3,202.5,2535,84476,2,1
42239,83,648.1,203.3,2535,84478,2,1
42240,83,647.9,203.9,2535,84480,2,1
42241,83,648.1,204.3,2535,84482,2,1
42242,83,648.4,204.1,2535,84484,2,1
42243,83,648.6,203.8,2535,84486,2,1
42244,83,648.8,203.5,2535,84488,2,1
42245,83,649,203.1,2535,84490,2,1
42246,83,649.1,202.7,2535,84492,2,1
42247,83,649.3,202.3,2535,84494,2,1
42248,83,649.3,202.1,2535,84496,2,1
42249,83,649.2,202.1,2535,84498,2,1
42250,83,649.1,202.1,2535,84500,2,1
42251,83,649,202.4,2535,84502,2,1
42252,83,649.2,202.6,2535,84504,2,1
42253,83,649.3,202.8,2535,84506,2,1
42254,83,649.3,203.1,2535,84508,2,1
42255,83,649.3,203.4,2536,84510,2,1
42256,83,649.2,203.7,2536,84512,2,1
42257,83,649.1,203.9,2536,84514,2,1
42258,83,649,203.8,2536,84516,2,1
42259,83,648.7,203.6,2536,84518,2,1
42260,83,648.4,203.5,2536,84520,2,1
42261,83,648.2,203.3,2536,84522,2,1
42262,83,647.9,203.3,2536,84524,2,1
42263,83,647.8,203.3,2537,84526,2,1
42264,83,647.7,203.4,2537,84528,2,1
42265,83,647.8,203.4,2537,84530,2,1
42266,83,647.8,203.4,2537,84532,2,1
42267,83,647.9,203.6,2537,84534,2,1
42268,83,648,204.2,2537,84536,2,1
42269,83,648.1,204.8,2537,84538,2,1
42270,83,648.2,205.5,2537,84540,2,1
42271,83,648.2,206.2,2537,84542,2,1
42272,83,648.3,206.9,2537,84544,2,1
42273,83,648.3,207.5,2537,84546,2,1
42274,83,648.3,208,2537,84548,2,1
42275,83,648.3,208.1,2537,84550,2,1
42276,83,648.3,208,2537,84552,2,1
42277,83,648.3,207.8,2537,84554,2,1
42278,83,648.3,207.6,2537,84556,2,1
42279,83,648.3,207.4,2537,84558,2,1
42280,83,648.3,207.2,2538,84560,2,1
42281,83,648.3,207.2,2538,84562,2,1
42282,83,648.2,207.3,2538,84564,2,1
42283,83,647.8,207.3,2538,84566,2,1
42284,83,647.5,207.4,2538,84568,2,1
42285,83,647.1,207.4,2538,84570,2,1
42286,83,646.8,207.3,2538,84572,2,1
42287,83,646.3,207.2,2538,84574,2,1
42288,83,645.9,207.2,2538,84576,2,1
42289,83,645.7,207.2,2538,84578,2,1
42290,83,645.7,207.2,2538,84580,2,1
42291,83,646.1,207.2,2538,84582,2,1
42292,83,646.6,207,2538,84584,2,1
42293,83,647,206.7,2538,84586,2,1
42294,83,647.5,206.3,2538,84588,2,1
42295,83,648.1,205.6,2538,84590,2,1
42296,83,648.6,205.1,2538,84592,2,1
42297,83,649.1,204.5,2539,84594,2,1
42298,83,649.1,203.9,2539,84596,2,1
42299,83,649.2,203.3,2539,84598,2,1
42300,83,649.3,202.8,2539,84600,2,1
42301,83,649.6,202.7,2539,84602,2,1
42302,83,649.9,202.9,2539,84604,2,1
42303,83,650.2,203.1,2539,84606,2,1
42304,83,650.5,203.5,2539,84608,2,1
42305,83,650.9,204,2539,84610,2,1
42306,83,651.2,204.4,2539,84612,2,1
42307,83,651.4,204.8,2539,84614,2,1
42308,83,651.6,205.1,2539,84616,2,1
42309,83,651.7,205.3,2539,84618,2,1
42310,83,651.8,205.4,2539,84620,2,1
42311,83,651.9,205.3,2539,84622,2,1
42312,83,653,205.2,2539,84624,2,1
42313,83,654,205.2,2539,84626,2,1
42314,83,655.3,205.3,2539,84628,2,1
42315,83,657.3,207.7,2539,84630,2,1
42316,83,660.7,211.7,2539,84632,2,1
42317,83,665.3,218,2539,84634,2,1
42318,83,671.8,225.2,2539,84636,2,1
42319,83,677.6,233.8,2539,84638,2,1
42320,83,685,242.2,2539,84640,2,1
42321,83,692.1,250.5,2539,84642,2,1
42322,83,699,256.6,2540,84644,2,1
42323,83,704.9,260.9,2540,84646,2,1
42324,83,709.6,262.8,2540,84648,2,1
42325,83,712.4,263.3,2540,84650,2,1
42326,83,715,262,2540,84652,2,1
42327,83,716.1,260.7,2540,84654,2,1
42328,83,716.7,259.3,2540,84656,2,1
42329,83,716.7,258,2540,84658,2,1
42330,83,716.2,256.8,2541,84660,2,1
42331,83,715.6,255.9,2541,84662,2,1
42332,83,714.9,255.8,2541,84664,2,1
42333,83,714.2,256.9,2541,84666,2,1
42334,83,713.5,258,2541,84668,2,1
42335,83,713.7,259,2541,84670,2,1
42336,83,713.9,260.6,2541,84672,2,1
42337,83,714.2,262.3,2541,84674,2,1
42338,83,714.5,264.1,2541,84676,2,1
42339,83,714.8,265.4,2541,84678,2,1
42340,83,715,265.7,2541,84680,2,1
42341,83,715.1,265.8,2541,84682,2,1
42342,83,714.9,265.9,2541,84684,2,1
42343,83,714.8,265.4,2541,84686,2,1
42344,83,714.7,265,2541,84688,2,1
42345,83,714.7,264.5,2541,84690,2,1
42346,83,714.8,264,2542,84692,2,1
42347,83,715.2,263.3,2542,84694,2,1
42348,83,715.5,262.9,2542,84696,2,1
42349,83,715.9,262.5,2542,84698,2,1
42350,83,716.2,262.2,2542,84700,2,1
42351,83,716.3,262.1,2542,84702,2,1
42352,83,716.4,262.1,2542,84704,2,1
42353,83,716.3,262.1,2542,84706,2,1
42354,83,715.9,262.4,2542,84708,2,1
42355,83,715.5,262.7,2542,84710,2,1
42356,83,715.1,263,2542,84712,2,1
42357,83,714.7,263.3,2542,84714,2,1
42358,83,714.4,263.8,2542,84716,2,1
42359,83,714.1,264.3,2542,84718,2,1
42360,83,713.9,264.5,2542,84720,2,1
42361,83,714.1,264.6,2542,84722,2,1
42362,83,714.2,264.8,2542,84724,2,1
42363,83,714.4,265,2542,84726,2,1
42364,83,714.5,265.2,2542,84728,2,1
42365,83,714.8,265.2,2542,84730,2,1
42366,83,715.2,265,2542,84732,2,1
42367,83,715.7,264.7,2542,84734,2,1
42368,83,716.1,264.3,2542,84736,2,1
42369,83,716.6,264.1,2542,84738,2,1
42370,83,717,264.1,2542,84740,2,1
42371,83,717.4,264.5,2542,84742,2,1
42372,83,717.8,265.1,2543,84744,2,1
42373,83,718.1,265.9,2543,84746,2,1
42374,83,718.4,266.1,2543,84748,2,1
42375,83,718.6,266.4,2543,84750,2,1
42376,83,718.9,266.6,2543,84752,2,1
42377,83,719.1,266.5,2543,84754,2,1
42378,83,719.4,266.2,2543,84756,2,1
42379,83,719.1,266,2543,84758,2,1
42380,83,718.9,265.7,2544,84760,2,1
42381,83,718.7,265.6,2544,84762,2,1
42382,83,718.4,265.6,2544,84764,2,1
42383,83,718.1,265.6,2544,84766,2,1
42384,83,717.9,265.6,2544,84768,2,1
42385,83,717.8,265.4,2544,84770,2,1
42386,83,718.1,265,2544,84772,2,1
42387,83,718.4,264.6,2544,84774,2,1
42388,83,718.6,264.2,2544,84776,2,1
42389,83,718.8,263.8,2544,84778,2,1
42390,83,719,263.5,2544,84780,2,1
42391,83,719.2,263.2,2544,84782,2,1
42392,83,719.2,263.2,2544,84784,2,1
42393,83,719.1,263.2,2544,84786,2,1
42394,83,719.1,263.2,2544,84788,2,1
42395,83,718.9,263.4,2544,84790,2,1
42396,83,718.7,263.5,2545,84792,2,1
42397,83,718.5,263.6,2545,84794,2,1
42398,83,718.2,263.8,2545,84796,2,1
42399,83,717.8,264.2,2545,84798,2,1
42400,83,717.1,264.4,2545,84800,2,1
42401,83,716.5,264.5,2545,84802,2,1
42402,83,716,264.6,2545,84804,2,1
42403,83,715.6,264.6,2545,84806,2,1
42404,83,714.7,264.7,2545,84808,2,1
42405,83,713.9,264.6,2545,84810,2,1
42406,83,713.1,264.5,2545,84812,2,1
42407,83,712.7,264.6,2545,84814,2,1
42408,83,712.3,264.9,2545,84816,2,1
42409,83,712.1,265.1,2545,84818,2,1
42410,83,711.9,265.3,2545,84820,2,1
42411,83,712.1,265.4,2545,84822,2,1
42412,83,712.3,265.6,2545,84824,2,1
42413,83,712.5,265.8,2545,84826,2,1
42414,83,712.6,266,2545,84828,2,1
42415,83,712.1,266.2,2545,84830,2,1
42416,83,711.6,266.3,2545,84832,2,1
42417,83,711,266.5,2545,84834,2,1
42418,83,710.6,266.7,2545,84836,2,1
42419,83,710.1,266.3,2545,84838,2,1
42420,83,709.6,265.8,2545,84840,2,1
42421,83,709,262.7,2545,84842,2,1
42422,83,702.3,209.4,2546,84844,2,1
42423,83,696.5,157.3,2546,84846,2,1
42424,83,691.3,106.3,2546,84848,2,1
42425,83,688.9,80.5,2546,84850,2,1
42426,83,686,45.5,2546,84852,2,1
42427,83,682.3,-9999,2546,84854,2,1
42428,83,677.5,-9999,2546,84856,2,1
42429,83,677.5,-9999,2546,84858,2,1
42430,83,677.5,-9999,2546,84860,2,1
42431,83,-9999,-9999,2546,84862,2,1
42432,83,-9999,-9999,2546,84864,2,1
42433,83,-9999,-9999,2546,84866,2,1
42434,83,-9999,-9999,2546,84868,2,1
42435,83,-9999,-9999,2546,84870,2,1
42436,83,-9999,-9999,2546,84872,2,1
42437,83,-9999,-9999,2546,84874,2,1
42438,83,-9999,-9999,2547,84876,2,1
42439,83,-9999,-9999,2547,84878,2,1
42440,83,-9999,-9999,2547,84880,2,1
42441,83,-9999,-9999,2547,84882,2,1
42442,83,-9999,-9999,2547,84884,2,1
42443,83,-9999,-9999,2547,84886,2,1
42444,83,-9999,-9999,2547,84888,2,1
42445,83,-9999,-9999,2547,84890,2,1
42446,83,-9999,-9999,2548,84892,2,1
42447,83,-9999,-9999,2548,84894,2,1
42448,83,-9999,-9999,2548,84896,2,1
42449,83,-9999,-9999,2548,84898,2,1
42450,83,-9999,-9999,2548,84900,2,1
42451,83,-9999,-9999,2548,84902,2,1
42452,83,-9999,-9999,2548,84904,2,1
42453,83,-9999,-9999,2548,84906,2,1
42454,83,-9999,-9999,2548,84908,2,1
42455,83,-9999,-9999,2548,84910,2,1
42456,83,-9999,-9999,2548,84912,2,1
42457,83,-9999,-9999,2548,84914,2,1
42458,83,-9999,-9999,2548,84916,2,1
42459,83,-9999,-9999,2548,84918,2,1
42460,83,-9999,-9999,2548,84920,2,1
42461,83,-9999,-9999,2548,84922,2,1
42462,83,-9999,-9999,2548,84924,2,1
42463,83,-9999,-9999,2548,84926,2,1
42464,83,-9999,-9999,2548,84928,2,1
42465,83,-9999,-9999,2548,84930,2,1
42466,83,-9999,-9999,2548,84932,2,1
42467,83,-9999,-9999,2548,84934,2,1
42468,83,-9999,-9999,2548,84936,2,1
42469,83,-9999,-9999,2548,84938,2,1
42470,83,-9999,-9999,2548,84940,2,1
42471,83,-9999,-9999,2548,84942,2,1
42472,83,-9999,-9999,2549,84944,2,1
42473,83,-9999,-9999,2549,84946,2,1
42474,83,-9999,-9999,2549,84948,2,1
42475,83,-9999,-9999,2549,84950,2,1
42476,83,-9999,-9999,2549,84952,2,1
42477,83,-9999,-9999,2549,84954,2,1
42478,83,-9999,-9999,2549,84956,2,1
42479,83,-9999,-9999,2549,84958,2,1
42480,83,-9999,-9999,2550,84960,2,1
42481,83,-9999,-9999,2550,84962,2,1
42482,83,-9999,-9999,2550,84964,2,1
42483,83,-9999,-9999,2550,84966,2,1
42484,83,-9999,-9999,2550,84968,2,1
42485,83,-9999,-9999,2550,84970,2,1
42486,83,-9999,-9999,2550,84972,2,1
42487,83,-9999,-9999,2550,84974,2,1
42488,83,-9999,-9999,2550,84976,2,1
42489,83,-9999,-9999,2550,84978,2,1
42490,83,-9999,-9999,2550,84980,2,1
42491,83,-9999,-9999,2550,84982,2,1
42492,83,-9999,-9999,2550,84984,2,1
42493,83,-9999,-9999,2550,84986,2,1
42494,83,-9999,-9999,2550,84988,2,1
42495,83,-9999,-9999,2550,84990,2,1
42496,83,-9999,-9999,2551,84992,2,1
42497,83,-9999,-9999,2551,84994,2,1
42498,83,-9999,-9999,2551,84996,2,1
42499,83,-9999,-9999,2551,84998,2,1
42500,83,-9999,-9999,2551,85000,2,1
42501,83,-9999,-9999,2551,85002,2,1
42502,83,-9999,-9999,2551,85004,2,1
42503,83,-9999,-9999,2551,85006,2,1
42504,83,-9999,-9999,2551,85008,2,1
42505,83,-9999,-9999,2551,85010,2,1
42506,83,-9999,-9999,2551,85012,2,1
42507,83,-9999,-9999,2551,85014,2,1
42508,83,-9999,-9999,2551,85016,2,1
42509,83,-9999,-9999,2551,85018,2,1
42510,83,-9999,-9999,2551,85020,2,1
42511,83,-9999,-9999,2551,85022,2,1
42512,83,-9999,-9999,2551,85024,2,1
42513,83,-9999,-9999,2551,85026,2,1
42514,83,-9999,-9999,2551,85028,2,1
42515,83,-9999,-9999,2551,85030,2,1
42516,83,-9999,-9999,2551,85032,2,1
42517,83,-9999,-9999,2551,85034,2,1
42518,83,-9999,-9999,2551,85036,2,1
42519,83,-9999,-9999,2551,85038,2,1
42520,83,-9999,-9999,2551,85040,2,1
42521,83,-9999,-9999,2551,85042,2,1
42522,83,-9999,-9999,2552,85044,2,1
42523,83,-9999,-9999,2552,85046,2,1
42524,83,-9999,-9999,2552,85048,2,1
42525,83,-9999,-9999,2552,85050,2,1
42526,83,-9999,-9999,2552,85052,2,1
42527,83,-9999,-9999,2552,85054,2,1
42528,83,-9999,-9999,2552,85056,2,1
42529,83,-9999,-9999,2552,85058,2,1
42530,83,-9999,-9999,2552,85060,2,1
42531,83,-9999,-9999,2552,85062,2,1
42532,83,-9999,-9999,2552,85064,2,1
42533,83,-9999,-9999,2552,85066,2,1
42534,83,-9999,-9999,2552,85068,2,1
42535,83,-9999,-9999,2552,85070,2,1
42536,83,-9999,-9999,2552,85072,2,1
42537,83,-9999,-9999,2552,85074,2,1
42538,83,-9999,-9999,2553,85076,2,1
42539,83,-9999,-9999,2553,85078,2,1
42540,83,-9999,-9999,2553,85080,2,1
42541,83,-9999,-9999,2553,85082,2,1
42542,83,-9999,-9999,2553,85084,2,1
42543,83,-9999,-9999,2553,85086,2,1
42544,83,-9999,-9999,2553,85088,2,1
42545,83,-9999,-9999,2553,85090,2,1
42546,83,-9999,-9999,2553,85092,2,1
42547,83,-9999,-9999,2553,85094,2,1
42548,83,-9999,-9999,2553,85096,2,1
42549,83,-9999,-9999,2553,85098,2,1
42550,83,-9999,-9999,2553,85100,2,1
42551,83,-9999,-9999,2553,85102,2,1
42552,83,-9999,-9999,2553,85104,2,1
42553,83,-9999,-9999,2553,85106,2,1
42554,83,-9999,-9999,2553,85108,2,1
42555,83,-9999,-9999,2554,85110,2,1
42556,83,-9999,-9999,2554,85112,2,1
42557,83,-9999,-9999,2554,85114,2,1
42558,83,-9999,-9999,2554,85116,2,1
42559,83,-9999,-9999,2554,85118,2,1
42560,83,-9999,-9999,2554,85120,2,1
42561,83,-9999,-9999,2554,85122,2,1
42562,83,-9999,-9999,2554,85124,2,1
42563,83,-9999,-9999,2554,85126,2,1
42564,83,-9999,-9999,2554,85128,2,1
42565,83,-9999,-9999,2554,85130,2,1
42566,83,-9999,-9999,2554,85132,2,1
42567,83,-9999,-9999,2554,85134,2,1
42568,83,-9999,-9999,2554,85136,2,1
42569,83,-9999,-9999,2554,85138,2,1
42570,83,-9999,-9999,2554,85140,2,1
42571,83,-9999,-9999,2554,85142,2,1
42572,83,-9999,-9999,2555,85144,2,1
42573,83,-9999,-9999,2555,85146,2,1
42574,83,-9999,-9999,2555,85148,2,1
42575,83,-9999,-9999,2555,85150,2,1
42576,83,-9999,-9999,2555,85152,2,1
42577,83,-9999,-9999,2555,85154,2,1
42578,83,-9999,-9999,2555,85156,2,1
42579,83,-9999,-9999,2555,85158,2,1
42580,83,-9999,-9999,2555,85160,2,1
42581,83,-9999,-9999,2555,85162,2,1
42582,83,-9999,-9999,2555,85164,2,1
42583,83,-9999,-9999,2555,85166,2,1
42584,83,-9999,-9999,2555,85168,2,1
42585,83,-9999,-9999,2555,85170,2,1
42586,83,-9999,-9999,2555,85172,2,1
42587,83,-9999,-9999,2555,85174,2,1
42588,83,-9999,-9999,2556,85176,2,1
42589,83,-9999,-9999,2556,85178,2,1
42590,83,-9999,-9999,2556,85180,2,1
42591,83,-9999,-9999,2556,85182,2,1
42592,83,-9999,-9999,2556,85184,2,1
42593,83,-9999,920.3,2556,85186,2,1
42594,83,-9999,920.3,2556,85188,2,1
42595,83,-9999,920.3,2556,85190,2,1
42596,83,-9999,920.3,2556,85192,2,1
42597,83,-9999,919.9,2556,85194,2,1
42598,83,-9999,917.3,2556,85196,2,1
42599,83,-9999,889.2,2556,85198,2,1
42600,83,-9999,851.3,2556,85200,2,1
42601,83,65.5,807,2556,85202,2,1
42602,83,218.3,753.2,2556,85204,2,1
42603,83,367.5,694.6,2556,85206,2,1
42604,83,502.7,631.6,2556,85208,2,1
42605,83,574.6,574.8,2557,85210,2,1
42606,83,586.3,528.5,2557,85212,2,1
42607,83,590.9,488.7,2557,85214,2,1
42608,83,595.4,453.2,2557,85216,2,1
42609,83,599.7,420.4,2557,85218,2,1
42610,83,605.2,382.6,2557,85220,2,1
42611,83,611.2,346,2557,85222,2,1
42612,83,616.5,309.7,2557,85224,2,1
42613,83,620.8,287.1,2557,85226,2,1
42614,83,627.4,257.3,2557,85228,2,1
42615,83,634,228.3,2557,85230,2,1
42616,83,641.5,203.1,2557,85232,2,1
42617,83,647.8,185.8,2557,85234,2,1
42618,83,653.3,172.7,2557,85236,2,1
42619,83,658.7,159.8,2557,85238,2,1
42620,83,662.8,146.9,2557,85240,2,1
42621,83,664.7,140.3,2557,85242,2,1
42622,83,666.4,134.3,2558,85244,2,1
42623,83,665.6,130,2558,85246,2,1
42624,83,664.8,126.6,2558,85248,2,1
42625,83,663.9,123.3,2558,85250,2,1
42626,83,662.4,120.1,2558,85252,2,1
42627,83,660.9,117.1,2558,85254,2,1
42628,83,659.2,115.9,2558,85256,2,1
42629,83,657.6,114.9,2558,85258,2,1
42630,83,657,114,2558,85260,2,1
42631,83,656.2,114.1,2558,85262,2,1
42632,83,655.3,114.2,2558,85264,2,1
42633,83,654.7,114.3,2558,85266,2,1
42634,83,654,114.8,2558,85268,2,1
42635,83,653.2,115.6,2558,85270,2,1
42636,83,652.4,116.5,2558,85272,2,1
42637,83,651.5,117.6,2558,85274,2,1
42638,83,650.6,118.5,2559,85276,2,1
42639,83,649.8,120.1,2559,85278,2,1
42640,83,649.4,121.6,2559,85280,2,1
42641,83,648.9,123.8,2559,85282,2,1
42642,83,648.5,125.9,2559,85284,2,1
42643,83,648.1,127.9,2559,85286,2,1
42644,83,647.7,129.6,2559,85288,2,1
42645,83,647.2,131.1,2559,85290,2,1
42646,83,646.1,131.9,2559,85292,2,1
42647,83,644.6,133,2559,85294,2,1
42648,83,643.1,133.6,2559,85296,2,1
42649,83,641.6,134.2,2559,85298,2,1
42650,83,640.1,135.1,2559,85300,2,1
42651,83,638.6,136,2559,85302,2,1
42652,83,637.3,136.9,2559,85304,2,1
42653,83,636.6,138,2559,85306,2,1
42654,83,636.3,139,2559,85308,2,1
42655,83,636.2,140.3,2560,85310,2,1
42656,83,636,142.2,2560,85312,2,1
42657,83,635.8,143.9,2560,85314,2,1
42658,83,635.6,145.8,2560,85316,2,1
42659,83,635.5,147.9,2560,85318,2,1
42660,83,635.3,149.8,2560,85320,2,1
42661,83,635,151.6,2560,85322,2,1
42662,83,634.6,152.7,2560,85324,2,1
42663,83,634.3,153,2560,85326,2,1
42664,83,634,153.4,2560,85328,2,1
42665,83,633.7,153.9,2560,85330,2,1
42666,83,633.4,154.3,2560,85332,2,1
42667,83,633.2,154.6,2560,85334,2,1
42668,83,633,155,2560,85336,2,1
42669,83,632.6,155.3,2560,85338,2,1
42670,83,632.2,155.7,2560,85340,2,1
42671,83,631.8,156,2560,85342,2,1
42672,83,631.3,156.3,2561,85344,2,1
42673,83,630.9,156.5,2561,85346,2,1
42674,83,630.5,156.7,2561,85348,2,1
42675,83,630.7,156.9,2561,85350,2,1
42676,83,631.1,157.1,2561,85352,2,1
42677,83,631.5,157.4,2561,85354,2,1
42678,83,631.7,157.5,2561,85356,2,1
42679,83,632,157.5,2561,85358,2,1
42680,83,632.3,157.5,2561,85360,2,1
42681,83,632.4,157.6,2561,85362,2,1
42682,83,632,157.8,2561,85364,2,1
42683,83,631.2,157.9,2561,85366,2,1
42684,83,630.5,157.8,2561,85368,2,1
42685,83,63.8,191.7,2561,85370,2,1
42686,83,63.2,191.7,2561,85372,2,1
42687,83,62.6,191.6,2561,85374,2,1
42688,83,62.2,191.3,2562,85376,2,1
42689,83,61.9,191.2,2562,85378,2,1
42690,83,61.9,191,2562,85380,2,1
42691,83,61.9,191,2562,85382,2,1
42692,83,61.9,191,2562,85384,2,1
42693,83,61.9,191,2562,85386,2,1
42694,83,61.9,191,2562,85388,2,1
42695,83,61.9,191,2562,85390,2,1
42696,83,-9999,-9999,2562,85392,2,1
42697,83,-9999,-9999,2562,85394,2,1
42698,83,-9999,-9999,2562,85396,2,1
42699,83,-9999,-9999,2562,85398,2,1
42700,83,-9999,-9999,2562,85400,2,1
42701,83,-9999,-9999,2562,85402,2,1
42702,83,-9999,-9999,2562,85404,2,1
42703,83,-9999,-9999,2562,85406,2,1
42704,83,-9999,-9999,2562,85408,2,1
42705,83,-9999,-9999,2563,85410,2,1
42706,83,-9999,-9999,2563,85412,2,1
42707,83,-9999,-9999,2563,85414,2,1
42708,83,-9999,-9999,2563,85416,2,1
42709,83,-9999,-9999,2563,85418,2,1
42710,83,-9999,-9999,2563,85420,2,1
42711,83,-9999,-9999,2563,85422,2,1
42712,83,-9999,-9999,2563,85424,2,1
42713,83,-9999,-9999,2563,85426,2,1
42714,83,-9999,-9999,2563,85428,2,1
42715,83,-9999,-9999,2563,85430,2,1
42716,83,-9999,-9999,2563,85432,2,1
42717,83,-9999,-9999,2563,85434,2,1
42718,83,-9999,-9999,2563,85436,2,1
42719,83,-9999,-9999,2563,85438,2,1
42720,83,-9999,-9999,2563,85440,2,1
42721,83,-9999,-9999,2563,85442,2,1
42722,83,-9999,-9999,2564,85444,2,1
42723,83,-9999,-9999,2564,85446,2,1
42724,83,-9999,-9999,2564,85448,2,1
42725,83,-9999,-9999,2564,85450,2,1
42726,83,-9999,-9999,2564,85452,2,1
42727,83,-9999,-9999,2564,85454,2,1
42728,83,-9999,-9999,2564,85456,2,1
42729,83,-9999,-9999,2564,85458,2,1
42730,83,-9999,-9999,2564,85460,2,1
42731,83,-9999,-9999,2564,85462,2,1
42732,83,-9999,-9999,2564,85464,2,1
42733,83,-9999,-9999,2564,85466,2,1
42734,83,628.3,164.5,2564,85468,2,1
42735,83,61.6,197.6,2564,85470,2,1
42736,83,61.6,197.6,2564,85472,2,1
42737,83,628.3,164.5,2564,85474,2,1
42738,83,628.3,164.6,2565,85476,2,1
42739,83,628.2,164.8,2565,85478,2,1
42740,83,628.2,165.1,2565,85480,2,1
42741,83,628.2,165.9,2565,85482,2,1
42742,83,628.2,166.6,2565,85484,2,1
42743,83,628.3,167.2,2565,85486,2,1
42744,83,628.6,167.9,2565,85488,2,1
42745,83,629.3,168.5,2565,85490,2,1
42746,83,629.9,169.3,2565,85492,2,1
42747,83,630.6,170.2,2565,85494,2,1
42748,83,631.2,170.9,2565,85496,2,1
42749,83,631.6,171.5,2565,85498,2,1
42750,83,631.8,172.1,2565,85500,2,1
42751,83,631.8,172.7,2565,85502,2,1
42752,83,631.4,173.2,2565,85504,2,1
42753,83,631.2,173.4,2565,85506,2,1
42754,83,630.9,173.5,2565,85508,2,1
42755,83,630.7,173.6,2566,85510,2,1
42756,83,630.7,173.7,2566,85512,2,1
42757,83,630.7,173.8,2566,85514,2,1
42758,83,630.3,173.9,2566,85516,2,1
42759,83,629.8,173.9,2566,85518,2,1
42760,83,629.2,174,2566,85520,2,1
42761,83,628.6,174.1,2566,85522,2,1
42762,83,628.2,174.1,2566,85524,2,1
42763,83,627.9,174.1,2566,85526,2,1
42764,83,628.2,174.1,2566,85528,2,1
42765,83,629.1,173.9,2566,85530,2,1
42766,83,629.9,173.7,2566,85532,2,1
42767,83,630.8,173.5,2566,85534,2,1
42768,83,631.1,173.4,2566,85536,2,1
42769,83,631.3,173.7,2566,85538,2,1
42770,83,631.3,174,2566,85540,2,1
42771,83,630.6,174.4,2566,85542,2,1
42772,83,629.9,174.6,2567,85544,2,1
42773,83,629.2,174.8,2567,85546,2,1
42774,83,628.5,174.7,2567,85548,2,1
42775,83,628.4,174.5,2567,85550,2,1
42776,83,628.3,174.2,2567,85552,2,1
42777,83,628.3,174,2567,85554,2,1
42778,83,628.3,173.8,2567,85556,2,1
42779,83,628.2,174.1,2567,85558,2,1
42780,83,628.2,174.3,2567,85560,2,1
42781,83,627.9,174.9,2567,85562,2,1
42782,83,627.6,175.4,2567,85564,2,1
42783,83,627.3,176.2,2567,85566,2,1
42784,83,627.1,176.9,2567,85568,2,1
42785,83,626.9,177.3,2567,85570,2,1
42786,83,626.8,177.2,2567,85572,2,1
42787,83,626.7,177,2567,85574,2,1
42788,83,626.9,176.8,2568,85576,2,1
42789,83,627.2,176.5,2568,85578,2,1
42790,83,627.7,176.3,2568,85580,2,1
42791,83,628.2,175.9,2568,85582,2,1
42792,83,628.7,175.8,2568,85584,2,1
42793,83,629.1,175.4,2568,85586,2,1
42794,83,629.5,175.1,2568,85588,2,1
42795,83,629.7,174.8,2568,85590,2,1
42796,83,629.3,174.3,2568,85592,2,1
42797,83,628.7,173.9,2568,85594,2,1
42798,83,628.1,173.3,2568,85596,2,1
42799,83,627.5,172.8,2568,85598,2,1
42800,83,626.8,172.7,2568,85600,2,1
42801,83,626.2,172.5,2568,85602,2,1
42802,83,625.7,172.4,2568,85604,2,1
42803,83,626.3,172.3,2568,85606,2,1
42804,83,626.8,172.2,2568,85608,2,1
42805,83,627.3,171.9,2569,85610,2,1
42806,83,627.9,171.6,2569,85612,2,1
42807,83,628.5,171.6,2569,85614,2,1
42808,83,629,171.8,2569,85616,2,1
42809,83,629.4,172.1,2569,85618,2,1
42810,83,629.2,173,2569,85620,2,1
42811,83,629,173.8,2569,85622,2,1
42812,83,628.8,174.4,2569,85624,2,1
42813,83,628.6,174.9,2569,85626,2,1
42814,83,628.3,175.5,2569,85628,2,1
42815,83,628.1,176.1,2569,85630,2,1
42816,83,628,176.4,2569,85632,2,1
42817,83,627.9,176.3,2569,85634,2,1
42818,83,628.1,176.3,2569,85636,2,1
42819,83,628.2,176.1,2569,85638,2,1
42820,83,628.4,175.9,2569,85640,2,1
42821,83,628.5,176,2569,85642,2,1
42822,83,628.6,176.1,2570,85644,2,1
42823,83,628.8,176.1,2570,85646,2,1
42824,83,628.9,176.1,2570,85648,2,1
42825,83,628.9,175.9,2570,85650,2,1
42826,83,628.9,175.7,2570,85652,2,1
42827,83,629,175.6,2570,85654,2,1
42828,83,629.1,175.6,2570,85656,2,1
42829,83,629.3,176,2570,85658,2,1
42830,83,629.5,176.2,2570,85660,2,1
42831,83,629.5,176.4,2570,85662,2,1
42832,83,629.4,176.3,2570,85664,2,1
42833,83,629.3,176.1,2570,85666,2,1
42834,83,629.3,176,2570,85668,2,1
42835,83,629.4,175.7,2570,85670,2,1
42836,83,629.6,175.2,2570,85672,2,1
42837,83,630.1,174.3,2570,85674,2,1
42838,83,630.7,173.7,2571,85676,2,1
42839,83,631.4,173.4,2571,85678,2,1
42840,83,631.9,173.1,2571,85680,2,1
42841,83,632.1,173.2,2571,85682,2,1
42842,83,632.1,173.3,2571,85684,2,1
42843,83,631.7,173.6,2571,85686,2,1
42844,83,630.9,174.4,2571,85688,2,1
42845,83,630.1,175.1,2571,85690,2,1
42846,83,629.4,175.8,2571,85692,2,1
42847,83,628.7,176.3,2571,85694,2,1
42848,83,628.2,176.6,2571,85696,2,1
42849,83,627.8,176.7,2571,85698,2,1
42850,83,627.9,176.7,2571,85700,2,1
42851,83,628.1,176.4,2571,85702,2,1
42852,83,628.5,175.7,2571,85704,2,1
42853,83,628.8,175.2,2571,85706,2,1
42854,83,629.3,174.8,2571,85708,2,1
42855,83,629.9,174.2,2572,85710,2,1
42856,83,630.2,173.7,2572,85712,2,1
42857,83,630.5,173.2,2572,85714,2,1
42858,83,630.7,172.9,2572,85716,2,1
42859,83,630.8,173.1,2572,85718,2,1
42860,83,630.9,173.3,2572,85720,2,1
42861,83,630.9,173.4,2572,85722,2,1
42862,83,631,173.7,2572,85724,2,1
42863,83,631.1,173.8,2572,85726,2,1
42864,83,631.2,173.9,2572,85728,2,1
42865,83,631.4,173.9,2572,85730,2,1
42866,83,631.6,174,2572,85732,2,1
42867,83,631.8,174.1,2572,85734,2,1
42868,83,631.7,174.2,2572,85736,2,1
42869,83,631.3,174.5,2572,85738,2,1
42870,83,631,174.7,2572,85740,2,1
42871,83,630.7,174.9,2572,85742,2,1
42872,83,630.4,175.2,2573,85744,2,1
42873,83,630.2,175.3,2573,85746,2,1
42874,83,629.9,175.4,2573,85748,2,1
42875,83,629.9,175.4,2573,85750,2,1
42876,83,630,175.3,2573,85752,2,1
42877,83,630.1,174.9,2573,85754,2,1
42878,83,630.1,174.5,2573,85756,2,1
42879,83,630,174.4,2573,85758,2,1
42880,83,629.8,174.4,2573,85760,2,1
42881,83,629.7,174.5,2573,85762,2,1
42882,83,629.5,174.7,2573,85764,2,1
42883,83,629.3,175,2573,85766,2,1
42884,83,629.2,175.1,2573,85768,2,1
42885,83,629,175.3,2573,85770,2,1
42886,83,628.9,175.1,2573,85772,2,1
42887,83,628.8,175,2573,85774,2,1
42888,83,628.5,174.9,2574,85776,2,1
42889,83,628.2,175.1,2574,85778,2,1
42890,83,628,175.4,2574,85780,2,1
42891,83,628,175.6,2574,85782,2,1
42892,83,628,175.9,2574,85784,2,1
42893,83,628.1,175.9,2574,85786,2,1
42894,83,628.2,175.9,2574,85788,2,1
42895,83,628.5,175.9,2574,85790,2,1
42896,83,628.9,175.7,2574,85792,2,1
42897,83,629.4,175.5,2574,85794,2,1
42898,83,629.7,175.3,2574,85796,2,1
42899,83,630.2,175.1,2574,85798,2,1
42900,83,630.6,174.8,2574,85800,2,1
42901,83,631.1,174.7,2574,85802,2,1
42902,83,631.6,174.4,2574,85804,2,1
42903,83,631.8,174.3,2574,85806,2,1
42904,83,631.8,173.8,2574,85808,2,1
42905,83,631.3,173.5,2575,85810,2,1
42906,83,630.8,173.1,2575,85812,2,1
42907,83,630.4,172.9,2575,85814,2,1
42908,83,630.5,172.8,2575,85816,2,1
42909,83,630.7,172.7,2575,85818,2,1
42910,83,631,172.6,2575,85820,2,1
42911,83,631.5,173,2575,85822,2,1
42912,83,632.3,173.7,2575,85824,2,1
42913,83,633,174,2575,85826,2,1
42914,83,633.7,174.1,2575,85828,2,1
42915,83,633.7,174.3,2575,85830,2,1
42916,83,633.3,174.5,2575,85832,2,1
42917,83,632.9,174.7,2575,85834,2,1
42918,83,632.4,174.9,2575,85836,2,1
42919,83,631.9,175.2,2575,85838,2,1
42920,83,631.5,175.4,2575,85840,2,1
42921,83,631.6,175.6,2575,85842,2,1
42922,83,631.9,175.6,2576,85844,2,1
42923,83,632.5,175.4,2576,85846,2,1
42924,83,633.1,175.3,2576,85848,2,1
42925,83,633.6,175.3,2576,85850,2,1
42926,83,634.3,174.7,2576,85852,2,1
42927,83,634.5,174.3,2576,85854,2,1
42928,83,634.1,173.8,2576,85856,2,1
42929,83,633.7,173.8,2576,85858,2,1
42930,83,633.3,173.4,2576,85860,2,1
42931,83,632.9,172.9,2576,85862,2,1
42932,83,632.5,172.3,2576,85864,2,1
42933,83,632,172.2,2576,85866,2,1
42934,83,631.8,172.1,2576,85868,2,1
42935,83,631.7,172.3,2576,85870,2,1
42936,83,631.6,172.6,2576,85872,2,1
42937,83,631.7,172.9,2576,85874,2,1
42938,83,631.7,173.1,2577,85876,2,1
42939,83,631.9,173.3,2577,85878,2,1
42940,83,632.1,173.4,2577,85880,2,1
42941,83,632.4,173.6,2577,85882,2,1
42942,83,632.7,173.4,2577,85884,2,1
42943,83,633,173.4,2577,85886,2,1
42944,83,633.1,173.2,2577,85888,2,1
42945,83,633.2,173.1,2577,85890,2,1
42946,83,633.1,173.2,2577,85892,2,1
42947,83,633.2,173.5,2577,85894,2,1
42948,83,633.2,173.7,2577,85896,2,1
42949,83,633.2,174.2,2577,85898,2,1
42950,83,633.1,174.7,2577,85900,2,1
42951,83,633,175,2577,85902,2,1
42952,83,633,174.9,2577,85904,2,1
42953,83,632.8,174.9,2577,85906,2,1
42954,83,632.7,174.9,2577,85908,2,1
42955,83,632.7,175.1,2578,85910,2,1
42956,83,632.7,175.3,2578,85912,2,1
42957,83,633.1,175.2,2578,85914,2,1
42958,83,633.5,175.1,2578,85916,2,1
42959,83,634,175.2,2578,85918,2,1
42960,83,634.5,175.4,2578,85920,2,1
42961,83,634.9,175.7,2578,85922,2,1
42962,83,635.3,176,2578,85924,2,1
42963,83,635.7,176,2578,85926,2,1
42964,83,635.7,175.9,2578,85928,2,1
42965,83,635.4,175.9,2578,85930,2,1
42966,83,635,175.9,2578,85932,2,1
42967,83,634.6,175.8,2578,85934,2,1
42968,83,634.3,175.6,2578,85936,2,1
42969,83,634,175.3,2578,85938,2,1
42970,83,633.8,175.1,2578,85940,2,1
42971,83,633.8,175.1,2578,85942,2,1
42972,83,634.1,175.1,2579,85944,2,1
42973,83,634.5,174.7,2579,85946,2,1
42974,83,634.8,174.4,2579,85948,2,1
42975,83,635,174.2,2579,85950,2,1
42976,83,635.1,173.9,2579,85952,2,1
42977,83,635.3,173.6,2579,85954,2,1
42978,83,635.4,172.9,2579,85956,2,1
42979,83,635.6,172.3,2579,85958,2,1
42980,83,635.8,171.8,2579,85960,2,1
42981,83,636,171.5,2579,85962,2,1
42982,83,636.1,171.4,2579,85964,2,1
42983,83,636.1,171.3,2579,85966,2,1
42984,83,636.1,171.3,2579,85968,2,1
42985,83,636,171.8,2579,85970,2,1
42986,83,635.8,172.3,2579,85972,2,1
42987,83,635.5,172.6,2579,85974,2,1
42988,83,635.3,172.8,2580,85976,2,1
42989,83,635,172.9,2580,85978,2,1
42990,83,634.7,172.9,2580,85980,2,1
42991,83,634.4,173,2580,85982,2,1
42992,83,634.2,172.8,2580,85984,2,1
42993,83,633.9,172.7,2580,85986,2,1
42994,83,633.7,172.7,2580,85988,2,1
42995,83,633.4,173,2580,85990,2,1
42996,83,633.2,173.4,2580,85992,2,1
42997,83,633.1,173.6,2580,85994,2,1
42998,83,633,173.9,2580,85996,2,1
42999,83,632.9,174,2580,85998,2,1
43000,83,632.8,174.1,2580,86000,2,1
43001,83,632.6,174,2580,86002,2,1
43002,83,632.4,173.9,2580,86004,2,1
43003,83,632.2,173.7,2580,86006,2,1
43004,83,632.2,174,2580,86008,2,1
43005,83,632.2,174.7,2581,86010,2,1
43006,83,632.3,175.2,2581,86012,2,1
43007,83,632.4,175.7,2581,86014,2,1
43008,83,632.8,176.1,2581,86016,2,1
43009,83,633.3,176.6,2581,86018,2,1
43010,83,633.8,177.1,2581,86020,2,1
43011,83,634.2,177.3,2581,86022,2,1
43012,83,634.5,177.3,2581,86024,2,1
43013,83,634.5,177.5,2581,86026,2,1
43014,83,634.3,177.5,2581,86028,2,1
43015,83,634,177.3,2581,86030,2,1
43016,83,633.9,177,2581,86032,2,1
43017,83,633.7,176.7,2581,86034,2,1
43018,83,633.5,176.4,2581,86036,2,1
43019,83,633.3,176,2581,86038,2,1
43020,83,633.3,175.3,2581,86040,2,1
43021,83,633.4,174.8,2581,86042,2,1
43022,83,633.5,174.5,2582,86044,2,1
43023,83,633.4,174.3,2582,86046,2,1
43024,83,633.4,174.3,2582,86048,2,1
43025,83,633.3,174.3,2582,86050,2,1
43026,83,633.2,174.8,2582,86052,2,1
43027,83,633.3,175.3,2582,86054,2,1
43028,83,633.4,176,2582,86056,2,1
43029,83,633.5,176.4,2582,86058,2,1
43030,83,633.6,176.9,2582,86060,2,1
43031,83,633.6,177.1,2582,86062,2,1
43032,83,633.5,177.3,2582,86064,2,1
43033,83,633.3,177.9,2582,86066,2,1
43034,83,633.1,178.2,2582,86068,2,1
43035,83,632.8,178.6,2582,86070,2,1
43036,83,632.6,178.9,2582,86072,2,1
43037,83,632.4,179.2,2582,86074,2,1
43038,83,632.4,179.5,2583,86076,2,1
43039,83,632.5,179.6,2583,86078,2,1
43040,83,632.9,179.5,2583,86080,2,1
43041,83,633.3,179.5,2583,86082,2,1
43042,83,633.7,179.6,2583,86084,2,1
43043,83,634,179.8,2583,86086,2,1
43044,83,634.4,179.8,2583,86088,2,1
43045,83,634.7,179.8,2583,86090,2,1
43046,83,634.9,179.8,2583,86092,2,1
43047,83,635,179.8,2583,86094,2,1
43048,83,635,179.8,2583,86096,2,1
43049,83,634.8,179.5,2583,86098,2,1
43050,83,634.6,179.3,2583,86100,2,1
43051,83,634.4,178.8,2583,86102,2,1
43052,83,634.2,178.3,2583,86104,2,1
43053,83,634,178,2583,86106,2,1
43054,83,633.9,177.8,2583,86108,2,1
43055,83,633.7,177.6,2584,86110,2,1
43056,83,633.8,177.3,2584,86112,2,1
43057,83,633.9,177,2584,86114,2,1
43058,83,634,177,2584,86116,2,1
43059,83,634.2,177,2584,86118,2,1
43060,83,634.3,177.3,2584,86120,2,1
43061,83,634.5,177.5,2584,86122,2,1
43062,83,634.6,177.6,2584,86124,2,1
43063,83,634.6,177.7,2584,86126,2,1
43064,83,634.5,177.9,2584,86128,2,1
43065,83,634.4,178.2,2584,86130,2,1
43066,83,634.4,178.3,2584,86132,2,1
43067,83,634.5,178.5,2584,86134,2,1
43068,83,634.7,178.5,2584,86136,2,1
43069,83,634.8,178.5,2584,86138,2,1
43070,83,635.1,178.5,2584,86140,2,1
43071,83,635,178.4,2584,86142,2,1
43072,83,634.8,178.5,2584,86144,2,1
43073,83,634.6,178.5,2584,86146,2,1
43074,83,634.7,178.6,2584,86148,2,1
43075,83,634.8,178.5,2584,86150,2,1
43076,83,634.9,178.4,2584,86152,2,1
43077,83,635.1,178.3,2584,86154,2,1
43078,83,635.8,178.1,2584,86156,2,1
43079,83,636.4,178.2,2584,86158,2,1
43080,83,636.9,178.4,2584,86160,2,1
43081,83,636.8,178.9,2584,86162,2,1
43082,83,636.6,179.2,2584,86164,2,1
43083,83,636.5,179.5,2584,86166,2,1
43084,83,636.3,179.4,2584,86168,2,1
43085,83,636.1,179.5,2584,86170,2,1
43086,83,636,179.6,2584,86172,2,1
43087,83,635.9,180.1,2584,86174,2,1
43088,83,635.9,180.6,2584,86176,2,1
43089,83,635.8,181.1,2584,86178,2,1
43090,83,635.7,181.4,2584,86180,2,1
43091,83,635.5,182,2584,86182,2,1
43092,83,635.2,182.7,2584,86184,2,1
43093,83,634.7,183.6,2584,86186,2,1
43094,83,634.2,184.5,2584,86188,2,1
43095,83,633.8,184.8,2584,86190,2,1
43096,83,633.5,184.9,2584,86192,2,1
43097,83,633.3,185,2584,86194,2,1
43098,83,633.3,185,2584,86196,2,1
43099,83,633.3,185.2,2584,86198,2,1
43100,83,633.4,185.6,2584,86200,2,1
43101,83,633.4,186.1,2584,86202,2,1
43102,83,633.6,186.3,2584,86204,2,1
43103,83,633.8,186.4,2584,86206,2,1
43104,83,633.9,186.5,2584,86208,2,1
43105,83,634.1,186.6,2586,86210,2,1
43106,83,634.3,186.4,2586,86212,2,1
43107,83,634.5,186.4,2586,86214,2,1
43108,83,635.1,186.6,2586,86216,2,1
43109,83,635.5,186.5,2586,86218,2,1
43110,83,635.7,186.7,2586,86220,2,1
43111,83,635.9,187.1,2586,86222,2,1
43112,83,636.2,187.4,2586,86224,2,1
43113,83,636.3,188.1,2587,86226,2,1
43114,83,636.3,188.7,2587,86228,2,1
43115,83,636.2,189.2,2587,86230,2,1
43116,83,636.2,189.6,2587,86232,2,1
43117,83,636.4,189.5,2587,86234,2,1
43118,83,636.5,189.2,2587,86236,2,1
43119,83,636.8,188.9,2587,86238,2,1
43120,83,637.2,188.6,2587,86240,2,1
43121,83,637.6,188.6,2587,86242,2,1
43122,83,637.7,188.3,2588,86244,2,1
43123,83,637.7,188.2,2588,86246,2,1
43124,83,637.6,188.2,2588,86248,2,1
43125,83,638.1,188.1,2588,86250,2,1
43126,83,638.4,188.2,2588,86252,2,1
43127,83,638.6,188.4,2588,86254,2,1
43128,83,638.8,188.5,2588,86256,2,1
43129,83,639.2,188.6,2588,86258,2,1
43130,83,639.6,188.7,2588,86260,2,1
43131,83,640,188.8,2588,86262,2,1
43132,83,639.8,189,2588,86264,2,1
43133,83,639.6,189.4,2588,86266,2,1
43134,83,639.6,189.5,2588,86268,2,1
43135,83,639.8,189.5,2588,86270,2,1
43136,83,640,189.6,2588,86272,2,1
43137,83,640.5,190,2588,86274,2,1
43138,83,641.1,191.4,2589,86276,2,1
43139,83,644.5,194,2589,86278,2,1
43140,83,647.7,198.9,2589,86280,2,1
43141,83,653.4,205.6,2589,86282,2,1
43142,83,660,216.8,2589,86284,2,1
43143,83,668.6,229.1,2589,86286,2,1
43144,83,679.1,242.2,2589,86288,2,1
43145,83,690.5,255.6,2589,86290,2,1
43146,83,699.3,268,2589,86292,2,1
43147,83,709.7,278,2589,86294,2,1
43148,83,717.4,286.1,2589,86296,2,1
43149,83,724.1,289.5,2589,86298,2,1
43150,83,728.8,291.4,2589,86300,2,1
43151,83,731.5,291.9,2589,86302,2,1
43152,83,733,291,2589,86304,2,1
43153,83,734.6,289.9,2589,86306,2,1
43154,83,734.9,288.7,2589,86308,2,1
43155,83,735.5,288.1,2590,86310,2,1
43156,83,736.2,287.5,2590,86312,2,1
43157,83,736.9,288.2,2590,86314,2,1
43158,83,737.6,289.4,2590,86316,2,1
43159,83,738.3,291,2590,86318,2,1
43160,83,739.4,293.2,2590,86320,2,1
43161,83,740.4,295.2,2590,86322,2,1
43162,83,741,297.2,2590,86324,2,1
43163,83,741.4,299.1,2590,86326,2,1
43164,83,741.5,299.9,2590,86328,2,1
43165,83,741.6,300.6,2590,86330,2,1
43166,83,741.8,300.8,2590,86332,2,1
43167,83,741.4,300.5,2590,86334,2,1
43168,83,741,300.3,2590,86336,2,1
43169,83,740.8,300.2,2590,86338,2,1
43170,83,740.7,300,2590,86340,2,1
43171,83,740.6,300,2590,86342,2,1
43172,83,740.7,300,2591,86344,2,1
43173,83,740.8,300.1,2591,86346,2,1
43174,83,740.9,300.3,2591,86348,2,1
43175,83,740.9,300.6,2591,86350,2,1
43176,83,740.9,300.7,2591,86352,2,1
43177,83,740.9,300.9,2591,86354,2,1
43178,83,740.8,301.1,2591,86356,2,1
43179,83,740.8,301.4,2591,86358,2,1
43180,83,740.9,301.6,2591,86360,2,1
43181,83,741.1,301.6,2591,86362,2,1
43182,83,741.4,301.4,2591,86364,2,1
43183,83,741.7,301.2,2591,86366,2,1
43184,83,741.9,300.9,2591,86368,2,1
43185,83,742,300.7,2591,86370,2,1
43186,83,742.1,300.5,2591,86372,2,1
43187,83,742,300.4,2591,86374,2,1
43188,83,741.8,300.5,2592,86376,2,1
43189,83,741.6,300.8,2592,86378,2,1
43190,83,741.6,301.1,2592,86380,2,1
43191,83,741.8,301.3,2592,86382,2,1
43192,83,742,301.4,2592,86384,2,1
43193,83,742.2,301.7,2592,86386,2,1
43194,83,742.4,301.9,2592,86388,2,1
43195,83,742.5,302,2592,86390,2,1
43196,83,742.5,302.2,2592,86392,2,1
43197,83,742.9,302.1,2592,86394,2,1
43198,83,743.3,302,2592,86396,2,1
43199,83,743.8,301.8,2592,86398,2,1
43200,83,744.2,301.7,2592,86400,2,1
43201,83,744.5,301.7,2592,86402,2,1
43202,83,744.4,301.7,2592,86404,2,1
43203,83,744.3,301.7,2592,86406,2,1
43204,83,743.7,301.6,2592,86408,2,1
43205,83,743.8,301.5,2593,86410,2,1
43206,83,743.9,301.5,2593,86412,2,1
43207,83,743.9,301.5,2593,86414,2,1
43208,83,744,301.5,2593,86416,2,1
43209,83,744.6,301.3,2593,86418,2,1
43210,83,745.2,301,2593,86420,2,1
43211,83,745.6,300.8,2593,86422,2,1
43212,83,745.1,300.7,2593,86424,2,1
43213,83,744.7,300.7,2593,86426,2,1
43214,83,744.3,300.7,2593,86428,2,1
43215,83,744.1,300.6,2593,86430,2,1
43216,83,744.3,300.5,2593,86432,2,1
43217,83,744.4,300.5,2593,86434,2,1
43218,83,744.7,300.6,2593,86436,2,1
43219,83,744.9,300.8,2593,86438,2,1
43220,83,744.8,301,2593,86440,2,1
43221,83,744.5,301.3,2593,86442,2,1
43222,83,744.1,301.3,2594,86444,2,1
43223,83,743.3,301.2,2594,86446,2,1
43224,83,742.7,301.1,2594,86448,2,1
43225,83,742.2,301,2594,86450,2,1
43226,83,742.1,300.9,2594,86452,2,1
43227,83,743,300.8,2594,86454,2,1
43228,83,744,300.6,2594,86456,2,1
43229,83,745,300.4,2594,86458,2,1
43230,83,745.8,300.2,2594,86460,2,1
43231,83,746.4,300,2594,86462,2,1
43232,83,747,299.8,2594,86464,2,1
43233,83,747.1,299.6,2594,86466,2,1
43234,83,746.6,299.4,2594,86468,2,1
43235,83,746.1,298.9,2594,86470,2,1
43236,83,745.5,298.4,2594,86472,2,1
43237,83,745.2,298,2594,86474,2,1
43238,83,744.9,297.6,2595,86476,2,1
43239,83,744.6,297.1,2595,86478,2,1
43240,83,744.9,296.6,2595,86480,2,1
43241,83,745.2,296.1,2595,86482,2,1
43242,83,745.5,296,2595,86484,2,1
43243,83,745.9,296,2595,86486,2,1
43244,83,746.1,295.9,2595,86488,2,1
43245,83,746.2,295.9,2595,86490,2,1
43246,83,746.2,295.9,2595,86492,2,1
43247,83,745.8,295.9,2595,86494,2,1
43248,83,745.4,295.9,2595,86496,2,1
43249,83,745,295.9,2595,86498,2,1
43250,83,744.4,296,2595,86500,2,1
43251,83,744,296,2595,86502,2,1
43252,83,743.6,295.9,2595,86504,2,1
43253,83,743.2,295.8,2595,86506,2,1
43254,83,742.7,295.7,2595,86508,2,1
43255,83,742.3,295.7,2596,86510,2,1
43256,83,741.8,296,2596,86512,2,1
43257,83,741.5,296.3,2596,86514,2,1
43258,83,741.3,296.6,2596,86516,2,1
43259,83,741.1,297.2,2596,86518,2,1
43260,83,741.1,297.7,2596,86520,2,1
43261,83,741.2,298.4,2596,86522,2,1
43262,83,741.3,299,2596,86524,2,1
43263,83,741.7,299.4,2596,86526,2,1
43264,83,742,299.8,2596,86528,2,1
43265,83,742.4,300.1,2596,86530,2,1
43266,83,743.1,300.2,2596,86532,2,1
43267,83,743.7,299.8,2596,86534,2,1
43268,83,744.3,299.3,2596,86536,2,1
43269,83,744.7,298.7,2596,86538,2,1
43270,83,744.8,298.2,2596,86540,2,1
43271,83,744.9,297.8,2596,86542,2,1
43272,83,744.9,297.5,2597,86544,2,1
43273,83,744.6,297.1,2597,86546,2,1
43274,83,744.3,297.1,2597,86548,2,1
43275,83,744,297.1,2597,86550,2,1
43276,83,743.9,297.3,2597,86552,2,1
43277,83,743.8,297.5,2597,86554,2,1
43278,83,743.6,297.7,2597,86556,2,1
43279,83,743.5,297.8,2597,86558,2,1
43280,83,743.3,298.6,2597,86560,2,1
43281,83,743,299.3,2597,86562,2,1
43282,83,742.8,300,2597,86564,2,1
43283,83,742.3,300.6,2597,86566,2,1
43284,83,742,301.2,2597,86568,2,1
43285,83,741.6,301.7,2597,86570,2,1
43286,83,741.3,302.3,2597,86572,2,1
43287,83,741.1,302.2,2597,86574,2,1
43288,83,741.5,301.7,2598,86576,2,1
43289,83,742,301.1,2598,86578,2,1
43290,83,742.7,300.2,2598,86580,2,1
43291,83,743.4,299.1,2598,86582,2,1
43292,83,744.1,298.3,2598,86584,2,1
43293,83,744.6,297.6,2598,86586,2,1
43294,83,745,297,2598,86588,2,1
43295,83,744.2,296.7,2598,86590,2,1
43296,83,743.2,296.4,2598,86592,2,1
43297,83,742.3,296.4,2598,86594,2,1
43298,83,741.3,296.5,2598,86596,2,1
43299,83,740.2,296.6,2598,86598,2,1
43300,83,739.1,296.8,2598,86600,2,1
43301,83,738.1,297.1,2598,86602,2,1
43302,83,737.7,297.2,2598,86604,2,1
43303,83,737.4,297.4,2598,86606,2,1
43304,83,737,297.6,2598,86608,2,1
43305,83,736.6,297.9,2599,86610,2,1
43306,83,736.3,298.2,2599,86612,2,1
43307,83,736.2,298.4,2599,86614,2,1
43308,83,736.4,299.1,2599,86616,2,1
43309,83,736.6,299.7,2599,86618,2,1
43310,83,736.9,300.2,2599,86620,2,1
43311,83,737.2,300.5,2599,86622,2,1
43312,83,737.6,300.7,2599,86624,2,1
43313,83,737.7,300.8,2599,86626,2,1
43314,83,737.9,300.8,2599,86628,2,1
43315,83,737.7,300.1,2599,86630,2,1
43316,83,737.5,299.5,2599,86632,2,1
43317,83,737.4,299.1,2599,86634,2,1
43318,83,737.3,298.9,2599,86636,2,1
43319,83,737.2,298.6,2599,86638,2,1
43320,83,737.1,298.3,2599,86640,2,1
43321,83,737.1,298.2,2599,86642,2,1
43322,83,737.1,298.4,2600,86644,2,1
43323,83,737,299.1,2600,86646,2,1
43324,83,737.1,300,2600,86648,2,1
43325,83,737.3,300.7,2600,86650,2,1
43326,83,737.4,301.5,2600,86652,2,1
43327,83,737.7,302.4,2600,86654,2,1
43328,83,738.2,302.9,2600,86656,2,1
43329,83,738.6,303.2,2600,86658,2,1
43330,83,739.1,302.9,2600,86660,2,1
43331,83,739.4,302.5,2600,86662,2,1
43332,83,739.7,302.1,2600,86664,2,1
43333,83,739.9,301.7,2600,86666,2,1
43334,83,740.1,301.3,2600,86668,2,1
43335,83,740.2,300.8,2600,86670,2,1
43336,83,740.2,300.5,2600,86672,2,1
43337,83,740.1,300.2,2600,86674,2,1
43338,83,739.4,300,2601,86676,2,1
43339,83,738.7,300,2601,86678,2,1
43340,83,738.1,300,2601,86680,2,1
43341,83,737.3,300.2,2601,86682,2,1
43342,83,736.5,300.4,2601,86684,2,1
43343,83,735.7,300.6,2601,86686,2,1
43344,83,735,300.6,2601,86688,2,1
43345,83,734.9,300.5,2601,86690,2,1
43346,83,734.8,300.3,2601,86692,2,1
43347,83,734.9,299.9,2601,86694,2,1
43348,83,735,299.6,2601,86696,2,1
43349,83,735.7,299.2,2601,86698,2,1
43350,83,736.4,298.9,2601,86700,2,1
43351,83,737.1,298.9,2601,86702,2,1
43352,83,737.8,298.9,2601,86704,2,1
43353,83,738.4,298.8,2601,86706,2,1
43354,83,738.9,298.7,2601,86708,2,1
43355,83,739.3,298.6,2602,86710,2,1
43356,83,739.2,298.4,2602,86712,2,1
43357,83,738.8,298.3,2602,86714,2,1
43358,83,738.5,297.8,2602,86716,2,1
43359,83,738.3,297.4,2602,86718,2,1
43360,83,738.1,297,2602,86720,2,1
43361,83,738.3,296.5,2602,86722,2,1
43362,83,738.5,296,2602,86724,2,1
43363,83,738.8,295.2,2602,86726,2,1
43364,83,739.3,294.4,2602,86728,2,1
43365,83,739.7,293.7,2602,86730,2,1
43366,83,740,293.2,2602,86732,2,1
43367,83,740.2,291.5,2602,86734,2,1
43368,83,740.3,288.8,2602,86736,2,1
43369,83,740.3,286.2,2602,86738,2,1
43370,83,740.4,283.7,2602,86740,2,1
43371,83,742.1,280.7,2602,86742,2,1
43372,83,743.8,277.4,2603,86744,2,1
43373,83,746,273.6,2603,86746,2,1
43374,83,748,271.6,2603,86748,2,1
43375,83,750.3,271.2,2603,86750,2,1
43376,83,752.8,273.3,2603,86752,2,1
43377,83,755.2,275.9,2603,86754,2,1
43378,83,755.9,282.1,2603,86756,2,1
43379,83,756.5,288.9,2603,86758,2,1
43380,83,756.2,301.3,2603,86760,2,1
43381,83,754.9,316.5,2603,86762,2,1
43382,83,753,336.9,2603,86764,2,1
43383,83,750.3,363.4,2603,86766,2,1
43384,83,747.2,395.8,2603,86768,2,1
43385,83,743.1,437.1,2603,86770,2,1
43386,83,736.8,485.3,2603,86772,2,1
43387,83,730.3,531.8,2603,86774,2,1
43388,83,732.9,582.1,2604,86776,2,1
43389,83,743.9,639,2604,86778,2,1
43390,83,789,725.9,2604,86780,2,1
43391,83,841.1,813.8,2604,86782,2,1
43392,83,897.1,896.3,2604,86784,2,1
43393,83,958.5,979.7,2604,86786,2,1
43394,83,1025.7,-9999,2604,86788,2,1
43395,83,1088.9,-9999,2604,86790,2,1
43396,83,1145.4,-9999,2604,86792,2,1
43397,83,1160.8,-9999,2604,86794,2,1
43398,83,1163.8,-9999,2604,86796,2,1
43399,83,1159.8,-9999,2604,86798,2,1
43400,83,1157.1,-9999,2604,86800,2,1
43401,83,-9999,-9999,2604,86802,2,1
43402,83,-9999,-9999,2604,86804,2,1
43403,83,-9999,-9999,2604,86806,2,1
43404,83,-9999,-9999,2604,86808,2,1
43405,83,-9999,-9999,2605,86810,2,1
43406,83,-9999,-9999,2605,86812,2,1
43407,83,-9999,-9999,2605,86814,2,1
43408,83,-9999,-9999,2605,86816,2,1
43409,83,-9999,-9999,2605,86818,2,1
43410,83,-9999,-9999,2605,86820,2,1
43411,83,-9999,-9999,2605,86822,2,1
43412,83,-9999,-9999,2605,86824,2,1
43413,83,-9999,-9999,2605,86826,2,1
43414,83,-9999,-9999,2605,86828,2,1
43415,83,1173.6,-9999,2605,86830,2,1
43416,83,1153.8,-9999,2605,86832,2,1
43417,83,1128,-9999,2605,86834,2,1
43418,83,1053.5,-9999,2605,86836,2,1
43419,83,981.3,-9999,2605,86838,2,1
43420,83,903,1007.3,2605,86840,2,1
43421,83,830.3,919.3,2605,86842,2,1
43422,83,763.7,829.3,2606,86844,2,1
43423,83,710.6,746.6,2606,86846,2,1
43424,83,666.3,666.2,2606,86848,2,1
43425,83,662.8,613.3,2606,86850,2,1
43426,83,663.2,555.5,2606,86852,2,1
43427,83,671.8,505.9,2606,86854,2,1
43428,83,680.2,467.4,2606,86856,2,1
43429,83,689.2,432.3,2606,86858,2,1
43430,83,698.4,393.9,2606,86860,2,1
43431,83,707.1,360.6,2606,86862,2,1
43432,83,712.7,338.7,2606,86864,2,1
43433,83,715.3,322.8,2606,86866,2,1
43434,83,717.8,307.4,2606,86868,2,1
43435,83,721.2,292,2606,86870,2,1
43436,83,723.6,280.6,2606,86872,2,1
43437,83,725.7,273,2606,86874,2,1
43438,83,727.5,268.6,2607,86876,2,1
43439,83,729.3,264.2,2607,86878,2,1
43440,83,730.5,261.3,2607,86880,2,1
43441,83,731.7,258.7,2607,86882,2,1
43442,83,731.5,257.3,2607,86884,2,1
43443,83,730.6,257.3,2607,86886,2,1
43444,83,729.7,257.5,2607,86888,2,1
43445,83,728.4,257.7,2607,86890,2,1
43446,83,727.3,258,2607,86892,2,1
43447,83,726.3,258.4,2607,86894,2,1
43448,83,726,257.4,2607,86896,2,1
43449,83,726.1,256.2,2607,86898,2,1
43450,83,726.6,255,2607,86900,2,1
43451,83,726.9,253.8,2607,86902,2,1
43452,83,727.1,253.1,2607,86904,2,1
43453,83,727.1,253,2607,86906,2,1
43454,83,726.8,253,2607,86908,2,1
43455,83,725.7,254.4,2608,86910,2,1
43456,83,724.6,255.9,2608,86912,2,1
43457,83,723.6,258,2608,86914,2,1
43458,83,722.9,259.8,2608,86916,2,1
43459,83,722.8,261.4,2608,86918,2,1
43460,83,722.9,262.4,2608,86920,2,1
43461,83,723,263.1,2608,86922,2,1
43462,83,723.4,263.6,2608,86924,2,1
43463,83,723.6,264.2,2608,86926,2,1
43464,83,723.8,264.6,2608,86928,2,1
43465,83,723.8,265,2608,86930,2,1
43466,83,723.6,265.4,2608,86932,2,1
43467,83,723.3,265.7,2608,86934,2,1
43468,83,722.6,266.3,2608,86936,2,1
43469,83,721.9,267,2608,86938,2,1
43470,83,721.3,268.1,2608,86940,2,1
43471,83,720.7,269.4,2608,86942,2,1
43472,83,720.1,270.9,2609,86944,2,1
43473,83,719.3,272.4,2609,86946,2,1
43474,83,718.6,273.8,2609,86948,2,1
43475,83,718.3,275,2609,86950,2,1
43476,83,717.8,276,2609,86952,2,1
43477,83,717.4,276.4,2609,86954,2,1
43478,83,717,276.9,2609,86956,2,1
43479,83,716.8,277.1,2609,86958,2,1
43480,83,716.6,277.3,2609,86960,2,1
43481,83,716.5,277.5,2609,86962,2,1
43482,83,716.3,277.6,2609,86964,2,1
43483,83,716.4,277.5,2609,86966,2,1
43484,83,716.4,277.5,2609,86968,2,1
43485,83,716.4,277.6,2609,86970,2,1
43486,83,716.4,277.5,2609,86972,2,1
43487,83,716.3,277.3,2609,86974,2,1
43488,83,716.2,277.1,2610,86976,2,1
43489,83,715.9,277.6,2610,86978,2,1
43490,83,715.6,278.8,2610,86980,2,1
43491,83,715.1,280.3,2610,86982,2,1
43492,83,714.5,282.4,2610,86984,2,1
43493,83,713.9,284.9,2610,86986,2,1
43494,83,713.1,287.6,2610,86988,2,1
43495,83,712.4,290.4,2610,86990,2,1
43496,83,711.7,292.4,2610,86992,2,1
43497,83,711.1,294.2,2610,86994,2,1
43498,83,710.5,295.8,2610,86996,2,1
43499,83,710.1,296.7,2610,86998,2,1
43500,83,709.7,297.1,2610,87000,2,1
43501,83,709.6,297.4,2610,87002,2,1
43502,83,709.5,297.8,2610,87004,2,1
43503,83,709.5,298.2,2610,87006,2,1
43504,83,709.6,298.7,2610,87008,2,1
43505,83,709.8,299.1,2611,87010,2,1
43506,83,709.9,299.6,2611,87012,2,1
43507,83,710,300.2,2611,87014,2,1
43508,83,710.1,300.8,2611,87016,2,1
43509,83,710.2,301.2,2611,87018,2,1
43510,83,710.3,301.6,2611,87020,2,1
43511,83,710.5,301.9,2611,87022,2,1
43512,83,710.5,302.4,2611,87024,2,1
43513,83,710.1,303.1,2611,87026,2,1
43514,83,709.9,303.9,2611,87028,2,1
43515,83,709.8,304.7,2611,87030,2,1
43516,83,709.6,305.4,2611,87032,2,1
43517,83,709.3,305.9,2611,87034,2,1
43518,83,708.8,306.7,2611,87036,2,1
43519,83,708.2,307.5,2611,87038,2,1
43520,83,708,308,2611,87040,2,1
43521,83,707.8,308.3,2611,87042,2,1
43522,83,707.5,308.3,2612,87044,2,1
43523,83,707.6,308.1,2612,87046,2,1
43524,83,707.8,307.9,2612,87048,2,1
43525,83,708.1,307.8,2612,87050,2,1
43526,83,708.5,307.5,2612,87052,2,1
43527,83,708.9,307.4,2612,87054,2,1
43528,83,709,307.5,2612,87056,2,1
43529,83,709.1,307.6,2612,87058,2,1
43530,83,708.7,308,2612,87060,2,1
43531,83,708.5,308.4,2612,87062,2,1
43532,83,708.3,308.6,2612,87064,2,1
43533,83,708.2,308.8,2612,87066,2,1
43534,83,708.1,308.9,2612,87068,2,1
43535,83,708.2,309,2612,87070,2,1
43536,83,708.4,309.9,2612,87072,2,1
43537,83,708.7,310.6,2612,87074,2,1
43538,83,708.9,311.3,2613,87076,2,1
43539,83,709,312.1,2613,87078,2,1
43540,83,709.1,312.8,2613,87080,2,1
43541,83,709.2,313.4,2613,87082,2,1
43542,83,709.1,313.9,2613,87084,2,1
43543,83,709.2,313.6,2613,87086,2,1
43544,83,709.1,313.3,2613,87088,2,1
43545,83,709.2,313.1,2613,87090,2,1
43546,83,709.6,312.9,2613,87092,2,1
43547,83,710,312.8,2613,87094,2,1
43548,83,710.4,312.9,2613,87096,2,1
43549,83,710.8,313,2613,87098,2,1
43550,83,711.2,313,2613,87100,2,1
43551,83,711.6,313.1,2613,87102,2,1
43552,83,711.8,313.2,2613,87104,2,1
43553,83,711.7,313.3,2613,87106,2,1
43554,83,711.6,313.3,2613,87108,2,1
43555,83,711.5,313.3,2614,87110,2,1
43556,83,711.3,313.3,2614,87112,2,1
43557,83,710.7,313.3,2614,87114,2,1
43558,83,710.1,313.3,2614,87116,2,1
43559,83,709.6,313.3,2614,87118,2,1
43560,83,709.1,313.3,2614,87120,2,1
43561,83,708.8,313.3,2614,87122,2,1
43562,83,708.5,313.3,2614,87124,2,1
43563,83,708.4,313.5,2614,87126,2,1
43564,83,708.7,313.6,2614,87128,2,1
43565,83,709,313.6,2614,87130,2,1
43566,83,709.4,313.7,2614,87132,2,1
43567,83,710,313.7,2614,87134,2,1
43568,83,710.6,313.8,2614,87136,2,1
43569,83,711.2,314,2614,87138,2,1
43570,83,711.8,314.1,2614,87140,2,1
43571,83,712.3,314.4,2614,87142,2,1
43572,83,712.7,314.7,2615,87144,2,1
43573,83,712.8,314.8,2615,87146,2,1
43574,83,712.6,314.7,2615,87148,2,1
43575,83,712.1,314.6,2615,87150,2,1
43576,83,711.5,314.7,2615,87152,2,1
43577,83,710.9,315.2,2615,87154,2,1
43578,83,710.7,315.4,2615,87156,2,1
43579,83,710.6,315.6,2615,87158,2,1
43580,83,710.6,315.3,2615,87160,2,1
43581,83,710.9,315.2,2615,87162,2,1
43582,83,711,314.9,2615,87164,2,1
43583,83,711.2,314.5,2615,87166,2,1
43584,83,710.7,313.7,2615,87168,2,1
43585,83,709.9,312.9,2615,87170,2,1
43586,83,709.1,312.7,2615,87172,2,1
43587,83,708.7,312.8,2615,87174,2,1
43588,83,708.2,313.2,2616,87176,2,1
43589,83,707.9,313.4,2616,87178,2,1
43590,83,707.6,313.7,2616,87180,2,1
43591,83,707.8,313.8,2616,87182,2,1
43592,83,707.9,314.1,2616,87184,2,1
43593,83,708.1,314.1,2616,87186,2,1
43594,83,707.9,314.2,2616,87188,2,1
43595,83,707.7,314.2,2616,87190,2,1
43596,83,707.5,314.3,2616,87192,2,1
43597,83,707.4,314.3,2616,87194,2,1
43598,83,707.4,314.4,2616,87196,2,1
43599,83,707.4,314.5,2616,87198,2,1
43600,83,707.6,314.6,2616,87200,2,1
43601,83,707.7,314.8,2616,87202,2,1
43602,83,707.9,315,2616,87204,2,1
43603,83,708.1,315.1,2616,87206,2,1
43604,83,708.2,315.4,2616,87208,2,1
43605,83,708.4,315.7,2617,87210,2,1
43606,83,708.6,316,2617,87212,2,1
43607,83,708.6,316.2,2617,87214,2,1
43608,83,708.7,316.2,2617,87216,2,1
43609,83,708.7,316.3,2617,87218,2,1
43610,83,708.8,316.4,2617,87220,2,1
43611,83,708.8,316.5,2617,87222,2,1
43612,83,708.6,316.8,2617,87224,2,1
43613,83,708.5,317.1,2617,87226,2,1
43614,83,708.5,317.3,2617,87228,2,1
43615,83,708.5,317.6,2617,87230,2,1
43616,83,708.5,317.8,2617,87232,2,1
43617,83,708.5,317.9,2617,87234,2,1
43618,83,708.6,317.5,2617,87236,2,1
43619,83,708.7,316.9,2617,87238,2,1
43620,83,708.6,316.5,2617,87240,2,1
43621,83,708.4,316,2617,87242,2,1
43622,83,708.2,315.9,2618,87244,2,1
43623,83,708,315.9,2618,87246,2,1
43624,83,707.8,316,2618,87248,2,1
43625,83,707.6,316.5,2618,87250,2,1
43626,83,707.6,317,2618,87252,2,1
43627,83,708,317.5,2618,87254,2,1
43628,83,708.4,318,2618,87256,2,1
43629,83,708.9,318.5,2618,87258,2,1
43630,83,709.3,318.9,2618,87260,2,1
43631,83,709.8,319.3,2618,87262,2,1
43632,83,710.2,319.4,2618,87264,2,1
43633,83,710.6,319.5,2618,87266,2,1
43634,83,710.6,319.5,2618,87268,2,1
43635,83,710.4,319.6,2618,87270,2,1
43636,83,710.3,319.5,2618,87272,2,1
43637,83,710.2,319.4,2618,87274,2,1
43638,83,710.1,319.2,2619,87276,2,1
43639,83,710.1,319.2,2619,87278,2,1
43640,83,710.2,319.2,2619,87280,2,1
43641,83,710.4,319.1,2619,87282,2,1
43642,83,710.9,318.9,2619,87284,2,1
43643,83,711.4,318.7,2619,87286,2,1
43644,83,711.9,318.6,2619,87288,2,1
43645,83,712.3,318.4,2619,87290,2,1
43646,83,712.6,318.3,2619,87292,2,1
43647,83,712.6,318.2,2619,87294,2,1
43648,83,712.6,318.1,2619,87296,2,1
43649,83,712.4,318.1,2619,87298,2,1
43650,83,712.2,318.2,2619,87300,2,1
43651,83,711.9,318.3,2619,87302,2,1
43652,83,711.8,318.2,2619,87304,2,1
43653,83,711.8,317.9,2619,87306,2,1
43654,83,712.1,317.7,2619,87308,2,1
43655,83,712.4,317.7,2620,87310,2,1
43656,83,712.7,318,2620,87312,2,1
43657,83,713,318.3,2620,87314,2,1
43658,83,713.1,318.6,2620,87316,2,1
43659,83,713.1,318.9,2620,87318,2,1
43660,83,713.1,319.2,2620,87320,2,1
43661,83,712.9,319.2,2620,87322,2,1
43662,83,712.7,318.9,2620,87324,2,1
43663,83,712.5,318.6,2620,87326,2,1
43664,83,712.2,318.2,2620,87328,2,1
43665,83,712,317.8,2620,87330,2,1
43666,83,712,317.5,2620,87332,2,1
43667,83,711.9,317.1,2620,87334,2,1
43668,83,711.6,317,2620,87336,2,1
43669,83,711.4,317.1,2620,87338,2,1
43670,83,711.2,317.2,2620,87340,2,1
43671,83,711.1,317.3,2620,87342,2,1
43672,83,711,317.5,2621,87344,2,1
43673,83,710.9,317.7,2621,87346,2,1
43674,83,711,317.9,2621,87348,2,1
43675,83,711.2,318,2621,87350,2,1
43676,83,711.5,318.1,2621,87352,2,1
43677,83,711.7,318,2621,87354,2,1
43678,83,711.8,317.9,2621,87356,2,1
43679,83,711.9,317.9,2621,87358,2,1
43680,83,711.8,317.8,2621,87360,2,1
43681,83,711.7,317.8,2621,87362,2,1
43682,83,711.4,317.7,2621,87364,2,1
43683,83,711.1,317.7,2621,87366,2,1
43684,83,710.7,317.9,2621,87368,2,1
43685,83,710.4,318.1,2621,87370,2,1
43686,83,710.1,318.3,2621,87372,2,1
43687,83,709.9,318.5,2621,87374,2,1
43688,83,709.8,318.7,2622,87376,2,1
43689,83,709.8,318.7,2622,87378,2,1
43690,83,709.8,318.9,2622,87380,2,1
43691,83,710,318.9,2622,87382,2,1
43692,83,710.3,318.9,2622,87384,2,1
43693,83,710.5,319,2622,87386,2,1
43694,83,710.5,319,2622,87388,2,1
43695,83,710.4,319,2622,87390,2,1
43696,83,710.3,318.9,2622,87392,2,1
43697,83,710.1,318.8,2622,87394,2,1
43698,83,710,318.6,2622,87396,2,1
43699,83,710,318.2,2622,87398,2,1
43700,83,710,317.7,2622,87400,2,1
43701,83,710.1,317.1,2622,87402,2,1
43702,83,710.2,316.2,2622,87404,2,1
43703,83,710.3,315.4,2622,87406,2,1
43704,83,710.5,314.5,2622,87408,2,1
43705,83,710.4,313.9,2623,87410,2,1
43706,83,710.4,313.6,2623,87412,2,1
43707,83,710.3,313.2,2623,87414,2,1
43708,83,710.3,312.9,2623,87416,2,1
43709,83,710.3,312.6,2623,87418,2,1
43710,83,710.4,312.3,2623,87420,2,1
43711,83,710.5,312.2,2623,87422,2,1
43712,83,710.7,312,2623,87424,2,1
43713,83,711,311.8,2623,87426,2,1
43714,83,711.3,311.8,2623,87428,2,1
43715,83,711.6,311.7,2623,87430,2,1
43716,83,711.8,311.7,2623,87432,2,1
43717,83,712.1,311.8,2623,87434,2,1
43718,83,712.2,311.8,2623,87436,2,1
43719,83,712,311.6,2623,87438,2,1
43720,83,711.8,311.5,2623,87440,2,1
43721,83,711.4,311.3,2623,87442,2,1
43722,83,711,311.1,2624,87444,2,1
43723,83,710.8,310.8,2624,87446,2,1
43724,83,710.5,310.5,2624,87448,2,1
43725,83,710.3,310.2,2624,87450,2,1
43726,83,709.8,310.3,2624,87452,2,1
43727,83,709.4,310.5,2624,87454,2,1
43728,83,709.1,310.6,2624,87456,2,1
43729,83,708.8,310.7,2624,87458,2,1
43730,83,708.4,310.7,2624,87460,2,1
43731,83,708.1,310.8,2624,87462,2,1
43732,83,708.1,310.8,2624,87464,2,1
43733,83,708.5,310.6,2624,87466,2,1
43734,83,709,310.3,2624,87468,2,1
43735,83,709.4,309.9,2624,87470,2,1
43736,83,709.7,309.6,2624,87472,2,1
43737,83,709.8,309.3,2624,87474,2,1
43738,83,709.8,309,2625,87476,2,1
43739,83,709.8,308.7,2625,87478,2,1
43740,83,709.8,308.5,2625,87480,2,1
43741,83,709.8,308.5,2625,87482,2,1
43742,83,709.8,308.5,2625,87484,2,1
43743,83,710.1,308.6,2625,87486,2,1
43744,83,710.5,308.9,2625,87488,2,1
43745,83,711,309.4,2625,87490,2,1
43746,83,711.4,309.7,2625,87492,2,1
43747,83,711.6,310.2,2625,87494,2,1
43748,83,711.9,310.6,2625,87496,2,1
43749,83,712.1,310.8,2625,87498,2,1
43750,83,712.2,310.9,2625,87500,2,1
43751,83,712.3,310.9,2625,87502,2,1
43752,83,712.2,310.9,2625,87504,2,1
43753,83,712.1,310.9,2625,87506,2,1
43754,83,712,310.7,2625,87508,2,1
43755,83,711.8,310.6,2626,87510,2,1
43756,83,711.7,310.1,2626,87512,2,1
43757,83,711.5,309.6,2626,87514,2,1
43758,83,711.3,309,2626,87516,2,1
43759,83,711,308.4,2626,87518,2,1
43760,83,710.6,307.9,2626,87520,2,1
43761,83,710.3,307.5,2626,87522,2,1
43762,83,709.9,307.1,2626,87524,2,1
43763,83,709.6,307.4,2626,87526,2,1
43764,83,709.3,307.7,2626,87528,2,1
43765,83,709,308.2,2626,87530,2,1
43766,83,708.9,308.7,2626,87532,2,1
43767,83,708.6,309.1,2626,87534,2,1
43768,83,708.1,309.3,2626,87536,2,1
43769,83,707.6,309.4,2626,87538,2,1
43770,83,707.2,309.5,2626,87540,2,1
43771,83,706.7,309.5,2626,87542,2,1
43772,83,706.3,309.5,2627,87544,2,1
43773,83,705.8,309.6,2627,87546,2,1
43774,83,705.4,309.6,2627,87548,2,1
43775,83,705.2,309.5,2627,87550,2,1
43776,83,705,309.5,2627,87552,2,1
43777,83,704.8,309.3,2627,87554,2,1
43778,83,704.6,309,2627,87556,2,1
43779,83,704.5,308.6,2627,87558,2,1
43780,83,704.5,308.2,2627,87560,2,1
43781,83,704.6,307.9,2627,87562,2,1
43782,83,704.7,307.7,2627,87564,2,1
43783,83,704.9,307.6,2627,87566,2,1
43784,83,705.6,307.7,2627,87568,2,1
43785,83,706.2,307.8,2627,87570,2,1
43786,83,706.7,308.1,2627,87572,2,1
43787,83,707,308.4,2627,87574,2,1
43788,83,707.3,308.4,2628,87576,2,1
43789,83,707.3,308.5,2628,87578,2,1
43790,83,707.3,308.3,2628,87580,2,1
43791,83,706.8,308.1,2628,87582,2,1
43792,83,706.5,307.7,2628,87584,2,1
43793,83,706.1,307.2,2628,87586,2,1
43794,83,705.8,306.6,2628,87588,2,1
43795,83,705,306.3,2628,87590,2,1
43796,83,704.5,306.1,2628,87592,2,1
43797,83,703.9,306.1,2628,87594,2,1
43798,83,703.2,305.9,2628,87596,2,1
43799,83,702.5,305.8,2628,87598,2,1
43800,83,701.9,305.8,2628,87600,2,1
43801,83,701.5,305.7,2628,87602,2,1
43802,83,701.6,305.8,2628,87604,2,1
43803,83,701.8,305.9,2628,87606,2,1
43804,83,702,306.1,2628,87608,2,1
43805,83,702.2,306.3,2629,87610,2,1
43806,83,702.4,306.5,2629,87612,2,1
43807,83,702.7,306.7,2629,87614,2,1
43808,83,702.8,306.8,2629,87616,2,1
43809,83,702.9,306.6,2629,87618,2,1
43810,83,703.1,306.4,2629,87620,2,1
43811,83,703.2,306.2,2629,87622,2,1
43812,83,703.4,306,2629,87624,2,1
43813,83,703.5,306,2629,87626,2,1
43814,83,703.7,306,2629,87628,2,1
43815,83,703.9,306,2629,87630,2,1
43816,83,703.8,306.2,2629,87632,2,1
43817,83,703.5,306.4,2629,87634,2,1
43818,83,703.2,306.8,2629,87636,2,1
43819,83,702.9,307.1,2629,87638,2,1
43820,83,702.6,307.5,2629,87640,2,1
43821,83,702.3,308,2629,87642,2,1
43822,83,702,308.4,2630,87644,2,1
43823,83,701.7,308.7,2630,87646,2,1
43824,83,701.5,309.1,2630,87648,2,1
43825,83,701.5,309,2630,87650,2,1
43826,83,701.4,308.9,2630,87652,2,1
43827,83,701.2,308.7,2630,87654,2,1
43828,83,700.8,308.2,2630,87656,2,1
43829,83,700.5,307.6,2630,87658,2,1
43830,83,700.2,306.9,2630,87660,2,1
43831,83,699.9,306.1,2630,87662,2,1
43832,83,699.5,305.8,2630,87664,2,1
43833,83,699.2,305.4,2630,87666,2,1
43834,83,698.9,305,2630,87668,2,1
43835,83,698.8,305.3,2630,87670,2,1
43836,83,698.7,305.7,2630,87672,2,1
43837,83,698.7,306.2,2630,87674,2,1
43838,83,698.8,306.6,2631,87676,2,1
43839,83,699,307,2631,87678,2,1
43840,83,699.2,307.4,2631,87680,2,1
43841,83,699.6,307.7,2631,87682,2,1
43842,83,700,307.3,2631,87684,2,1
43843,83,700.4,306.9,2631,87686,2,1
43844,83,700.8,306.4,2631,87688,2,1
43845,83,701,306.3,2631,87690,2,1
43846,83,701.3,306.3,2631,87692,2,1
43847,83,701.6,306.2,2631,87694,2,1
43848,83,701.8,306.2,2631,87696,2,1
43849,83,701.9,306.7,2631,87698,2,1
43850,83,702.1,307.3,2631,87700,2,1
43851,83,702.1,307.9,2631,87702,2,1
43852,83,702.2,308,2631,87704,2,1
43853,83,702.1,308.3,2631,87706,2,1
43854,83,701.9,308.9,2631,87708,2,1
43855,83,701.7,309.2,2632,87710,2,1
43856,83,701.6,309.3,2632,87712,2,1
43857,83,701.4,309.2,2632,87714,2,1
43858,83,701.3,309,2632,87716,2,1
43859,83,701.2,308.8,2632,87718,2,1
43860,83,701.1,308.5,2632,87720,2,1
43861,83,701,308.2,2632,87722,2,1
43862,83,700.9,308,2632,87724,2,1
43863,83,700.9,308.1,2632,87726,2,1
43864,83,700.7,308.1,2632,87728,2,1
43865,83,700.4,308.3,2632,87730,2,1
43866,83,700.2,308.4,2632,87732,2,1
43867,83,700.1,308.5,2632,87734,2,1
43868,83,700,308.5,2632,87736,2,1
43869,83,699.8,308.4,2632,87738,2,1
43870,83,699.6,308.2,2632,87740,2,1
43871,83,699.5,308.4,2632,87742,2,1
43872,83,699.5,308.5,2633,87744,2,1
43873,83,699.5,308.9,2633,87746,2,1
43874,83,698.9,309.3,2633,87748,2,1
43875,83,698.2,309.8,2633,87750,2,1
43876,83,697.7,310.1,2633,87752,2,1
43877,83,697.3,310,2633,87754,2,1
43878,83,696.9,309.7,2633,87756,2,1
43879,83,696.5,309.4,2633,87758,2,1
43880,83,696.1,308.9,2633,87760,2,1
43881,83,696.2,308.4,2633,87762,2,1
43882,83,696.3,307.9,2633,87764,2,1
43883,83,696.4,307.4,2633,87766,2,1
43884,83,696.4,307.2,2633,87768,2,1
43885,83,696.7,307.1,2633,87770,2,1
43886,83,697.1,307.1,2633,87772,2,1
43887,83,697.5,307,2633,87774,2,1
43888,83,697.7,306.9,2634,87776,2,1
43889,83,697.9,306.7,2634,87778,2,1
43890,83,698.1,306.5,2634,87780,2,1
43891,83,698.3,306.2,2634,87782,2,1
43892,83,698.1,306.6,2634,87784,2,1
43893,83,698,306.9,2634,87786,2,1
43894,83,697.8,307.4,2634,87788,2,1
43895,83,697.7,307.8,2634,87790,2,1
43896,83,697.7,308.2,2634,87792,2,1
43897,83,697.7,308.2,2634,87794,2,1
43898,83,697.8,308.2,2634,87796,2,1
43899,83,698,307.4,2634,87798,2,1
43900,83,698.2,306.7,2634,87800,2,1
43901,83,698.5,306.1,2634,87802,2,1
43902,83,698.8,305.5,2634,87804,2,1
43903,83,699,305.3,2634,87806,2,1
43904,83,699.2,305.6,2634,87808,2,1
43905,83,699.2,305.9,2635,87810,2,1
43906,83,698.9,306.4,2635,87812,2,1
43907,83,698.5,306.8,2635,87814,2,1
43908,83,698,307.3,2635,87816,2,1
43909,83,697.6,307.7,2635,87818,2,1
43910,83,697.2,307.8,2635,87820,2,1
43911,83,696.8,308,2635,87822,2,1
43912,83,696.5,308,2635,87824,2,1
43913,83,696.4,308,2635,87826,2,1
43914,83,696.5,307.9,2635,87828,2,1
43915,83,696.6,307.8,2635,87830,2,1
43916,83,696.7,307.7,2635,87832,2,1
43917,83,696.9,307.2,2635,87834,2,1
43918,83,697.2,306.7,2635,87836,2,1
43919,83,697.4,306.3,2635,87838,2,1
43920,83,697.6,306.1,2635,87840,2,1
43921,83,697.9,305.9,2635,87842,2,1
43922,83,698,305.7,2636,87844,2,1
43923,83,698.1,305.7,2636,87846,2,1
43924,83,698,306,2636,87848,2,1
43925,83,697.8,306.7,2636,87850,2,1
43926,83,697.6,307.4,2636,87852,2,1
43927,83,697.3,308.2,2636,87854,2,1
43928,83,697.1,308.8,2636,87856,2,1
43929,83,696.4,309.2,2636,87858,2,1
43930,83,695.8,309.4,2636,87860,2,1
43931,83,695.3,309.4,2636,87862,2,1
43932,83,695,308.9,2636,87864,2,1
43933,83,694.8,308.4,2636,87866,2,1
43934,83,694.6,307.6,2636,87868,2,1
43935,83,694.4,307.1,2636,87870,2,1
43936,83,694.7,306.7,2636,87872,2,1
43937,83,694.9,306.4,2636,87874,2,1
43938,83,695.2,306.2,2637,87876,2,1
43939,83,695.2,306.4,2637,87878,2,1
43940,83,695.3,306.5,2637,87880,2,1
43941,83,695.4,306.6,2637,87882,2,1
43942,83,695.4,306.7,2637,87884,2,1
43943,83,695.5,306.7,2637,87886,2,1
43944,83,695.6,306.8,2637,87888,2,1
43945,83,695.7,307.3,2637,87890,2,1
43946,83,695.6,307.8,2637,87892,2,1
43947,83,695.2,308.3,2637,87894,2,1
43948,83,694.8,308.9,2637,87896,2,1
43949,83,694.5,309.5,2637,87898,2,1
43950,83,694.1,310.2,2637,87900,2,1
43951,83,693.6,310.7,2637,87902,2,1
43952,83,693.1,310.8,2637,87904,2,1
43953,83,692.5,310.8,2637,87906,2,1
43954,83,692.2,310.7,2637,87908,2,1
43955,83,691.5,310.7,2638,87910,2,1
43956,83,690.8,310.6,2638,87912,2,1
43957,83,690.2,310.4,2638,87914,2,1
43958,83,689.8,310.4,2638,87916,2,1
43959,83,689.7,310.3,2638,87918,2,1
43960,83,689.9,310.2,2638,87920,2,1
43961,83,690.2,309.9,2638,87922,2,1
43962,83,690.8,309.2,2638,87924,2,1
43963,83,691.4,308.5,2638,87926,2,1
43964,83,692,307.8,2638,87928,2,1
43965,83,692.4,307.4,2638,87930,2,1
43966,83,692.6,307.1,2638,87932,2,1
43967,83,692.7,306.9,2638,87934,2,1
43968,83,692.7,306.7,2638,87936,2,1
43969,83,692.8,306.7,2638,87938,2,1
43970,83,692.6,306.7,2638,87940,2,1
43971,83,692.5,306.6,2638,87942,2,1
43972,83,692.4,306.4,2639,87944,2,1
43973,83,692.4,306.1,2639,87946,2,1
43974,83,692.2,305.8,2639,87948,2,1
43975,83,691.9,305.5,2639,87950,2,1
43976,83,691.7,305.4,2639,87952,2,1
43977,83,691.6,305.6,2639,87954,2,1
43978,83,691.7,306,2639,87956,2,1
43979,83,691.7,306.4,2639,87958,2,1
43980,83,691.6,306.8,2639,87960,2,1
43981,83,691.5,307.5,2639,87962,2,1
43982,83,691.6,308,2639,87964,2,1
43983,83,691.8,308.4,2639,87966,2,1
43984,83,692.1,308.2,2639,87968,2,1
43985,83,692.9,308.1,2639,87970,2,1
43986,83,693.7,307.9,2639,87972,2,1
43987,83,694.4,307.9,2639,87974,2,1
43988,83,695.1,307.9,2640,87976,2,1
43989,83,695.5,307.8,2640,87978,2,1
43990,83,695.7,307.7,2640,87980,2,1
43991,83,695.6,307.7,2640,87982,2,1
43992,83,694.9,307.6,2640,87984,2,1
43993,83,694.2,307.5,2640,87986,2,1
43994,83,693.5,307.3,2640,87988,2,1
43995,83,692.9,307,2640,87990,2,1
43996,83,692.7,306.5,2640,87992,2,1
43997,83,692.5,306,2640,87994,2,1
43998,83,692.5,305.4,2640,87996,2,1
43999,83,692.7,305,2640,87998,2,1
44000,83,692.8,304.9,2640,88000,2,1
44001,83,692.9,304.9,2640,88002,2,1
44002,83,693.1,305,2640,88004,2,1
44003,83,693.1,305.2,2640,88006,2,1
44004,83,693.1,305.3,2640,88008,2,1
44005,83,693.1,305.6,2641,88010,2,1
44006,83,693,305.7,2641,88012,2,1
44007,83,692.9,306,2641,88014,2,1
44008,83,692.9,306.3,2641,88016,2,1
44009,83,692.9,306.6,2641,88018,2,1
44010,83,692.9,306.8,2641,88020,2,1
44011,83,693,307,2641,88022,2,1
44012,83,693.1,307.1,2641,88024,2,1
44013,83,693.1,307.3,2641,88026,2,1
44014,83,693.1,307.5,2641,88028,2,1
44015,83,693.2,307.5,2641,88030,2,1
44016,83,693.3,307.1,2641,88032,2,1
44017,83,693.3,306.6,2641,88034,2,1
44018,83,693.4,305.9,2641,88036,2,1
44019,83,693.5,305.3,2641,88038,2,1
44020,83,693.7,304.7,2641,88040,2,1
44021,83,693.9,304.7,2641,88042,2,1
44022,83,694,304.7,2642,88044,2,1
44023,83,693.6,304.7,2642,88046,2,1
44024,83,693.3,304.3,2642,88048,2,1
44025,83,693,304.2,2642,88050,2,1
44026,83,692.6,304,2642,88052,2,1
44027,83,692.2,303.9,2642,88054,2,1
44028,83,691.8,303.4,2642,88056,2,1
44029,83,691.4,302.8,2642,88058,2,1
44030,83,691.4,302.4,2642,88060,2,1
44031,83,691.4,302.1,2642,88062,2,1
44032,83,691.4,301.7,2642,88064,2,1
44033,83,691.5,301.4,2642,88066,2,1
44034,83,691.7,301.2,2642,88068,2,1
44035,83,691.9,301,2642,88070,2,1
44036,83,692.1,301,2642,88072,2,1
44037,83,692.2,301.4,2642,88074,2,1
44038,83,692.3,301.7,2643,88076,2,1
44039,83,692.4,301.9,2643,88078,2,1
44040,83,692.5,302,2643,88080,2,1
44041,83,692.8,302,2643,88082,2,1
44042,83,693.1,302.1,2643,88084,2,1
44043,83,693.3,302.2,2643,88086,2,1
44044,83,693.6,302.1,2643,88088,2,1
44045,83,694.1,302.1,2643,88090,2,1
44046,83,694.8,301.2,2643,88092,2,1
44047,83,695.4,300.4,2643,88094,2,1
44048,83,695.8,299.8,2643,88096,2,1
44049,83,696.1,299.3,2643,88098,2,1
44050,83,696.5,299,2643,88100,2,1
44051,83,696.9,298.9,2643,88102,2,1
44052,83,697.1,299,2643,88104,2,1
44053,83,697.2,300.1,2643,88106,2,1
44054,83,697.3,301.2,2643,88108,2,1
44055,83,697.3,301.9,2644,88110,2,1
44056,83,697.3,302.5,2644,88112,2,1
44057,83,697.3,303.1,2644,88114,2,1
44058,83,697.3,303.3,2644,88116,2,1
44059,83,697.3,303.6,2644,88118,2,1
44060,83,697.2,303.6,2644,88120,2,1
44061,83,697.1,303.6,2644,88122,2,1
44062,83,697,303.2,2644,88124,2,1
44063,83,697.1,302.8,2644,88126,2,1
44064,83,697.2,302.4,2644,88128,2,1
44065,83,697.8,301.9,2644,88130,2,1
44066,83,698.4,301.4,2644,88132,2,1
44067,83,698.8,301.1,2644,88134,2,1
44068,83,699.1,300.9,2644,88136,2,1
44069,83,699.5,301,2644,88138,2,1
44070,83,699.8,301.2,2644,88140,2,1
44071,83,700,301.3,2644,88142,2,1
44072,83,699.8,301.4,2645,88144,2,1
44073,83,699.4,301.4,2645,88146,2,1
44074,83,699.1,301.5,2645,88148,2,1
44075,83,698.6,301.7,2645,88150,2,1
44076,83,698,302.1,2645,88152,2,1
44077,83,697.4,302.5,2645,88154,2,1
44078,83,696.5,303.1,2645,88156,2,1
44079,83,695.6,303.8,2645,88158,2,1
44080,83,694.9,304.5,2645,88160,2,1
44081,83,694.3,305.1,2645,88162,2,1
44082,83,694.1,305.5,2645,88164,2,1
44083,83,693.9,305.6,2645,88166,2,1
44084,83,693.6,305.4,2645,88168,2,1
44085,83,693.4,305.1,2645,88170,2,1
44086,83,693.1,304.8,2645,88172,2,1
44087,83,692.8,304.5,2645,88174,2,1
44088,83,692.4,304.3,2646,88176,2,1
44089,83,691.9,304.2,2646,88178,2,1
44090,83,691.5,304.1,2646,88180,2,1
44091,83,691.2,304.2,2646,88182,2,1
44092,83,691.5,304.2,2646,88184,2,1
44093,83,691.8,304.1,2646,88186,2,1
44094,83,692.2,304,2646,88188,2,1
44095,83,692.5,303.8,2646,88190,2,1
44096,83,692.8,304,2646,88192,2,1
44097,83,693.1,304.3,2646,88194,2,1
44098,83,693.1,304.6,2646,88196,2,1
44099,83,692.9,305.2,2646,88198,2,1
44100,83,692.6,305.9,2646,88200,2,1
44101,83,692.3,306.6,2646,88202,2,1
44102,83,692.2,307.4,2646,88204,2,1
44103,83,692.2,307.7,2646,88206,2,1
44104,83,692.1,307.8,2646,88208,2,1
44105,83,692.3,307.8,2647,88210,2,1
44106,83,692.4,307.7,2647,88212,2,1
44107,83,692.6,307.5,2647,88214,2,1
44108,83,692.7,307.2,2647,88216,2,1
44109,83,692.8,307,2647,88218,2,1
44110,83,692.9,306.8,2647,88220,2,1
44111,83,693,306.9,2647,88222,2,1
44112,83,693.2,307.2,2647,88224,2,1
44113,83,693.3,308,2647,88226,2,1
44114,83,693.3,309,2647,88228,2,1
44115,83,693.4,309.9,2647,88230,2,1
44116,83,693.3,310.9,2647,88232,2,1
44117,83,693.1,311.8,2647,88234,2,1
44118,83,692.9,312.6,2647,88236,2,1
44119,83,692.6,312.7,2647,88238,2,1
44120,83,692.3,312.3,2647,88240,2,1
44121,83,691.9,311.7,2647,88242,2,1
44122,83,691.4,311.2,2648,88244,2,1
44123,83,691,310.9,2648,88246,2,1
44124,83,690.7,310.5,2648,88248,2,1
44125,83,690.4,310.3,2648,88250,2,1
44126,83,690.2,310.7,2648,88252,2,1
44127,83,690,311.1,2648,88254,2,1
44128,83,689.9,311.4,2648,88256,2,1
44129,83,689.9,311.8,2648,88258,2,1
44130,83,689.9,311.8,2648,88260,2,1
44131,83,689.9,312.2,2648,88262,2,1
44132,83,689.8,312.8,2648,88264,2,1
44133,83,689.7,313.2,2648,88266,2,1
44134,83,689.6,313.6,2648,88268,2,1
44135,83,689.5,314.1,2648,88270,2,1
44136,83,689.3,314.4,2648,88272,2,1
44137,83,689.1,314.7,2648,88274,2,1
44138,83,688.9,314.7,2649,88276,2,1
44139,83,688.7,314.5,2649,88278,2,1
44140,83,688.5,314.4,2649,88280,2,1
44141,83,688.3,314.5,2649,88282,2,1
44142,83,688.2,314.7,2649,88284,2,1
44143,83,688.1,315,2649,88286,2,1
44144,83,688.1,315.2,2649,88288,2,1
44145,83,688,315.5,2649,88290,2,1
44146,83,687.9,315.7,2649,88292,2,1
44147,83,687.7,315.7,2649,88294,2,1
44148,83,687.5,315.7,2649,88296,2,1
44149,83,687.2,315.8,2649,88298,2,1
44150,83,686.9,315.7,2649,88300,2,1
44151,83,686.7,315.6,2649,88302,2,1
44152,83,686.6,315.4,2649,88304,2,1
44153,83,686.6,315.2,2649,88306,2,1
44154,83,686.6,315.1,2649,88308,2,1
44155,83,686.7,314.9,2650,88310,2,1
44156,83,686.9,314.9,2650,88312,2,1
44157,83,687,314.8,2650,88314,2,1
44158,83,687.1,315.1,2650,88316,2,1
44159,83,687.2,315.3,2650,88318,2,1
44160,83,687.2,315.7,2650,88320,2,1
44161,83,687.3,316,2650,88322,2,1
44162,83,687.3,316.4,2650,88324,2,1
44163,83,687.4,316.9,2650,88326,2,1
44164,83,687.3,317.2,2650,88328,2,1
44165,83,687.1,317.2,2650,88330,2,1
44166,83,686.9,317.3,2650,88332,2,1
44167,83,686.6,317.3,2650,88334,2,1
44168,83,686.3,317.6,2650,88336,2,1
44169,83,685.9,317.8,2650,88338,2,1
44170,83,685.6,318.2,2650,88340,2,1
44171,83,685.3,318.8,2650,88342,2,1
44172,83,685.2,319.5,2651,88344,2,1
44173,83,685.2,320.1,2651,88346,2,1
44174,83,685.1,320.7,2651,88348,2,1
44175,83,684.9,321.1,2651,88350,2,1
44176,83,684.6,321.6,2651,88352,2,1
44177,83,684.3,322,2651,88354,2,1
44178,83,684,322,2651,88356,2,1
44179,83,683.6,321.9,2651,88358,2,1
44180,83,683.1,321.7,2651,88360,2,1
44181,83,682.7,321.5,2651,88362,2,1
44182,83,682.4,321.4,2651,88364,2,1
44183,83,682.1,321.4,2651,88366,2,1
44184,83,681.8,321.4,2651,88368,2,1
44185,83,681.6,321.5,2651,88370,2,1
44186,83,681.4,321.8,2651,88372,2,1
44187,83,681.3,322.4,2651,88374,2,1
44188,83,681.3,323,2652,88376,2,1
44189,83,681.3,323.5,2652,88378,2,1
44190,83,681.1,323.9,2652,88380,2,1
44191,83,681,324.2,2652,88382,2,1
44192,83,680.9,324.5,2652,88384,2,1
44193,83,680.7,324.5,2652,88386,2,1
44194,83,680.6,324.4,2652,88388,2,1
44195,83,680.4,324,2652,88390,2,1
44196,83,680.3,323.8,2652,88392,2,1
44197,83,680.2,323.7,2652,88394,2,1
44198,83,680,323.6,2652,88396,2,1
44199,83,679.8,323.7,2652,88398,2,1
44200,83,679.6,324,2652,88400,2,1
44201,83,679.4,324.4,2652,88402,2,1
44202,83,679.7,324.8,2652,88404,2,1
44203,83,679.9,325.5,2652,88406,2,1
44204,83,680,326,2652,88408,2,1
44205,83,679.8,326.5,2653,88410,2,1
44206,83,679.6,327,2653,88412,2,1
44207,83,679.2,327.3,2653,88414,2,1
44208,83,678.8,327.8,2653,88416,2,1
44209,83,677.9,328.2,2653,88418,2,1
44210,83,677.1,328.2,2653,88420,2,1
44211,83,677,328.1,2653,88422,2,1
44212,83,677.4,328,2653,88424,2,1
44213,83,677.7,327.7,2653,88426,2,1
44214,83,678.4,327.2,2653,88428,2,1
44215,83,679,326.8,2653,88430,2,1
44216,83,679.6,326.4,2653,88432,2,1
44217,83,680.1,326.2,2653,88434,2,1
44218,83,679.9,326,2653,88436,2,1
44219,83,679.7,326.2,2653,88438,2,1
44220,83,679.4,326.4,2653,88440,2,1
44221,83,679.1,326.7,2653,88442,2,1
44222,83,679,327,2654,88444,2,1
44223,83,678.9,327.3,2654,88446,2,1
44224,83,678.9,327.8,2654,88448,2,1
44225,83,679,328,2654,88450,2,1
44226,83,679.2,328.1,2654,88452,2,1
44227,83,679.2,327.8,2654,88454,2,1
44228,83,679.2,327.1,2654,88456,2,1
44229,83,679.1,326.6,2654,88458,2,1
44230,83,678.7,326.1,2654,88460,2,1
44231,83,678.1,325.5,2654,88462,2,1
44232,83,677.6,324.7,2654,88464,2,1
44233,83,677.1,324.1,2654,88466,2,1
44234,83,676.7,323.7,2654,88468,2,1
44235,83,676.4,323.8,2654,88470,2,1
44236,83,676.1,324,2654,88472,2,1
44237,83,676.2,324.3,2654,88474,2,1
44238,83,676.4,324.3,2655,88476,2,1
44239,83,676.7,324.4,2655,88478,2,1
44240,83,676.9,324.4,2655,88480,2,1
44241,83,677,324.6,2655,88482,2,1
44242,83,677.2,324.7,2655,88484,2,1
44243,83,677.2,324.8,2655,88486,2,1
44244,83,677.2,324.9,2655,88488,2,1
44245,83,677.2,325,2655,88490,2,1
44246,83,677.1,325.2,2655,88492,2,1
44247,83,677,325.3,2655,88494,2,1
44248,83,676.7,325.2,2655,88496,2,1
44249,83,676.3,325,2655,88498,2,1
44250,83,675.9,325.2,2655,88500,2,1
44251,83,675.7,325.6,2655,88502,2,1
44252,83,675.6,326.3,2655,88504,2,1
44253,83,675.5,327.1,2655,88506,2,1
44254,83,675.4,328.2,2655,88508,2,1
44255,83,675.9,329.2,2656,88510,2,1
44256,83,676.4,330.1,2656,88512,2,1
44257,83,677.2,330.6,2656,88514,2,1
44258,83,677.8,331.1,2656,88516,2,1
44259,83,678.3,331,2656,88518,2,1
44260,83,678.8,330.9,2656,88520,2,1
44261,83,679.3,330.6,2656,88522,2,1
44262,83,679.6,330.1,2656,88524,2,1
44263,83,680,328.9,2656,88526,2,1
44264,83,680.3,327.8,2656,88528,2,1
44265,83,680.5,326.7,2656,88530,2,1
44266,83,680.7,325.8,2656,88532,2,1
44267,83,681.1,324.9,2656,88534,2,1
44268,83,683.1,324,2656,88536,2,1
44269,83,685.3,322.7,2656,88538,2,1
44270,83,687.3,322,2656,88540,2,1
44271,83,689.9,321.3,2656,88542,2,1
44272,83,692.4,320.5,2657,88544,2,1
44273,83,694.9,319.9,2657,88546,2,1
44274,83,696.6,319.3,2657,88548,2,1
44275,83,696.6,318.8,2657,88550,2,1
44276,83,696.4,318.8,2657,88552,2,1
44277,83,696,319.8,2657,88554,2,1
44278,83,695.1,320.6,2657,88556,2,1
44279,83,693.9,321.5,2657,88558,2,1
44280,83,692.7,322,2657,88560,2,1
44281,83,692.3,322.5,2657,88562,2,1
44282,83,692.4,323,2657,88564,2,1
44283,83,692.5,323.5,2657,88566,2,1
44284,83,692.7,323.5,2657,88568,2,1
44285,83,692.9,323.8,2657,88570,2,1
44286,83,693.5,324,2657,88572,2,1
44287,83,694.2,324.4,2657,88574,2,1
44288,83,694.7,324.7,2658,88576,2,1
44289,83,694.8,324.8,2658,88578,2,1
44290,83,694.8,324.8,2658,88580,2,1
44291,83,694.8,324.6,2658,88582,2,1
44292,83,694.7,324.2,2658,88584,2,1
44293,83,694.6,323.6,2658,88586,2,1
44294,83,694.3,323.2,2658,88588,2,1
44295,83,694.2,323.1,2658,88590,2,1
44296,83,694.2,323.1,2658,88592,2,1
44297,83,694.2,323.2,2658,88594,2,1
44298,83,694.4,323.3,2658,88596,2,1
44299,83,694.9,323.3,2658,88598,2,1
44300,83,695.4,323.4,2658,88600,2,1
44301,83,695.9,323.5,2658,88602,2,1
44302,83,696.4,323.6,2658,88604,2,1
44303,83,696.8,323.8,2658,88606,2,1
44304,83,697,323.9,2658,88608,2,1
44305,83,697.3,323.6,2659,88610,2,1
44306,83,697.2,323.4,2659,88612,2,1
44307,83,697.2,323.1,2659,88614,2,1
44308,83,697.1,322.7,2659,88616,2,1
44309,83,696.9,322.2,2659,88618,2,1
44310,83,696.7,321.7,2659,88620,2,1
44311,83,696.5,321.1,2659,88622,2,1
44312,83,696.4,321.1,2659,88624,2,1
44313,83,696.2,321.5,2659,88626,2,1
44314,83,696,322,2659,88628,2,1
44315,83,695.9,322.7,2659,88630,2,1
44316,83,695.9,323.5,2659,88632,2,1
44317,83,696.2,324.2,2659,88634,2,1
44318,83,696.6,324.8,2659,88636,2,1
44319,83,697.1,325.2,2659,88638,2,1
44320,83,697.7,325.3,2659,88640,2,1
44321,83,698.3,325.1,2659,88642,2,1
44322,83,698.8,324.7,2660,88644,2,1
44323,83,699.3,324.4,2660,88646,2,1
44324,83,699.5,324.1,2660,88648,2,1
44325,83,699.6,324,2660,88650,2,1
44326,83,699.7,323.9,2660,88652,2,1
44327,83,699.7,323.8,2660,88654,2,1
44328,83,699.8,324,2660,88656,2,1
44329,83,699.8,324.1,2660,88658,2,1
44330,83,698.8,324,2660,88660,2,1
44331,83,697.5,323.4,2660,88662,2,1
44332,83,694.6,322.8,2660,88664,2,1
44333,83,689.9,320.9,2660,88666,2,1
44334,83,683.3,318.7,2660,88668,2,1
44335,83,674.9,315.5,2660,88670,2,1
44336,83,665.4,310.2,2660,88672,2,1
44337,83,654.8,304,2660,88674,2,1
44338,83,643.8,298.2,2661,88676,2,1
44339,83,632.5,292.3,2661,88678,2,1
44340,83,622.3,288,2661,88680,2,1
44341,83,614.1,284.2,2661,88682,2,1
44342,83,607.4,282.4,2661,88684,2,1
44343,83,601.8,282.8,2661,88686,2,1
44344,83,598.4,284.4,2661,88688,2,1
44345,83,595.5,286,2661,88690,2,1
44346,83,594.9,287.5,2661,88692,2,1
44347,83,594.8,288.8,2661,88694,2,1
44348,83,594.9,290,2661,88696,2,1
44349,83,595.1,290.4,2661,88698,2,1
44350,83,595.3,290.8,2661,88700,2,1
44351,83,595.5,291,2661,88702,2,1
44352,83,595.4,291,2661,88704,2,1
44353,83,595,290.4,2661,88706,2,1
44354,83,594.4,289.8,2661,88708,2,1
44355,83,593.7,289.2,2662,88710,2,1
44356,83,593,288.7,2662,88712,2,1
44357,83,592.3,288,2662,88714,2,1
44358,83,591.7,287.4,2662,88716,2,1
44359,83,591.4,286.9,2662,88718,2,1
44360,83,591.6,286.9,2662,88720,2,1
44361,83,592.1,286.9,2662,88722,2,1
44362,83,592.7,287,2662,88724,2,1
44363,83,593.3,287.1,2662,88726,2,1
44364,83,593.9,287.3,2662,88728,2,1
44365,83,594.3,287.5,2662,88730,2,1
44366,83,594.7,287.8,2662,88732,2,1
44367,83,594.8,288,2662,88734,2,1
44368,83,594.7,288.3,2662,88736,2,1
44369,83,594.6,288.5,2662,88738,2,1
44370,83,594.5,288.7,2662,88740,2,1
44371,83,594.3,288.8,2662,88742,2,1
44372,83,594.3,289,2663,88744,2,1
44373,83,594.2,289,2663,88746,2,1
44374,83,594.1,289.2,2663,88748,2,1
44375,83,594,289.6,2663,88750,2,1
44376,83,593.9,290,2663,88752,2,1
44377,83,593.8,290.3,2663,88754,2,1
44378,83,593.6,290.6,2663,88756,2,1
44379,83,593.5,290.9,2663,88758,2,1
44380,83,593.3,291.2,2663,88760,2,1
44381,83,593.3,291.3,2663,88762,2,1
44382,83,593.5,291.4,2663,88764,2,1
44383,83,593.6,291.3,2663,88766,2,1
44384,83,593.8,291.3,2663,88768,2,1
44385,83,593.9,291.2,2663,88770,2,1
44386,83,594.2,291.1,2663,88772,2,1
44387,83,594.4,291.1,2663,88774,2,1
44388,83,594.5,291.3,2664,88776,2,1
44389,83,594.4,291.7,2664,88778,2,1
44390,83,594.2,292,2664,88780,2,1
44391,83,593.6,292.4,2664,88782,2,1
44392,83,593.1,292.6,2664,88784,2,1
44393,83,592.5,292.9,2664,88786,2,1
44394,83,592.1,293.2,2664,88788,2,1
44395,83,591.9,292.5,2664,88790,2,1
44396,83,591.8,291.8,2664,88792,2,1
44397,83,591.8,291.2,2664,88794,2,1
44398,83,592.2,290.6,2664,88796,2,1
44399,83,592.5,290.3,2664,88798,2,1
44400,83,592.7,290.8,2664,88800,2,1
44401,83,592.7,291.4,2664,88802,2,1
44402,83,592.5,292.8,2664,88804,2,1
44403,83,592.3,294.1,2664,88806,2,1
44404,83,592.2,295.2,2664,88808,2,1
44405,83,592,296.1,2665,88810,2,1
44406,83,591.9,296.8,2665,88812,2,1
44407,83,591.6,296.3,2665,88814,2,1
44408,83,591.3,295.9,2665,88816,2,1
44409,83,591.1,295.5,2665,88818,2,1
44410,83,590.8,295.1,2665,88820,2,1
44411,83,590.6,294.8,2665,88822,2,1
44412,83,590.4,294.4,2665,88824,2,1
44413,83,590.3,294.1,2665,88826,2,1
44414,83,590.4,294,2665,88828,2,1
44415,83,590.4,293.9,2665,88830,2,1
44416,83,590.4,293.8,2665,88832,2,1
44417,83,590.5,293.8,2665,88834,2,1
44418,83,590.5,294.2,2665,88836,2,1
44419,83,590.5,294.5,2665,88838,2,1
44420,83,590.5,295.1,2665,88840,2,1
44421,83,590.5,295.9,2665,88842,2,1
44422,83,590.5,296.6,2666,88844,2,1
44423,83,590.7,297.1,2666,88846,2,1
44424,83,590.9,297.7,2666,88848,2,1
44425,83,591.1,298,2666,88850,2,1
44426,83,591.4,298.3,2666,88852,2,1
44427,83,591.6,298.5,2666,88854,2,1
44428,83,591.9,298.6,2666,88856,2,1
44429,83,592.3,298.6,2666,88858,2,1
44430,83,592.5,298.6,2666,88860,2,1
44431,83,592.8,298.4,2666,88862,2,1
44432,83,593.1,298.1,2666,88864,2,1
44433,83,593.4,297.8,2666,88866,2,1
44434,83,593.7,297.5,2666,88868,2,1
44435,83,593.9,297.2,2666,88870,2,1
44436,83,594.1,296.9,2666,88872,2,1
44437,83,594.3,296.4,2666,88874,2,1
44438,83,594.4,296.2,2667,88876,2,1
44439,83,594.3,295.9,2667,88878,2,1
44440,83,594.2,295.7,2667,88880,2,1
44441,83,593.9,295.4,2667,88882,2,1
44442,83,593.1,295.3,2667,88884,2,1
44443,83,592.3,295.2,2667,88886,2,1
44444,83,591.4,295.2,2667,88888,2,1
44445,83,590.6,295.2,2667,88890,2,1
44446,83,589.9,295.2,2667,88892,2,1
44447,83,589.4,295.2,2667,88894,2,1
44448,83,589.2,295,2667,88896,2,1
44449,83,589.5,294.7,2667,88898,2,1
44450,83,589.9,294.4,2667,88900,2,1
44451,83,590.3,294.3,2667,88902,2,1
44452,83,591,294.2,2667,88904,2,1
44453,83,591.7,294,2667,88906,2,1
44454,83,592.3,293.9,2667,88908,2,1
44455,83,592.7,294,2668,88910,2,1
44456,83,593,294.2,2668,88912,2,1
44457,83,593.4,294.4,2668,88914,2,1
44458,83,593.7,294.7,2668,88916,2,1
44459,83,593.7,294.8,2668,88918,2,1
44460,83,593.8,294.9,2668,88920,2,1
44461,83,593.8,295,2668,88922,2,1
44462,83,593.7,295,2668,88924,2,1
44463,83,593.5,294.8,2668,88926,2,1
44464,83,593.3,294.5,2668,88928,2,1
44465,83,593.3,294.3,2668,88930,2,1
44466,83,593.3,294.2,2668,88932,2,1
44467,83,593.7,294.4,2668,88934,2,1
44468,83,594.1,294.3,2668,88936,2,1
44469,83,594.6,294.2,2668,88938,2,1
44470,83,595.2,293.8,2668,88940,2,1
44471,83,595.8,293.5,2668,88942,2,1
44472,83,596.3,293.2,2669,88944,2,1
44473,83,596.8,292.8,2669,88946,2,1
44474,83,596.8,292.3,2669,88948,2,1
44475,83,596.9,291.9,2669,88950,2,1
44476,83,596.9,291.8,2669,88952,2,1
44477,83,596.8,292.1,2669,88954,2,1
44478,83,596.6,292.6,2669,88956,2,1
44479,83,596.3,293,2669,88958,2,1
44480,83,596,293.3,2669,88960,2,1
44481,83,595.5,293.4,2669,88962,2,1
44482,83,595.2,292.9,2669,88964,2,1
44483,83,594.9,292.4,2669,88966,2,1
44484,83,594.7,292,2669,88968,2,1
44485,83,594.8,291.4,2669,88970,2,1
44486,83,594.9,290.8,2669,88972,2,1
44487,83,595,290.2,2669,88974,2,1
44488,83,595.3,289.7,2670,88976,2,1
44489,83,595.6,289.9,2670,88978,2,1
44490,83,595.9,289.9,2670,88980,2,1
44491,83,596.2,289.8,2670,88982,2,1
44492,83,596.5,289.7,2670,88984,2,1
44493,83,596.5,289.7,2670,88986,2,1
44494,83,596.4,289.6,2670,88988,2,1
44495,83,596.2,289.5,2670,88990,2,1
44496,83,595.9,289.4,2670,88992,2,1
44497,83,595.6,289.6,2670,88994,2,1
44498,83,594.9,289.7,2670,88996,2,1
44499,83,594.2,289.9,2670,88998,2,1
44500,83,593.8,290.1,2670,89000,2,1
44501,83,593.5,290.2,2670,89002,2,1
44502,83,593.3,290.1,2670,89004,2,1
44503,83,593.1,289.5,2670,89006,2,1
44504,83,592.9,288.9,2670,89008,2,1
44505,83,593.2,288.4,2671,89010,2,1
44506,83,593.4,288,2671,89012,2,1
44507,83,593.6,287.6,2671,89014,2,1
44508,83,593.8,287.2,2671,89016,2,1
44509,83,593.9,286.9,2671,89018,2,1
44510,83,594,287.2,2671,89020,2,1
44511,83,594.3,287.4,2671,89022,2,1
44512,83,594.5,287.5,2671,89024,2,1
44513,83,594.7,287.6,2671,89026,2,1
44514,83,595.2,287.6,2671,89028,2,1
44515,83,596,287.6,2671,89030,2,1
44516,83,597.4,287.6,2671,89032,2,1
44517,83,599.1,287.2,2671,89034,2,1
44518,83,602.4,285.9,2671,89036,2,1
44519,83,606.5,284.6,2671,89038,2,1
44520,83,613.2,283.1,2671,89040,2,1
44521,83,620.3,281.4,2671,89042,2,1
44522,83,629.1,279.4,2672,89044,2,1
44523,83,639.6,277.3,2672,89046,2,1
44524,83,650.5,275.5,2672,89048,2,1
44525,83,659.9,274.5,2672,89050,2,1
44526,83,668.2,274,2672,89052,2,1
44527,83,673.9,274.4,2672,89054,2,1
44528,83,678.8,275,2672,89056,2,1
44529,83,681.7,275.8,2672,89058,2,1
44530,83,682.3,276.8,2672,89060,2,1
44531,83,681.9,277.9,2672,89062,2,1
44532,83,681.6,279,2672,89064,2,1
44533,83,681.4,279.9,2672,89066,2,1
44534,83,681.3,280.1,2672,89068,2,1
44535,83,681.4,280.1,2672,89070,2,1
44536,83,681.9,279.8,2672,89072,2,1
44537,83,682.6,279,2672,89074,2,1
44538,83,683.3,278.2,2673,89076,2,1
44539,83,684,277.4,2673,89078,2,1
44540,83,684.5,276.9,2673,89080,2,1
44541,83,684.9,276.6,2673,89082,2,1
44542,83,685.1,276.2,2673,89084,2,1
44543,83,685.1,275.8,2673,89086,2,1
44544,83,684.9,276,2673,89088,2,1
44545,83,684.8,275.7,2673,89090,2,1
44546,83,684.7,275.6,2673,89092,2,1
44547,83,684.9,274.9,2673,89094,2,1
44548,83,685.6,274.8,2673,89096,2,1
44549,83,686.2,274.7,2673,89098,2,1
44550,83,686.9,274.6,2673,89100,2,1
44551,83,687.5,274.5,2673,89102,2,1
44552,83,688,275,2673,89104,2,1
44553,83,688.3,275.4,2673,89106,2,1
44554,83,688.2,275.8,2673,89108,2,1
44555,83,687.8,275.9,2674,89110,2,1
44556,83,687.3,275.9,2674,89112,2,1
44557,83,687,275.9,2674,89114,2,1
44558,83,686.6,276.1,2674,89116,2,1
44559,83,686.5,276.3,2674,89118,2,1
44560,83,686.6,276.3,2674,89120,2,1
44561,83,686.9,276.1,2674,89122,2,1
44562,83,687.2,275.8,2674,89124,2,1
44563,83,687.6,275.3,2674,89126,2,1
44564,83,687.8,275.2,2674,89128,2,1
44565,83,687.5,275.1,2674,89130,2,1
44566,83,687,275.1,2674,89132,2,1
44567,83,686.3,275.2,2674,89134,2,1
44568,83,685.5,275.3,2674,89136,2,1
44569,83,684.8,275.4,2674,89138,2,1
44570,83,684.2,275.9,2674,89140,2,1
44571,83,683.6,276.3,2674,89142,2,1
44572,83,683.5,276.6,2675,89144,2,1
44573,83,683.6,276.8,2675,89146,2,1
44574,83,684,277,2675,89148,2,1
44575,83,684.5,277.2,2675,89150,2,1
44576,83,684.9,277.5,2675,89152,2,1
44577,83,685.3,277.5,2675,89154,2,1
44578,83,685.7,277.4,2675,89156,2,1
44579,83,686.1,277.1,2675,89158,2,1
44580,83,686.4,277,2675,89160,2,1
44581,83,686.5,276.8,2675,89162,2,1
44582,83,686.5,276.4,2675,89164,2,1
44583,83,686.6,276.2,2675,89166,2,1
44584,83,686.6,276.3,2675,89168,2,1
44585,83,686.8,276.4,2675,89170,2,1
44586,83,687,276.6,2675,89172,2,1
44587,83,687.8,276.8,2675,89174,2,1
44588,83,688.6,276.9,2676,89176,2,1
44589,83,689.3,277.3,2676,89178,2,1
44590,83,689.8,277.5,2676,89180,2,1
44591,83,690.4,277.4,2676,89182,2,1
44592,83,690.8,277.3,2676,89184,2,1
44593,83,691.1,277.2,2676,89186,2,1
44594,83,691,277.2,2676,89188,2,1
44595,83,690.8,277,2676,89190,2,1
44596,83,690.5,277,2676,89192,2,1
44597,83,690.2,277.2,2676,89194,2,1
44598,83,689.6,277.4,2676,89196,2,1
44599,83,688.9,277.6,2676,89198,2,1
44600,83,688.2,277.8,2676,89200,2,1
44601,83,687.6,277.9,2676,89202,2,1
44602,83,687.1,278,2676,89204,2,1
44603,83,687,278.1,2676,89206,2,1
44604,83,687,278.1,2676,89208,2,1
44605,83,687.4,278,2677,89210,2,1
44606,83,687.8,277.8,2677,89212,2,1
44607,83,688.2,277.6,2677,89214,2,1
44608,83,688.5,277.5,2677,89216,2,1
44609,83,688.7,277.5,2677,89218,2,1
44610,83,688.6,277.7,2677,89220,2,1
44611,83,688.5,277.9,2677,89222,2,1
44612,83,688.4,278,2677,89224,2,1
44613,83,688.4,278.1,2677,89226,2,1
44614,83,688.5,278.2,2677,89228,2,1
44615,83,688.6,278.3,2677,89230,2,1
44616,83,688.7,278.1,2677,89232,2,1
44617,83,688.9,277.6,2677,89234,2,1
44618,83,689.2,276.8,2677,89236,2,1
44619,83,689.6,276.2,2677,89238,2,1
44620,83,690.2,275.7,2677,89240,2,1
44621,83,690.7,275.3,2678,89242,2,1
44622,83,691.3,274.9,2678,89244,2,1
44623,83,691.8,274.4,2678,89246,2,1
44624,83,692.3,274.3,2678,89248,2,1
44625,83,692.7,274.4,2678,89250,2,1
44626,83,693.1,274.4,2678,89252,2,1
44627,83,693.2,274.1,2678,89254,2,1
44628,83,693.2,273.9,2678,89256,2,1
44629,83,693.2,273.8,2678,89258,2,1
44630,83,693.3,273.7,2678,89260,2,1
44631,83,693.3,273.6,2678,89262,2,1
44632,83,693.4,273.6,2678,89264,2,1
44633,83,693.4,273.6,2678,89266,2,1
44634,83,693.4,273.7,2678,89268,2,1
44635,83,693.2,273.8,2678,89270,2,1
44636,83,693.1,274,2678,89272,2,1
44637,83,692.9,274.1,2678,89274,2,1
44638,83,692.8,274.3,2679,89276,2,1
44639,83,692.7,274.5,2679,89278,2,1
44640,83,692.7,274.6,2679,89280,2,1
44641,83,692.7,275.1,2679,89282,2,1
44642,83,693,275.7,2679,89284,2,1
44643,83,693.3,276.1,2679,89286,2,1
44644,83,693.5,276.4,2679,89288,2,1
44645,83,693.8,276.2,2679,89290,2,1
44646,83,694,276.4,2679,89292,2,1
44647,83,694.1,276.6,2679,89294,2,1
44648,83,693.6,276.5,2679,89296,2,1
44649,83,692.7,276.4,2679,89298,2,1
44650,83,691.7,276.3,2679,89300,2,1
44651,83,690.7,276,2679,89302,2,1
44652,83,689.1,275,2679,89304,2,1
44653,83,686.9,271.6,2679,89306,2,1
44654,83,684,266.6,2679,89308,2,1
44655,83,681,260.5,2680,89310,2,1
44656,83,677.3,253.5,2680,89312,2,1
44657,83,673,245.4,2680,89314,2,1
44658,83,668.8,236.4,2680,89316,2,1
44659,83,664.5,227.3,2680,89318,2,1
44660,83,660.8,220.1,2680,89320,2,1
44661,83,657.1,214.4,2680,89322,2,1
44662,83,652.7,208.9,2680,89324,2,1
44663,83,649.1,204.1,2680,89326,2,1
44664,83,645.8,200.5,2680,89328,2,1
44665,83,641.7,198.1,2680,89330,2,1
44666,83,638,196.6,2680,89332,2,1
44667,83,634.2,195.4,2680,89334,2,1
44668,83,631.4,194.2,2680,89336,2,1
44669,83,629.9,194.1,2680,89338,2,1
44670,83,629.5,194.3,2680,89340,2,1
44671,83,629.5,194.4,2680,89342,2,1
44672,83,630.1,194.2,2681,89344,2,1
44673,83,631.4,194.1,2681,89346,2,1
44674,83,632.8,194,2681,89348,2,1
44675,83,633.9,194,2681,89350,2,1
44676,83,634.9,193.9,2681,89352,2,1
44677,83,635.2,193.7,2681,89354,2,1
44678,83,635.3,193.2,2681,89356,2,1
44679,83,635,192.7,2681,89358,2,1
44680,83,634.5,192.1,2681,89360,2,1
44681,83,634,191.5,2681,89362,2,1
44682,83,633.1,190.8,2681,89364,2,1
44683,83,632.2,190.2,2681,89366,2,1
44684,83,631.2,189.8,2681,89368,2,1
44685,83,630.4,189.9,2681,89370,2,1
44686,83,630.1,190.1,2681,89372,2,1
44687,83,629.8,190.3,2681,89374,2,1
44688,83,629.7,190.4,2682,89376,2,1
44689,83,630.2,190.6,2682,89378,2,1
44690,83,630.7,190.6,2682,89380,2,1
44691,83,631.4,190.5,2682,89382,2,1
44692,83,632,190.3,2682,89384,2,1
44693,83,632.5,190.3,2682,89386,2,1
44694,83,633,190.3,2682,89388,2,1
44695,83,633.3,190.3,2682,89390,2,1
44696,83,633.4,190.4,2682,89392,2,1
44697,83,633.2,190.5,2682,89394,2,1
44698,83,633.1,190.5,2682,89396,2,1
44699,83,633,190.3,2682,89398,2,1
44700,83,632.8,190.2,2682,89400,2,1
44701,83,632.7,190,2682,89402,2,1
44702,83,632.6,190.1,2682,89404,2,1
44703,83,632.6,190.2,2682,89406,2,1
44704,83,632.8,190.1,2682,89408,2,1
44705,83,632.9,190.2,2683,89410,2,1
44706,83,633.3,190.3,2683,89412,2,1
44707,83,633.6,190.3,2683,89414,2,1
44708,83,633.9,190.2,2683,89416,2,1
44709,83,634.1,189.8,2683,89418,2,1
44710,83,634.2,189.3,2683,89420,2,1
44711,83,634.3,188.8,2683,89422,2,1
44712,83,634.6,188.4,2683,89424,2,1
44713,83,634.5,188.1,2683,89426,2,1
44714,83,634.4,187.9,2683,89428,2,1
44715,83,634.2,187.6,2683,89430,2,1
44716,83,634.1,187.5,2683,89432,2,1
44717,83,633.8,187.2,2683,89434,2,1
44718,83,633.4,187.1,2683,89436,2,1
44719,83,632.7,186.8,2683,89438,2,1
44720,83,632.2,186.6,2683,89440,2,1
44721,83,631.8,186.3,2684,89442,2,1
44722,83,631.6,186.1,2684,89444,2,1
44723,83,631.6,185.7,2684,89446,2,1
44724,83,632,185.2,2684,89448,2,1
44725,83,632.4,184.8,2684,89450,2,1
44726,83,632.9,184.3,2684,89452,2,1
44727,83,633.3,184,2684,89454,2,1
44728,83,633.7,183.6,2684,89456,2,1
44729,83,634,183.1,2684,89458,2,1
44730,83,634.3,182.8,2684,89460,2,1
44731,83,634.4,182.4,2684,89462,2,1
44732,83,634.6,182.3,2684,89464,2,1
44733,83,634.9,182.2,2684,89466,2,1
44734,83,635.2,182.2,2684,89468,2,1
44735,83,635.5,182.3,2684,89470,2,1
44736,83,635.7,183,2684,89472,2,1
44737,83,635.7,183.6,2684,89474,2,1
44738,83,635.4,184.2,2685,89476,2,1
44739,83,635.2,184.6,2685,89478,2,1
44740,83,634.8,184.7,2685,89480,2,1
44741,83,634.4,185,2685,89482,2,1
44742,83,634.1,185,2685,89484,2,1
44743,83,633.9,184.7,2685,89486,2,1
44744,83,634.1,184.2,2685,89488,2,1
44745,83,634.4,184.1,2685,89490,2,1
44746,83,634.8,183.9,2685,89492,2,1
44747,83,635,184.1,2685,89494,2,1
44748,83,635.2,184.3,2685,89496,2,1
44749,83,635.3,184.6,2685,89498,2,1
44750,83,635.4,185,2685,89500,2,1
44751,83,635.2,185.5,2685,89502,2,1
44752,83,635.1,185.6,2685,89504,2,1
44753,83,635.1,185.6,2685,89506,2,1
44754,83,635.4,185.1,2685,89508,2,1
44755,83,635.7,184.9,2686,89510,2,1
44756,83,636,184.5,2686,89512,2,1
44757,83,636.3,183.9,2686,89514,2,1
44758,83,636.5,183.4,2686,89516,2,1
44759,83,636.7,183,2686,89518,2,1
44760,83,636.9,182.9,2686,89520,2,1
44761,83,637.1,182.9,2686,89522,2,1
44762,83,637.2,182.8,2686,89524,2,1
44763,83,637.4,182.8,2686,89526,2,1
44764,83,637.5,183,2686,89528,2,1
44765,83,637.6,183.5,2686,89530,2,1
44766,83,637.6,184.3,2686,89532,2,1
44767,83,637.5,185.1,2686,89534,2,1
44768,83,637.5,185.8,2686,89536,2,1
44769,83,637.5,186.3,2686,89538,2,1
44770,83,637.4,186.8,2686,89540,2,1
44771,83,637.4,187.3,2687,89542,2,1
44772,83,637.4,187,2687,89544,2,1
44773,83,637.5,186.6,2687,89546,2,1
44774,83,637.5,186.2,2687,89548,2,1
44775,83,637.6,185.9,2687,89550,2,1
44776,83,637.6,185.6,2687,89552,2,1
44777,83,637.6,185.3,2687,89554,2,1
44778,83,637.6,185.5,2687,89556,2,1
44779,83,637.5,185.8,2687,89558,2,1
44780,83,637.5,186,2687,89560,2,1
44781,83,637.4,186,2687,89562,2,1
44782,83,637.4,186.1,2687,89564,2,1
44783,83,637.4,186.3,2687,89566,2,1
44784,83,637.7,186.8,2687,89568,2,1
44785,83,638.2,186.9,2687,89570,2,1
44786,83,638.7,187.1,2687,89572,2,1
44787,83,639.1,187.2,2687,89574,2,1
44788,83,639.7,187.3,2688,89576,2,1
44789,83,640.2,187.4,2688,89578,2,1
44790,83,640.8,187.5,2688,89580,2,1
44791,83,641.1,187.3,2688,89582,2,1
44792,83,641.3,187.2,2688,89584,2,1
44793,83,641.5,187.5,2688,89586,2,1
44794,83,641.7,187.8,2688,89588,2,1
44795,83,641.8,188.2,2688,89590,2,1
44796,83,642,188.4,2688,89592,2,1
44797,83,642,188.6,2688,89594,2,1
44798,83,642.1,188.8,2688,89596,2,1
44799,83,642.2,188.9,2688,89598,2,1
44800,83,642.3,188.5,2688,89600,2,1
44801,83,642.5,188,2688,89602,2,1
44802,83,642.6,187.5,2688,89604,2,1
44803,83,642.5,187.1,2688,89606,2,1
44804,83,642.3,187,2688,89608,2,1
44805,83,642.1,187.2,2689,89610,2,1
44806,83,641.7,187.4,2689,89612,2,1
44807,83,641.4,187.7,2689,89614,2,1
44808,83,641.2,187.6,2689,89616,2,1
44809,83,641,187.6,2689,89618,2,1
44810,83,641.2,187.4,2689,89620,2,1
44811,83,641.3,187.1,2689,89622,2,1
44812,83,641.5,186.7,2689,89624,2,1
44813,83,641.6,186.9,2689,89626,2,1
44814,83,641.7,187.4,2689,89628,2,1
44815,83,641.6,188.2,2689,89630,2,1
44816,83,641.4,189.4,2689,89632,2,1
44817,83,641.2,190.6,2689,89634,2,1
44818,83,641,191.6,2689,89636,2,1
44819,83,641,192.3,2689,89638,2,1
44820,83,641.1,192.5,2689,89640,2,1
44821,83,641.3,192.7,2690,89642,2,1
44822,83,641.6,192.7,2690,89644,2,1
44823,83,641.8,192.6,2690,89646,2,1
44824,83,642.1,192.8,2690,89648,2,1
44825,83,642.4,193.1,2690,89650,2,1
44826,83,642.6,193.5,2690,89652,2,1
44827,83,642.7,193.7,2690,89654,2,1
44828,83,643,193.8,2690,89656,2,1
44829,83,643.3,193.9,2690,89658,2,1
44830,83,643.6,193.8,2690,89660,2,1
44831,83,644.1,193.1,2690,89662,2,1
44832,83,644.4,192.7,2690,89664,2,1
44833,83,644.5,192.5,2690,89666,2,1
44834,83,644.6,192.5,2690,89668,2,1
44835,83,644.5,192.6,2690,89670,2,1
44836,83,644.3,192.7,2690,89672,2,1
44837,83,644,192.9,2690,89674,2,1
44838,83,643.7,193.1,2691,89676,2,1
44839,83,643.5,193,2691,89678,2,1
44840,83,643.4,193.1,2691,89680,2,1
44841,83,643.4,193.3,2691,89682,2,1
44842,83,643.4,193.5,2691,89684,2,1
44843,83,643.5,193.9,2691,89686,2,1
44844,83,643.8,194.1,2691,89688,2,1
44845,83,644,194.1,2691,89690,2,1
44846,83,644.2,193.9,2691,89692,2,1
44847,83,644.3,194.1,2691,89694,2,1
44848,83,644.4,193.8,2691,89696,2,1
44849,83,644.5,193.4,2691,89698,2,1
44850,83,644.6,192.8,2691,89700,2,1
44851,83,644.6,192.7,2691,89702,2,1
44852,83,644.5,192.4,2691,89704,2,1
44853,83,644.3,192.1,2691,89706,2,1
44854,83,644.2,191.6,2691,89708,2,1
44855,83,644.2,191.2,2692,89710,2,1
44856,83,644.4,190.8,2692,89712,2,1
44857,83,644.5,190.3,2692,89714,2,1
44858,83,644.6,189.9,2692,89716,2,1
44859,83,645,189.5,2692,89718,2,1
44860,83,645.4,188.9,2692,89720,2,1
44861,83,645.8,188.4,2692,89722,2,1
44862,83,646.1,188,2692,89724,2,1
44863,83,646.2,187.7,2692,89726,2,1
44864,83,645.9,187.6,2692,89728,2,1
44865,83,645.4,188,2692,89730,2,1
44866,83,644.8,189,2692,89732,2,1
44867,83,644.2,190,2692,89734,2,1
44868,83,643.5,190.9,2692,89736,2,1
44869,83,642.8,192.2,2692,89738,2,1
44870,83,642.1,193.3,2692,89740,2,1
44871,83,642.1,194.3,2693,89742,2,1
44872,83,642.2,194.6,2693,89744,2,1
44873,83,642.4,194.5,2693,89746,2,1
44874,83,642.6,194.1,2693,89748,2,1
44875,83,643,193.6,2693,89750,2,1
44876,83,643.4,192.9,2693,89752,2,1
44877,83,643.9,192.1,2693,89754,2,1
44878,83,644.2,191.4,2693,89756,2,1
44879,83,644.4,190.9,2693,89758,2,1
44880,83,644.6,190.6,2693,89760,2,1
44881,83,644.8,190.8,2693,89762,2,1
44882,83,644.9,191,2693,89764,2,1
44883,83,645,191.4,2693,89766,2,1
44884,83,645.2,191.6,2693,89768,2,1
44885,83,645.3,192.4,2693,89770,2,1
44886,83,645.4,192.9,2693,89772,2,1
44887,83,645.5,193.6,2693,89774,2,1
44888,83,645.6,194.2,2694,89776,2,1
44889,83,645.8,194.8,2694,89778,2,1
44890,83,646,195.2,2694,89780,2,1
44891,83,646.7,195.6,2694,89782,2,1
44892,83,647.3,195.3,2694,89784,2,1
44893,83,648,194.9,2694,89786,2,1
44894,83,648.6,194.5,2694,89788,2,1
44895,83,649.1,194.1,2694,89790,2,1
44896,83,649.4,193.9,2694,89792,2,1
44897,83,649.9,193.7,2694,89794,2,1
44898,83,649.9,193.5,2694,89796,2,1
44899,83,650.4,193.4,2694,89798,2,1
44900,83,650.9,193.5,2694,89800,2,1
44901,83,651.4,193.6,2694,89802,2,1
44902,83,651.9,194.1,2694,89804,2,1
44903,83,652.3,194.6,2694,89806,2,1
44904,83,652.6,195,2694,89808,2,1
44905,83,652.9,195,2695,89810,2,1
44906,83,652.9,195,2695,89812,2,1
44907,83,652.9,194.7,2695,89814,2,1
44908,83,652.9,194.6,2695,89816,2,1
44909,83,653.1,194.3,2695,89818,2,1
44910,83,653.4,194.1,2695,89820,2,1
44911,83,653.7,193.9,2695,89822,2,1
44912,83,654.2,193.6,2695,89824,2,1
44913,83,654.7,193.2,2695,89826,2,1
44914,83,655.1,193,2695,89828,2,1
44915,83,655.5,192.8,2695,89830,2,1
44916,83,655.8,192.7,2695,89832,2,1
44917,83,656.2,192.9,2695,89834,2,1
44918,83,656.5,193.1,2695,89836,2,1
44919,83,656.6,193.3,2695,89838,2,1
44920,83,656.7,193.5,2695,89840,2,1
44921,83,656.9,193.9,2696,89842,2,1
44922,83,657.1,194.4,2696,89844,2,1
44923,83,657.3,194.8,2696,89846,2,1
44924,83,657.3,195,2696,89848,2,1
44925,83,657.3,195,2696,89850,2,1
44926,83,657.3,195,2696,89852,2,1
44927,83,657.3,194.9,2696,89854,2,1
44928,83,657.1,194.5,2696,89856,2,1
44929,83,657,194.2,2696,89858,2,1
44930,83,656.9,194,2696,89860,2,1
44931,83,657,193.8,2696,89862,2,1
44932,83,656.9,193.7,2696,89864,2,1
44933,83,656.6,193.9,2696,89866,2,1
44934,83,655.7,194.1,2696,89868,2,1
44935,83,654.9,194.2,2696,89870,2,1
44936,83,654.1,194.1,2696,89872,2,1
44937,83,653.9,193.8,2696,89874,2,1
44938,83,653.6,193.5,2697,89876,2,1
44939,83,653.4,193.2,2697,89878,2,1
44940,83,653.5,193,2697,89880,2,1
44941,83,654.2,192.9,2697,89882,2,1
44942,83,654.9,192.9,2697,89884,2,1
44943,83,655.7,193.1,2697,89886,2,1
44944,83,655.9,193.2,2697,89888,2,1
44945,83,656,193.3,2697,89890,2,1
44946,83,656.3,193.5,2697,89892,2,1
44947,83,656.6,193.6,2697,89894,2,1
44948,83,656.8,193.4,2697,89896,2,1
44949,83,657.2,193.1,2697,89898,2,1
44950,83,657.6,192.8,2697,89900,2,1
44951,83,658,192.8,2697,89902,2,1
44952,83,658.4,192.7,2697,89904,2,1
44953,83,658.7,192.9,2697,89906,2,1
44954,83,658.8,193,2697,89908,2,1
44955,83,658.9,193.7,2698,89910,2,1
44956,83,658.8,194.5,2698,89912,2,1
44957,83,658.7,195.1,2698,89914,2,1
44958,83,658.7,195.7,2698,89916,2,1
44959,83,658.8,196,2698,89918,2,1
44960,83,658.9,196.2,2698,89920,2,1
44961,83,659,195.8,2698,89922,2,1
44962,83,659.1,194.9,2698,89924,2,1
44963,83,659.2,194.1,2698,89926,2,1
44964,83,659.4,193.2,2698,89928,2,1
44965,83,659.3,192.4,2698,89930,2,1
44966,83,659.2,191.8,2698,89932,2,1
44967,83,659,191.3,2698,89934,2,1
44968,83,658.7,191.4,2698,89936,2,1
44969,83,658.4,191.6,2698,89938,2,1
44970,83,658,192.1,2698,89940,2,1
44971,83,657.6,192.9,2699,89942,2,1
44972,83,657.2,193.8,2699,89944,2,1
44973,83,656.8,194.7,2699,89946,2,1
44974,83,656.4,195.6,2699,89948,2,1
44975,83,656.3,196.1,2699,89950,2,1
44976,83,656.2,196.4,2699,89952,2,1
44977,83,656.2,196.4,2699,89954,2,1
44978,83,656.6,196.1,2699,89956,2,1
44979,83,657,195.6,2699,89958,2,1
44980,83,657.5,195,2699,89960,2,1
44981,83,657.9,194.5,2699,89962,2,1
44982,83,658.2,194.3,2699,89964,2,1
44983,83,657.8,194.6,2699,89966,2,1
44984,83,657.5,194.8,2699,89968,2,1
44985,83,656.8,195.1,2699,89970,2,1
44986,83,656.1,195.6,2699,89972,2,1
44987,83,655.5,196.1,2699,89974,2,1
44988,83,655,196.4,2700,89976,2,1
44989,83,654.7,196.6,2700,89978,2,1
44990,83,655.1,196.6,2700,89980,2,1
44991,83,655.4,196.5,2700,89982,2,1
44992,83,655.7,196.4,2700,89984,2,1
44993,83,655.9,196.2,2700,89986,2,1
44994,83,656.1,195.7,2700,89988,2,1
44995,83,656.2,195.1,2700,89990,2,1
44996,83,656.2,194.6,2700,89992,2,1
44997,83,656.1,194,2700,89994,2,1
44998,83,656,193.6,2700,89996,2,1
44999,83,655.9,193.1,2700,89998,2,1
45000,83,655.6,193,2700,90000,2,1
45001,83,655.3,193.2,2700,90002,2,1
45002,83,654.9,193.7,2700,90004,2,1
45003,83,654.6,194.2,2700,90006,2,1
45004,83,654.3,194.7,2700,90008,2,1
45005,83,654,195.1,2701,90010,2,1
45006,83,653.8,195.2,2701,90012,2,1
45007,83,653.7,195.3,2701,90014,2,1
45008,83,653.6,195.1,2701,90016,2,1
45009,83,653.5,194.7,2701,90018,2,1
45010,83,653.5,194.1,2701,90020,2,1
45011,83,653.3,193.6,2701,90022,2,1
45012,83,653.2,193.2,2701,90024,2,1
45013,83,652.6,193.1,2701,90026,2,1
45014,83,652,193.2,2701,90028,2,1
45015,83,651.3,193.3,2701,90030,2,1
45016,83,650.6,193.5,2701,90032,2,1
45017,83,649.9,193.8,2701,90034,2,1
45018,83,649.3,194.2,2701,90036,2,1
45019,83,648.6,194.7,2701,90038,2,1
45020,83,648.4,195.2,2701,90040,2,1
45021,83,648.4,195.7,2702,90042,2,1
45022,83,648.5,196,2702,90044,2,1
45023,83,648.5,196.6,2702,90046,2,1
45024,83,648.6,197.1,2702,90048,2,1
45025,83,648.7,197.3,2702,90050,2,1
45026,83,648.8,197.2,2702,90052,2,1
45027,83,648.8,197.2,2702,90054,2,1
45028,83,648.8,197,2702,90056,2,1
45029,83,648.9,196.8,2702,90058,2,1
45030,83,648.9,196.4,2702,90060,2,1
45031,83,648.8,196,2702,90062,2,1
45032,83,648.8,195.6,2702,90064,2,1
45033,83,648.7,195.5,2702,90066,2,1
45034,83,648.6,195.4,2702,90068,2,1
45035,83,648.3,195.3,2702,90070,2,1
45036,83,648,195.2,2702,90072,2,1
45037,83,647.7,195.3,2702,90074,2,1
45038,83,647.4,195.6,2703,90076,2,1
45039,83,647.2,196,2703,90078,2,1
45040,83,647,196.4,2703,90080,2,1
45041,83,646.9,196.8,2703,90082,2,1
45042,83,646.6,197.2,2703,90084,2,1
45043,83,646.2,197.7,2703,90086,2,1
45044,83,645.8,198,2703,90088,2,1
45045,83,645.5,198.2,2703,90090,2,1
45046,83,645,198.2,2703,90092,2,1
45047,83,644.7,198.3,2703,90094,2,1
45048,83,644.4,198.4,2703,90096,2,1
45049,83,644.3,198.4,2703,90098,2,1
45050,83,644.5,198,2703,90100,2,1
45051,83,644.6,197.6,2703,90102,2,1
45052,83,645,197.5,2703,90104,2,1
45053,83,645.3,197.7,2703,90106,2,1
45054,83,645.4,197.9,2703,90108,2,1
45055,83,645.5,198.2,2704,90110,2,1
45056,83,645.2,198.4,2704,90112,2,1
45057,83,645,198.5,2704,90114,2,1
45058,83,644.8,198.5,2704,90116,2,1
45059,83,644.3,198.3,2704,90118,2,1
45060,83,643.9,198.1,2704,90120,2,1
45061,83,643.4,197.9,2704,90122,2,1
45062,83,643.1,197.8,2704,90124,2,1
45063,83,643,197.6,2704,90126,2,1
45064,83,642.9,197.4,2704,90128,2,1
45065,83,642.8,197.2,2704,90130,2,1
45066,83,642.8,197.3,2704,90132,2,1
45067,83,642.7,197.5,2704,90134,2,1
45068,83,642.6,197.7,2704,90136,2,1
45069,83,642.2,197.9,2704,90138,2,1
45070,83,641.8,198.3,2704,90140,2,1
45071,83,641.4,198.7,2705,90142,2,1
45072,83,641,199.4,2705,90144,2,1
45073,83,640.5,199.9,2705,90146,2,1
45074,83,640.2,200.3,2705,90148,2,1
45075,83,639.8,200.7,2705,90150,2,1
45076,83,639.6,201.3,2705,90152,2,1
45077,83,639.5,201.9,2705,90154,2,1
45078,83,639.5,202.2,2705,90156,2,1
45079,83,639.4,202.5,2705,90158,2,1
45080,83,639.4,202.7,2705,90160,2,1
45081,83,639.4,202.9,2705,90162,2,1
45082,83,639.6,202.9,2705,90164,2,1
45083,83,639.7,202.9,2705,90166,2,1
45084,83,639.7,202.9,2705,90168,2,1
45085,83,639.8,202.8,2705,90170,2,1
45086,83,639.9,202.7,2705,90172,2,1
45087,83,639.9,202.6,2705,90174,2,1
45088,83,640,202.6,2706,90176,2,1
45089,83,640,202.5,2706,90178,2,1
45090,83,639.9,202.2,2706,90180,2,1
45091,83,639.9,202.2,2706,90182,2,1
45092,83,639.8,202.1,2706,90184,2,1
45093,83,639.8,201.8,2706,90186,2,1
45094,83,639.7,201.5,2706,90188,2,1
45095,83,639.4,201.5,2706,90190,2,1
45096,83,639.1,201.7,2706,90192,2,1
45097,83,638.7,201.8,2706,90194,2,1
45098,83,638.3,202,2706,90196,2,1
45099,83,637.9,202.1,2706,90198,2,1
45100,83,637.5,202.1,2706,90200,2,1
45101,83,637.1,201.6,2706,90202,2,1
45102,83,636.9,201.1,2706,90204,2,1
45103,83,636.8,200.4,2706,90206,2,1
45104,83,636.7,199.7,2706,90208,2,1
45105,83,637,198.9,2707,90210,2,1
45106,83,637.4,198.3,2707,90212,2,1
45107,83,637.9,197.9,2707,90214,2,1
45108,83,638.3,198,2707,90216,2,1
45109,83,638.8,198.1,2707,90218,2,1
45110,83,639.3,198.2,2707,90220,2,1
45111,83,639.8,198.3,2707,90222,2,1
45112,83,640,198.4,2707,90224,2,1
45113,83,640.1,198.4,2707,90226,2,1
45114,83,640.1,198.2,2707,90228,2,1
45115,83,639.7,198.2,2707,90230,2,1
45116,83,639.2,198.3,2707,90232,2,1
45117,83,638.7,198.5,2707,90234,2,1
45118,83,638.2,198.7,2707,90236,2,1
45119,83,637.6,198.7,2707,90238,2,1
45120,83,637.1,198.8,2707,90240,2,1
45121,83,636.6,199,2708,90242,2,1
45122,83,636.6,199.2,2708,90244,2,1
45123,83,636.5,199.4,2708,90246,2,1
45124,83,636.4,199.7,2708,90248,2,1
45125,83,636.2,200.1,2708,90250,2,1
45126,83,636,200.5,2708,90252,2,1
45127,83,635.8,200.9,2708,90254,2,1
45128,83,635.6,201.3,2708,90256,2,1
45129,83,635.3,201.6,2708,90258,2,1
45130,83,635.2,201.9,2708,90260,2,1
45131,83,635.1,202,2708,90262,2,1
45132,83,634.9,202,2708,90264,2,1
45133,83,634.9,201.8,2708,90266,2,1
45134,83,634.9,201.5,2708,90268,2,1
45135,83,635,201.1,2708,90270,2,1
45136,83,635.1,200.8,2708,90272,2,1
45137,83,635.2,200.6,2708,90274,2,1
45138,83,635.1,200.7,2709,90276,2,1
45139,83,635.2,200.8,2709,90278,2,1
45140,83,635.1,200.9,2709,90280,2,1
45141,83,634.9,200.7,2709,90282,2,1
45142,83,634.7,200.4,2709,90284,2,1
45143,83,634.5,200.2,2709,90286,2,1
45144,83,634.3,200.2,2709,90288,2,1
45145,83,634.1,200.2,2709,90290,2,1
45146,83,634,200.3,2709,90292,2,1
45147,83,633.8,200.6,2709,90294,2,1
45148,83,633.6,201.4,2709,90296,2,1
45149,83,633.5,202.2,2709,90298,2,1
45150,83,633.6,203.1,2709,90300,2,1
45151,83,633.8,203.7,2709,90302,2,1
45152,83,634.1,203.8,2709,90304,2,1
45153,83,634.5,203.8,2709,90306,2,1
45154,83,634.8,203.9,2709,90308,2,1
45155,83,635,203.6,2710,90310,2,1
45156,83,635.1,203.4,2710,90312,2,1
45157,83,634.9,203.4,2710,90314,2,1
45158,83,634.8,203.1,2710,90316,2,1
45159,83,634.5,202.8,2710,90318,2,1
45160,83,634.3,202.5,2710,90320,2,1
45161,83,634.1,202.2,2710,90322,2,1
45162,83,633.9,202,2710,90324,2,1
45163,83,633.7,202.1,2710,90326,2,1
45164,83,633.4,202.3,2710,90328,2,1
45165,83,633,202.6,2710,90330,2,1
45166,83,632.6,203,2710,90332,2,1
45167,83,632.2,203.4,2710,90334,2,1
45168,83,631.9,203.8,2710,90336,2,1
45169,83,631.6,204.3,2710,90338,2,1
45170,83,631.5,204.6,2710,90340,2,1
45171,83,631.4,205,2711,90342,2,1
45172,83,631.8,205.3,2711,90344,2,1
45173,83,632.2,205.5,2711,90346,2,1
45174,83,632.6,205.7,2711,90348,2,1
45175,83,633.1,205.9,2711,90350,2,1
45176,83,633.6,206.1,2711,90352,2,1
45177,83,634.1,206.4,2711,90354,2,1
45178,83,634.6,206.5,2711,90356,2,1
45179,83,634.7,206.7,2711,90358,2,1
45180,83,634.7,206.8,2711,90360,2,1
45181,83,634.8,206.8,2711,90362,2,1
45182,83,634.8,207.1,2711,90364,2,1
45183,83,634.9,207.5,2711,90366,2,1
45184,83,634.9,207.8,2711,90368,2,1
45185,83,635,208,2711,90370,2,1
45186,83,635.1,207.8,2711,90372,2,1
45187,83,635.3,207.3,2711,90374,2,1
45188,83,635.5,206.7,2712,90376,2,1
45189,83,635.7,206.1,2712,90378,2,1
45190,83,635.9,205.4,2712,90380,2,1
45191,83,636,204.6,2712,90382,2,1
45192,83,636.2,204,2712,90384,2,1
45193,83,636.4,203.6,2712,90386,2,1
45194,83,636.6,203.7,2712,90388,2,1
45195,83,636.8,204,2712,90390,2,1
45196,83,637,204.1,2712,90392,2,1
45197,83,637.1,204.4,2712,90394,2,1
45198,83,637.2,205.1,2712,90396,2,1
45199,83,637.2,206.3,2712,90398,2,1
45200,83,637.2,207,2712,90400,2,1
45201,83,637,207.6,2712,90402,2,1
45202,83,636.9,208,2712,90404,2,1
45203,83,636.8,208.3,2712,90406,2,1
45204,83,636.7,208.1,2712,90408,2,1
45205,83,636.7,207.4,2713,90410,2,1
45206,83,636.6,206.6,2713,90412,2,1
45207,83,636.5,205.9,2713,90414,2,1
45208,83,636.4,205.3,2713,90416,2,1
45209,83,636.4,204.6,2713,90418,2,1
45210,83,636.4,204,2713,90420,2,1
45211,83,636.5,203.7,2713,90422,2,1
45212,83,636.6,203.4,2713,90424,2,1
45213,83,636.5,204,2713,90426,2,1
45214,83,636.5,204.6,2713,90428,2,1
45215,83,636.6,205.3,2713,90430,2,1
45216,83,636.5,206,2713,90432,2,1
45217,83,636.3,206.8,2713,90434,2,1
45218,83,636.2,207.2,2713,90436,2,1
45219,83,636.1,207.6,2713,90438,2,1
45220,83,636.2,207.2,2713,90440,2,1
45221,83,636.3,206.9,2714,90442,2,1
45222,83,636.5,206.6,2714,90444,2,1
45223,83,636.7,206.2,2714,90446,2,1
45224,83,636.8,206,2714,90448,2,1
45225,83,636.8,206.1,2714,90450,2,1
45226,83,636.7,206.1,2714,90452,2,1
45227,83,636.6,206.1,2714,90454,2,1
45228,83,636.4,206,2714,90456,2,1
45229,83,636.2,206,2714,90458,2,1
45230,83,636.2,205.9,2714,90460,2,1
45231,83,636.3,205.8,2714,90462,2,1
45232,83,636.5,205.8,2714,90464,2,1
45233,83,636.7,206,2714,90466,2,1
45234,83,636.9,206.3,2714,90468,2,1
45235,83,636.8,206.6,2714,90470,2,1
45236,83,636.7,207,2714,90472,2,1
45237,83,636.4,207.4,2714,90474,2,1
45238,83,636,207.7,2715,90476,2,1
45239,83,635.7,208,2715,90478,2,1
45240,83,635.3,208.3,2715,90480,2,1
45241,83,635,208.7,2715,90482,2,1
45242,83,634.8,208.9,2715,90484,2,1
45243,83,634.7,209.1,2715,90486,2,1
45244,83,634.6,209.4,2715,90488,2,1
45245,83,634.6,209.7,2715,90490,2,1
45246,83,634.5,210,2715,90492,2,1
45247,83,634.4,210.4,2715,90494,2,1
45248,83,634.6,210.6,2715,90496,2,1
45249,83,634.7,210.8,2715,90498,2,1
45250,83,634.9,210.9,2715,90500,2,1
45251,83,635.2,210.9,2715,90502,2,1
45252,83,635.4,211,2715,90504,2,1
45253,83,635.8,211,2715,90506,2,1
45254,83,636.4,210.9,2715,90508,2,1
45255,83,636.7,211,2716,90510,2,1
45256,83,636.9,211,2716,90512,2,1
45257,83,637,211,2716,90514,2,1
45258,83,637,211.2,2716,90516,2,1
45259,83,637,211.3,2716,90518,2,1
45260,83,636.8,211.6,2716,90520,2,1
45261,83,636.5,212.1,2716,90522,2,1
45262,83,636.3,212.8,2716,90524,2,1
45263,83,636.2,213.3,2716,90526,2,1
45264,83,636.6,213.7,2716,90528,2,1
45265,83,637.1,213.9,2716,90530,2,1
45266,83,637.6,214.2,2716,90532,2,1
45267,83,638.1,214.3,2716,90534,2,1
45268,83,638.5,214.2,2716,90536,2,1
45269,83,638.7,214.2,2716,90538,2,1
45270,83,638.5,214.3,2716,90540,2,1
45271,83,638,214.1,2717,90542,2,1
45272,83,637.4,213.9,2717,90544,2,1
45273,83,636.9,213.7,2717,90546,2,1
45274,83,636.3,213.4,2717,90548,2,1
45275,83,635.8,213.2,2717,90550,2,1
45276,83,635.6,213.1,2717,90552,2,1
45277,83,635.6,213.1,2717,90554,2,1
45278,83,635.6,213.3,2717,90556,2,1
45279,83,635.6,213.6,2717,90558,2,1
45280,83,635.4,213.8,2717,90560,2,1
45281,83,635.3,213.9,2717,90562,2,1
45282,83,635.1,214.1,2717,90564,2,1
45283,83,634.9,214.3,2717,90566,2,1
45284,83,634.8,214.4,2717,90568,2,1
45285,83,634.6,214.3,2717,90570,2,1
45286,83,634.5,214.6,2717,90572,2,1
45287,83,634.5,215.2,2717,90574,2,1
45288,83,634.5,215.6,2718,90576,2,1
45289,83,634.8,216.2,2718,90578,2,1
45290,83,635.3,217,2718,90580,2,1
45291,83,636.9,217.8,2718,90582,2,1
45292,83,638.3,220.2,2718,90584,2,1
45293,83,641.1,223.3,2718,90586,2,1
45294,83,644,227.5,2718,90588,2,1
45295,83,648.6,233.8,2718,90590,2,1
45296,83,653.5,242.4,2718,90592,2,1
45297,83,658.5,251.3,2718,90594,2,1
45298,83,663.2,261.3,2718,90596,2,1
45299,83,668.1,270,2718,90598,2,1
45300,83,671.7,277.6,2718,90600,2,1
45301,83,675.1,283.9,2718,90602,2,1
45302,83,676.9,288.2,2718,90604,2,1
45303,83,677.9,290.2,2718,90606,2,1
45304,83,678.8,291.9,2718,90608,2,1
45305,83,679,291.9,2719,90610,2,1
45306,83,679.4,291.5,2719,90612,2,1
45307,83,679.8,290.8,2719,90614,2,1
45308,83,680.2,290.2,2719,90616,2,1
45309,83,680.7,289.6,2719,90618,2,1
45310,83,681.2,289.2,2719,90620,2,1
45311,83,681.6,290,2719,90622,2,1
45312,83,681.8,291,2719,90624,2,1
45313,83,681.8,292.8,2719,90626,2,1
45314,83,681.7,294.8,2719,90628,2,1
45315,83,681.6,296.8,2719,90630,2,1
45316,83,681.5,298.7,2719,90632,2,1
45317,83,681.3,300.2,2719,90634,2,1
45318,83,681.3,300.8,2719,90636,2,1
45319,83,681.4,301.1,2719,90638,2,1
45320,83,681.5,301.2,2719,90640,2,1
45321,83,681.7,301.1,2720,90642,2,1
45322,83,681.9,300.7,2720,90644,2,1
45323,83,682,300.4,2720,90646,2,1
45324,83,682.2,300.2,2720,90648,2,1
45325,83,682.3,299.9,2720,90650,2,1
45326,83,682.4,299.7,2720,90652,2,1
45327,83,682.6,299.8,2720,90654,2,1
45328,83,682.8,300.3,2720,90656,2,1
45329,83,683,300.8,2720,90658,2,1
45330,83,683.1,301.3,2720,90660,2,1
45331,83,684.1,301.7,2720,90662,2,1
45332,83,685.1,302.2,2720,90664,2,1
45333,83,686,302.5,2720,90666,2,1
45334,83,686.9,302.7,2720,90668,2,1
45335,83,687.7,302.2,2720,90670,2,1
45336,83,688.4,301.6,2720,90672,2,1
45337,83,689.1,301.1,2720,90674,2,1
45338,83,688.9,300.7,2721,90676,2,1
45339,83,688.7,300.2,2721,90678,2,1
45340,83,688.3,299.8,2721,90680,2,1
45341,83,688,299.5,2721,90682,2,1
45342,83,687.7,299.5,2721,90684,2,1
45343,83,687.4,299.6,2721,90686,2,1
45344,83,687.2,299.8,2721,90688,2,1
45345,83,687.1,299.9,2721,90690,2,1
45346,83,687,300,2721,90692,2,1
45347,83,686.8,300.1,2721,90694,2,1
45348,83,686.2,300.3,2721,90696,2,1
45349,83,685.6,300.5,2721,90698,2,1
45350,83,684.9,300.6,2721,90700,2,1
45351,83,684.4,300.8,2721,90702,2,1
45352,83,683.8,301,2721,90704,2,1
45353,83,683.3,301.2,2721,90706,2,1
45354,83,683,301.2,2721,90708,2,1
45355,83,683.1,301.1,2722,90710,2,1
45356,83,683.2,301,2722,90712,2,1
45357,83,683.3,300.8,2722,90714,2,1
45358,83,683.3,300.5,2722,90716,2,1
45359,83,683.3,300.3,2722,90718,2,1
45360,83,683.1,300.1,2722,90720,2,1
45361,83,683,300.2,2722,90722,2,1
45362,83,682.7,300.3,2722,90724,2,1
45363,83,682.5,300.5,2722,90726,2,1
45364,83,682.3,300.6,2722,90728,2,1
45365,83,682.3,300.8,2722,90730,2,1
45366,83,682.3,300.9,2722,90732,2,1
45367,83,682.3,300.8,2722,90734,2,1
45368,83,682.5,300.9,2722,90736,2,1
45369,83,682.7,301.1,2722,90738,2,1
45370,83,683,301.4,2722,90740,2,1
45371,83,683.3,301.6,2723,90742,2,1
45372,83,683.5,301.7,2723,90744,2,1
45373,83,683.7,301.7,2723,90746,2,1
45374,83,683.9,301.8,2723,90748,2,1
45375,83,683.9,301.8,2723,90750,2,1
45376,83,684,301.8,2723,90752,2,1
45377,83,684.1,301.6,2723,90754,2,1
45378,83,684.3,301.3,2723,90756,2,1
45379,83,684.5,301,2723,90758,2,1
45380,83,684.7,300.9,2723,90760,2,1
45381,83,684.7,300.8,2723,90762,2,1
45382,83,684.5,300.8,2723,90764,2,1
45383,83,684,300.9,2723,90766,2,1
45384,83,683.5,301.1,2723,90768,2,1
45385,83,682.7,301.3,2723,90770,2,1
45386,83,682.3,301.6,2723,90772,2,1
45387,83,681.9,301.9,2723,90774,2,1
45388,83,681.6,302.4,2724,90776,2,1
45389,83,681.6,302.9,2724,90778,2,1
45390,83,681.9,303.2,2724,90780,2,1
45391,83,682.2,303.6,2724,90782,2,1
45392,83,682.8,303.9,2724,90784,2,1
45393,83,683.1,304.3,2724,90786,2,1
45394,83,683.5,304.1,2724,90788,2,1
45395,83,683.9,303.8,2724,90790,2,1
45396,83,684.3,303.4,2724,90792,2,1
45397,83,684.4,302.9,2724,90794,2,1
45398,83,684.6,302.2,2724,90796,2,1
45399,83,684.6,301.5,2724,90798,2,1
45400,83,684.7,300.8,2724,90800,2,1
45401,83,684.8,300.8,2724,90802,2,1
45402,83,685,300.8,2724,90804,2,1
45403,83,685.1,301,2724,90806,2,1
45404,83,685.5,301.2,2724,90808,2,1
45405,83,685.8,301.4,2725,90810,2,1
45406,83,685.8,301.6,2725,90812,2,1
45407,83,685.7,301.6,2725,90814,2,1
45408,83,685.6,301.5,2725,90816,2,1
45409,83,685.4,301.4,2725,90818,2,1
45410,83,685.1,301.2,2725,90820,2,1
45411,83,684.7,301,2725,90822,2,1
45412,83,684.2,300.9,2725,90824,2,1
45413,83,683.9,300.7,2725,90826,2,1
45414,83,683.6,300.5,2725,90828,2,1
45415,83,683.3,300.2,2725,90830,2,1
45416,83,683,300,2725,90832,2,1
45417,83,682.8,299.8,2725,90834,2,1
45418,83,682.9,299.7,2725,90836,2,1
45419,83,683.1,299.7,2725,90838,2,1
45420,83,683.8,299.7,2725,90840,2,1
45421,83,684.6,299.8,2726,90842,2,1
45422,83,685.1,299.9,2726,90844,2,1
45423,83,685.6,300,2726,90846,2,1
45424,83,686,300.1,2726,90848,2,1
45425,83,686.3,300.1,2726,90850,2,1
45426,83,686.4,300.1,2726,90852,2,1
45427,83,685.9,300,2726,90854,2,1
45428,83,685.4,300.1,2726,90856,2,1
45429,83,685.1,300.2,2726,90858,2,1
45430,83,684.9,300.6,2726,90860,2,1
45431,83,684.9,301,2726,90862,2,1
45432,83,684.9,301.2,2726,90864,2,1
45433,83,685,301.3,2726,90866,2,1
45434,83,685.2,301.3,2726,90868,2,1
45435,83,685.4,301.3,2726,90870,2,1
45436,83,685.6,301.1,2726,90872,2,1
45437,83,685.8,300.9,2726,90874,2,1
45438,83,685.9,300.8,2727,90876,2,1
45439,83,686,300.9,2727,90878,2,1
45440,83,686,301,2727,90880,2,1
45441,83,686.1,301,2727,90882,2,1
45442,83,686.1,300.8,2727,90884,2,1
45443,83,686,300.7,2727,90886,2,1
45444,83,685.8,300.6,2727,90888,2,1
45445,83,685.7,300.4,2727,90890,2,1
45446,83,685.4,300.7,2727,90892,2,1
45447,83,685.1,301,2727,90894,2,1
45448,83,684.6,301.4,2727,90896,2,1
45449,83,684.1,302.1,2727,90898,2,1
45450,83,683.7,302.6,2727,90900,2,1
45451,83,683.3,303,2727,90902,2,1
45452,83,682.9,302.9,2727,90904,2,1
45453,83,682.8,302.1,2727,90906,2,1
45454,83,682.8,301.3,2727,90908,2,1
45455,83,683.1,300.4,2728,90910,2,1
45456,83,683.4,299.5,2728,90912,2,1
45457,83,683.9,298.7,2728,90914,2,1
45458,83,684.4,298.6,2728,90916,2,1
45459,83,684.9,299,2728,90918,2,1
45460,83,685.5,299.5,2728,90920,2,1
45461,83,686,300,2728,90922,2,1
45462,83,686.5,300.5,2728,90924,2,1
45463,83,686.9,300.9,2728,90926,2,1
45464,83,686.9,301.4,2728,90928,2,1
45465,83,686.6,301.4,2728,90930,2,1
45466,83,686.3,301.3,2728,90932,2,1
45467,83,685.7,301.1,2728,90934,2,1
45468,83,685.2,301,2728,90936,2,1
45469,83,684.7,300.6,2728,90938,2,1
45470,83,684.3,300.4,2728,90940,2,1
45471,83,684.1,300.3,2729,90942,2,1
45472,83,684.2,300.7,2729,90944,2,1
45473,83,684.3,301.2,2729,90946,2,1
45474,83,684.3,301.9,2729,90948,2,1
45475,83,684.2,302.5,2729,90950,2,1
45476,83,684.2,303.4,2729,90952,2,1
45477,83,684.3,304.1,2729,90954,2,1
45478,83,684.5,304.7,2729,90956,2,1
45479,83,684.8,304.7,2729,90958,2,1
45480,83,685.1,304.8,2729,90960,2,1
45481,83,685.5,304.8,2729,90962,2,1
45482,83,685.8,304.8,2729,90964,2,1
45483,83,685.9,304.9,2729,90966,2,1
45484,83,685.9,305,2729,90968,2,1
45485,83,685.6,305,2729,90970,2,1
45486,83,685.3,305.1,2729,90972,2,1
45487,83,685,305.2,2729,90974,2,1
45488,83,684.8,305.2,2730,90976,2,1
45489,83,684.7,305.2,2730,90978,2,1
45490,83,684.8,305.1,2730,90980,2,1
45491,83,684.9,305,2730,90982,2,1
45492,83,685.2,305,2730,90984,2,1
45493,83,685.4,305,2730,90986,2,1
45494,83,685.7,305.3,2730,90988,2,1
45495,83,685.9,305.5,2730,90990,2,1
45496,83,686.2,305.7,2730,90992,2,1
45497,83,686.4,306,2730,90994,2,1
45498,83,686.7,306.1,2730,90996,2,1
45499,83,686.8,306.2,2730,90998,2,1
45500,83,686.8,306,2730,91000,2,1
45501,83,686.4,305.8,2730,91002,2,1
45502,83,685.9,305.6,2730,91004,2,1
45503,83,685.4,305.4,2730,91006,2,1
45504,83,684.9,305.5,2730,91008,2,1
45505,83,684.6,305.7,2731,91010,2,1
45506,83,684.4,306,2731,91012,2,1
45507,83,684.3,306.3,2731,91014,2,1
45508,83,684.6,306.6,2731,91016,2,1
45509,83,684.7,306.9,2731,91018,2,1
45510,83,684.8,307.2,2731,91020,2,1
45511,83,684.9,307.2,2731,91022,2,1
45512,83,684.8,307.2,2731,91024,2,1
45513,83,684.8,307.2,2731,91026,2,1
45514,83,684.7,307.1,2731,91028,2,1
45515,83,684.7,307,2731,91030,2,1
45516,83,684.8,307.1,2731,91032,2,1
45517,83,685,307.2,2731,91034,2,1
45518,83,685.2,307.4,2731,91036,2,1
45519,83,685.3,307.6,2731,91038,2,1
45520,83,685.4,308,2731,91040,2,1
45521,83,685.5,308.5,2732,91042,2,1
45522,83,685.6,308.9,2732,91044,2,1
45523,83,685.7,309.2,2732,91046,2,1
45524,83,685.6,309,2732,91048,2,1
45525,83,685.4,308.9,2732,91050,2,1
45526,83,685.3,308.7,2732,91052,2,1
45527,83,685.1,308.5,2732,91054,2,1
45528,83,684.9,308.3,2732,91056,2,1
45529,83,684.8,308.1,2732,91058,2,1
45530,83,684.8,307.8,2732,91060,2,1
45531,83,684.8,308.2,2732,91062,2,1
45532,83,684.9,308.8,2732,91064,2,1
45533,83,685.1,309.3,2732,91066,2,1
45534,83,685.3,309.6,2732,91068,2,1
45535,83,685.5,309.8,2732,91070,2,1
45536,83,685.7,310.1,2732,91072,2,1
45537,83,685.7,310.5,2732,91074,2,1
45538,83,685.8,310.7,2733,91076,2,1
45539,83,685.9,310.8,2733,91078,2,1
45540,83,686,310.9,2733,91080,2,1
45541,83,686,311,2733,91082,2,1
45542,83,686.1,311.1,2733,91084,2,1
45543,83,686.2,311.1,2733,91086,2,1
45544,83,686.1,311.1,2733,91088,2,1
45545,83,686.1,311.3,2733,91090,2,1
45546,83,686,311.5,2733,91092,2,1
45547,83,685.9,311.6,2733,91094,2,1
45548,83,685.9,311.7,2733,91096,2,1
45549,83,685.9,311.7,2733,91098,2,1
45550,83,685.9,311.5,2733,91100,2,1
45551,83,686,311,2733,91102,2,1
45552,83,686,310.6,2733,91104,2,1
45553,83,686,310.3,2733,91106,2,1
45554,83,685.9,310.2,2733,91108,2,1
45555,83,685.8,310.4,2734,91110,2,1
45556,83,685.7,310.5,2734,91112,2,1
45557,83,685.6,310.5,2734,91114,2,1
45558,83,685.6,310.2,2734,91116,2,1
45559,83,685.8,309.8,2734,91118,2,1
45560,83,686.1,309.3,2734,91120,2,1
45561,83,686.6,308.7,2734,91122,2,1
45562,83,687.1,308,2734,91124,2,1
45563,83,687.5,307.5,2734,91126,2,1
45564,83,687.8,307.1,2734,91128,2,1
45565,83,688,307.1,2734,91130,2,1
45566,83,688.2,307.1,2734,91132,2,1
45567,83,688.1,307.2,2734,91134,2,1
45568,83,687.9,307.2,2734,91136,2,1
45569,83,687.5,307,2734,91138,2,1
45570,83,687,306.4,2734,91140,2,1
45571,83,684.9,304.4,2735,91142,2,1
45572,83,682.6,301.4,2735,91144,2,1
45573,83,677.7,297,2735,91146,2,1
45574,83,671.2,291.6,2735,91148,2,1
45575,83,664.3,284.4,2735,91150,2,1
45576,83,656,277.2,2735,91152,2,1
45577,83,647.7,269.9,2735,91154,2,1
45578,83,640.2,263.3,2735,91156,2,1
45579,83,632.9,257.9,2735,91158,2,1
45580,83,628,254,2735,91160,2,1
45581,83,624.7,251.3,2735,91162,2,1
45582,83,621.8,250.1,2735,91164,2,1
45583,83,620.4,249.1,2735,91166,2,1
45584,83,619,248.5,2735,91168,2,1
45585,83,618.5,248.5,2735,91170,2,1
45586,83,617.9,248.9,2735,91172,2,1
45587,83,617.3,250,2735,91174,2,1
45588,83,616.8,251.1,2736,91176,2,1
45589,83,616.3,252.2,2736,91178,2,1
45590,83,615.9,252.7,2736,91180,2,1
45591,83,615.7,253.1,2736,91182,2,1
45592,83,615.6,253.5,2736,91184,2,1
45593,83,615.3,252.9,2736,91186,2,1
45594,83,615.2,251.9,2736,91188,2,1
45595,83,614.6,250.8,2736,91190,2,1
45596,83,614,249.7,2736,91192,2,1
45597,83,613.5,249.2,2736,91194,2,1
45598,83,613.1,248.7,2736,91196,2,1
45599,83,613.2,248.2,2736,91198,2,1
45600,83,613.3,248.2,2736,91200,2,1
45601,83,613.5,248.3,2736,91202,2,1
45602,83,614.2,248.4,2736,91204,2,1
45603,83,614.8,248.6,2736,91206,2,1
45604,83,615.2,248.9,2736,91208,2,1
45605,83,615.4,249.2,2737,91210,2,1
45606,83,615.1,248.7,2737,91212,2,1
45607,83,614.8,248.3,2737,91214,2,1
45608,83,614.4,247.7,2737,91216,2,1
45609,83,614.1,247,2737,91218,2,1
45610,83,613.9,246.3,2737,91220,2,1
45611,83,613.6,245.5,2737,91222,2,1
45612,83,613.5,244.9,2737,91224,2,1
45613,83,613.4,245,2737,91226,2,1
45614,83,613.3,244.9,2737,91228,2,1
45615,83,613.2,244.8,2737,91230,2,1
45616,83,613.1,244.6,2737,91232,2,1
45617,83,613,244.6,2737,91234,2,1
45618,83,613,244.5,2737,91236,2,1
45619,83,613,244.4,2737,91238,2,1
45620,83,613,244.4,2737,91240,2,1
45621,83,613.1,244.3,2738,91242,2,1
45622,83,613.3,244.3,2738,91244,2,1
45623,83,613.5,244.5,2738,91246,2,1
45624,83,613.7,244.9,2738,91248,2,1
45625,83,613.9,245.1,2738,91250,2,1
45626,83,614.1,245.5,2738,91252,2,1
45627,83,614.3,245.9,2738,91254,2,1
45628,83,614.5,246.3,2738,91256,2,1
45629,83,614.5,246.5,2738,91258,2,1
45630,83,614.7,246.6,2738,91260,2,1
45631,83,614.8,246.6,2738,91262,2,1
45632,83,614.8,246.6,2738,91264,2,1
45633,83,614.9,246.5,2738,91266,2,1
45634,83,615.2,246.4,2738,91268,2,1
45635,83,615.5,246.4,2738,91270,2,1
45636,83,615.6,246.5,2738,91272,2,1
45637,83,615.6,246.6,2738,91274,2,1
45638,83,615.8,246.7,2739,91276,2,1
45639,83,615.9,247,2739,91278,2,1
45640,83,615.9,247.4,2739,91280,2,1
45641,83,615.7,247.7,2739,91282,2,1
45642,83,615.4,247.9,2739,91284,2,1
45643,83,615.3,248.1,2739,91286,2,1
45644,83,615.1,248,2739,91288,2,1
45645,83,615,247.9,2739,91290,2,1
45646,83,614.9,247.5,2739,91292,2,1
45647,83,614.9,247.3,2739,91294,2,1
45648,83,615.6,247,2739,91296,2,1
45649,83,616.5,247.1,2739,91298,2,1
45650,83,617.3,247.1,2739,91300,2,1
45651,83,618,247.5,2739,91302,2,1
45652,83,618.7,247.9,2739,91304,2,1
45653,83,619.2,248.5,2739,91306,2,1
45654,83,619.6,248.8,2739,91308,2,1
45655,83,618.6,249.1,2740,91310,2,1
45656,83,617.6,249.1,2740,91312,2,1
45657,83,616.5,248.7,2740,91314,2,1
45658,83,615.4,248.3,2740,91316,2,1
45659,83,614.3,247.8,2740,91318,2,1
45660,83,613.5,247.5,2740,91320,2,1
45661,83,612.8,247.4,2740,91322,2,1
45662,83,612.7,247.3,2740,91324,2,1
45663,83,612.5,247.3,2740,91326,2,1
45664,83,612.5,247.7,2740,91328,2,1
45665,83,612.5,248,2740,91330,2,1
45666,83,612.6,248.1,2740,91332,2,1
45667,83,612.7,248.3,2740,91334,2,1
45668,83,612.7,248.4,2740,91336,2,1
45669,83,612.8,248.5,2740,91338,2,1
45670,83,612.9,248.8,2740,91340,2,1
45671,83,613.5,249.1,2741,91342,2,1
45672,83,614.1,249.4,2741,91344,2,1
45673,83,614.7,249.7,2741,91346,2,1
45674,83,615.3,250,2741,91348,2,1
45675,83,615.9,250.1,2741,91350,2,1
45676,83,616.5,250.2,2741,91352,2,1
45677,83,617,250.2,2741,91354,2,1
45678,83,617.2,250.1,2741,91356,2,1
45679,83,617.3,250,2741,91358,2,1
45680,83,617.4,250.1,2741,91360,2,1
45681,83,617.5,250.1,2741,91362,2,1
45682,83,617.6,250.1,2741,91364,2,1
45683,83,617.7,250.1,2741,91366,2,1
45684,83,617.7,250.1,2741,91368,2,1
45685,83,617.7,250.1,2741,91370,2,1
45686,83,617.7,250,2741,91372,2,1
45687,83,617.7,250,2741,91374,2,1
45688,83,617.8,250,2742,91376,2,1
45689,83,618.3,250,2742,91378,2,1
45690,83,618.7,250,2742,91380,2,1
45691,83,619.2,249.7,2742,91382,2,1
45692,83,619.7,249.5,2742,91384,2,1
45693,83,620.1,249.3,2742,91386,2,1
45694,83,620.5,249.3,2742,91388,2,1
45695,83,620.5,249.2,2742,91390,2,1
45696,83,620.2,249.2,2742,91392,2,1
45697,83,619.9,249.3,2742,91394,2,1
45698,83,619.5,249.1,2742,91396,2,1
45699,83,619,248.8,2742,91398,2,1
45700,83,618.6,248.5,2742,91400,2,1
45701,83,618.3,248,2742,91402,2,1
45702,83,618.3,247.4,2742,91404,2,1
45703,83,618.4,246.9,2742,91406,2,1
45704,83,618.5,246.6,2742,91408,2,1
45705,83,618.7,246.7,2743,91410,2,1
45706,83,618.9,246.7,2743,91412,2,1
45707,83,619.1,246.7,2743,91414,2,1
45708,83,619.3,246.6,2743,91416,2,1
45709,83,619.3,246.5,2743,91418,2,1
45710,83,619.3,246.6,2743,91420,2,1
45711,83,619.2,246.8,2743,91422,2,1
45712,83,619,247.6,2743,91424,2,1
45713,83,618.8,248.3,2743,91426,2,1
45714,83,618.5,249.1,2743,91428,2,1
45715,83,618.2,249.2,2743,91430,2,1
45716,83,617.8,249.4,2743,91432,2,1
45717,83,617.5,249.3,2743,91434,2,1
45718,83,617.3,249.1,2743,91436,2,1
45719,83,617.2,248.4,2743,91438,2,1
45720,83,617.1,247.9,2743,91440,2,1
45721,83,617.2,247.5,2744,91442,2,1
45722,83,617.2,247.8,2744,91444,2,1
45723,83,617.3,248,2744,91446,2,1
45724,83,617.1,248.4,2744,91448,2,1
45725,83,617,248.7,2744,91450,2,1
45726,83,617,249.1,2744,91452,2,1
45727,83,617.1,249.3,2744,91454,2,1
45728,83,617.6,249.4,2744,91456,2,1
45729,83,618.1,249.5,2744,91458,2,1
45730,83,618.7,249.6,2744,91460,2,1
45731,83,619.5,249.6,2744,91462,2,1
45732,83,620.2,249.6,2744,91464,2,1
45733,83,620.8,249.8,2744,91466,2,1
45734,83,621.1,249.8,2744,91468,2,1
45735,83,620.8,250,2744,91470,2,1
45736,83,620.4,250.2,2744,91472,2,1
45737,83,620,250.5,2744,91474,2,1
45738,83,619.6,250.4,2745,91476,2,1
45739,83,619.1,250.2,2745,91478,2,1
45740,83,618.8,249.6,2745,91480,2,1
45741,83,618.5,249.1,2745,91482,2,1
45742,83,618.4,248.6,2745,91484,2,1
45743,83,618.5,248.3,2745,91486,2,1
45744,83,618.6,247.9,2745,91488,2,1
45745,83,618.7,247.8,2745,91490,2,1
45746,83,618.8,247.9,2745,91492,2,1
45747,83,619.1,248,2745,91494,2,1
45748,83,619.5,248.1,2745,91496,2,1
45749,83,620.4,248,2745,91498,2,1
45750,83,621.1,247.9,2745,91500,2,1
45751,83,621.8,247.9,2745,91502,2,1
45752,83,622.5,247.9,2745,91504,2,1
45753,83,623.2,247.9,2745,91506,2,1
45754,83,623.6,247.9,2745,91508,2,1
45755,83,623.9,247.9,2746,91510,2,1
45756,83,623.6,247.9,2746,91512,2,1
45757,83,623.4,247.9,2746,91514,2,1
45758,83,623.2,247.8,2746,91516,2,1
45759,83,623.1,247.7,2746,91518,2,1
45760,83,623,247.4,2746,91520,2,1
45761,83,622.9,247.1,2746,91522,2,1
45762,83,622.9,246.8,2746,91524,2,1
45763,83,622.9,246.4,2746,91526,2,1
45764,83,622.9,246.1,2746,91528,2,1
45765,83,622.9,245.9,2746,91530,2,1
45766,83,622.8,246.4,2746,91532,2,1
45767,83,622.7,247,2746,91534,2,1
45768,83,622.7,247.6,2746,91536,2,1
45769,83,622.7,248.2,2746,91538,2,1
45770,83,622.5,248.7,2746,91540,2,1
45771,83,622.4,249.2,2747,91542,2,1
45772,83,622.2,249.6,2747,91544,2,1
45773,83,622.1,249.2,2747,91546,2,1
45774,83,622,248.9,2747,91548,2,1
45775,83,621.8,248.4,2747,91550,2,1
45776,83,621.7,248,2747,91552,2,1
45777,83,621.7,247.9,2747,91554,2,1
45778,83,621.6,247.7,2747,91556,2,1
45779,83,621.8,247.5,2747,91558,2,1
45780,83,621.9,247.3,2747,91560,2,1
45781,83,622,247,2747,91562,2,1
45782,83,621.9,246.7,2747,91564,2,1
45783,83,621.9,246.4,2747,91566,2,1
45784,83,622,246.2,2747,91568,2,1
45785,83,622.2,246.2,2747,91570,2,1
45786,83,622.3,246.2,2747,91572,2,1
45787,83,622.3,246.2,2747,91574,2,1
45788,83,622.4,246.3,2748,91576,2,1
45789,83,622.7,246.4,2748,91578,2,1
45790,83,622.9,246.4,2748,91580,2,1
45791,83,623.2,246.4,2748,91582,2,1
45792,83,623.2,246.5,2748,91584,2,1
45793,83,623.3,246.9,2748,91586,2,1
45794,83,623.4,247.3,2748,91588,2,1
45795,83,623.7,247.8,2748,91590,2,1
45796,83,623.9,248.2,2748,91592,2,1
45797,83,624.2,248.6,2748,91594,2,1
45798,83,624.5,248.6,2748,91596,2,1
45799,83,624.7,248.1,2748,91598,2,1
45800,83,624.8,247.5,2748,91600,2,1
45801,83,624.9,247,2748,91602,2,1
45802,83,625,246.3,2748,91604,2,1
45803,83,625.2,245.8,2748,91606,2,1
45804,83,625.3,245.4,2748,91608,2,1
45805,83,625.2,245.7,2749,91610,2,1
45806,83,625.3,245.9,2749,91612,2,1
45807,83,625.4,246.1,2749,91614,2,1
45808,83,625.3,246.4,2749,91616,2,1
45809,83,625.2,246.9,2749,91618,2,1
45810,83,624.9,247.4,2749,91620,2,1
45811,83,624.6,247.7,2749,91622,2,1
45812,83,624.5,247.6,2749,91624,2,1
45813,83,624.4,247.2,2749,91626,2,1
45814,83,624.1,246.8,2749,91628,2,1
45815,83,623.6,246.5,2749,91630,2,1
45816,83,623.2,246.1,2749,91632,2,1
45817,83,622.9,246,2749,91634,2,1
45818,83,622.7,245.7,2749,91636,2,1
45819,83,622.6,245.4,2749,91638,2,1
45820,83,622.5,245.5,2749,91640,2,1
45821,83,622.7,245.8,2750,91642,2,1
45822,83,623,246,2750,91644,2,1
45823,83,623.3,246,2750,91646,2,1
45824,83,623.6,245.9,2750,91648,2,1
45825,83,623.9,245.8,2750,91650,2,1
45826,83,623.9,245.7,2750,91652,2,1
45827,83,624,245.2,2750,91654,2,1
45828,83,624.1,244.7,2750,91656,2,1
45829,83,624.3,244.3,2750,91658,2,1
45830,83,624.4,244.1,2750,91660,2,1
45831,83,624.6,244.2,2750,91662,2,1
45832,83,624.7,244.3,2750,91664,2,1
45833,83,624.9,244.3,2750,91666,2,1
45834,83,625,244.2,2750,91668,2,1
45835,83,625.3,243.8,2750,91670,2,1
45836,83,625.7,243.3,2750,91672,2,1
45837,83,626.2,242.9,2750,91674,2,1
45838,83,626.7,242.2,2751,91676,2,1
45839,83,627.4,241.5,2751,91678,2,1
45840,83,628,240.9,2751,91680,2,1
45841,83,628.6,240.4,2751,91682,2,1
45842,83,629,240.8,2751,91684,2,1
45843,83,629.1,241.2,2751,91686,2,1
45844,83,629.1,241.7,2751,91688,2,1
45845,83,628.9,242.3,2751,91690,2,1
45846,83,628.2,242.9,2751,91692,2,1
45847,83,627.6,243.4,2751,91694,2,1
45848,83,626.9,243.9,2751,91696,2,1
45849,83,626.3,243.9,2751,91698,2,1
45850,83,625.8,243.9,2751,91700,2,1
45851,83,625.4,243.7,2751,91702,2,1
45852,83,625.2,243.6,2751,91704,2,1
45853,83,625.3,243.4,2751,91706,2,1
45854,83,625.4,243.2,2751,91708,2,1
45855,83,625.5,242.9,2752,91710,2,1
45856,83,625.7,242.3,2752,91712,2,1
45857,83,625.8,241.8,2752,91714,2,1
45858,83,626,241.1,2752,91716,2,1
45859,83,626.1,240.4,2752,91718,2,1
45860,83,626.3,239.9,2752,91720,2,1
45861,83,626.6,239.4,2752,91722,2,1
45862,83,627,239,2752,91724,2,1
45863,83,627.4,238.8,2752,91726,2,1
45864,83,627.8,238.7,2752,91728,2,1
45865,83,628.2,239,2752,91730,2,1
45866,83,628.7,239.2,2752,91732,2,1
45867,83,629.2,239.5,2752,91734,2,1
45868,83,629.8,239.1,2752,91736,2,1
45869,83,630,238.8,2752,91738,2,1
45870,83,630.3,238.4,2752,91740,2,1
45871,83,630.3,238.1,2753,91742,2,1
45872,83,630.3,237.6,2753,91744,2,1
45873,83,630.1,237.6,2753,91746,2,1
45874,83,630,237.6,2753,91748,2,1
45875,83,629.8,238.3,2753,91750,2,1
45876,83,629.5,239.1,2753,91752,2,1
45877,83,629.3,239.8,2753,91754,2,1
45878,83,629.3,240.4,2753,91756,2,1
45879,83,629.4,240.8,2753,91758,2,1
45880,83,629.5,240.7,2753,91760,2,1
45881,83,629.5,240.4,2753,91762,2,1
45882,83,629.6,240.3,2753,91764,2,1
45883,83,629.7,240,2753,91766,2,1
45884,83,629.8,239.7,2753,91768,2,1
45885,83,629.8,239.4,2753,91770,2,1
45886,83,629.9,239.2,2753,91772,2,1
45887,83,629.7,239.2,2753,91774,2,1
45888,83,629.5,239.2,2754,91776,2,1
45889,83,629.2,239.3,2754,91778,2,1
45890,83,628.8,239.3,2754,91780,2,1
45891,83,628.5,239.4,2754,91782,2,1
45892,83,628.1,239.5,2754,91784,2,1
45893,83,627.6,239.4,2754,91786,2,1
45894,83,627.3,239.1,2754,91788,2,1
45895,83,627.3,238.9,2754,91790,2,1
45896,83,627.5,239.1,2754,91792,2,1
45897,83,628,239.3,2754,91794,2,1
45898,83,629.9,240,2754,91796,2,1
45899,83,633.2,241.1,2754,91798,2,1
45900,83,638.2,244.3,2754,91800,2,1
45901,83,644.7,247.6,2754,91802,2,1
45902,83,652.7,252.5,2754,91804,2,1
45903,83,661.6,257.8,2754,91806,2,1
45904,83,670.4,263.8,2754,91808,2,1
45905,83,678.1,269.3,2755,91810,2,1
45906,83,684.5,274.4,2755,91812,2,1
45907,83,689.4,277.5,2755,91814,2,1
45908,83,693.1,280.8,2755,91816,2,1
45909,83,695.2,282.2,2755,91818,2,1
45910,83,696.4,282.9,2755,91820,2,1
45911,83,697.6,283,2755,91822,2,1
45912,83,698.5,283,2755,91824,2,1
45913,83,700.7,283,2755,91826,2,1
45914,83,703.2,282.8,2755,91828,2,1
45915,83,705.5,282.5,2755,91830,2,1
45916,83,707.8,282.3,2755,91832,2,1
45917,83,709.9,281.8,2755,91834,2,1
45918,83,711.7,281.8,2755,91836,2,1
45919,83,713.3,282.6,2755,91838,2,1
45920,83,713.7,283.5,2755,91840,2,1
45921,83,713,284.8,2756,91842,2,1
45922,83,712.3,286.1,2756,91844,2,1
45923,83,711.4,287.5,2756,91846,2,1
45924,83,710.6,288.8,2756,91848,2,1
45925,83,709.8,289.4,2756,91850,2,1
45926,83,709.3,289.2,2756,91852,2,1
45927,83,708.9,288.4,2756,91854,2,1
45928,83,709,287.6,2756,91856,2,1
45929,83,709,286.8,2756,91858,2,1
45930,83,709.3,286.4,2756,91860,2,1
45931,83,709.5,286.4,2756,91862,2,1
45932,83,709.6,286.4,2756,91864,2,1
45933,83,709.6,286.5,2756,91866,2,1
45934,83,709.6,286.7,2756,91868,2,1
45935,83,709.6,287,2756,91870,2,1
45936,83,709.5,287.2,2756,91872,2,1
45937,83,709,287.1,2756,91874,2,1
45938,83,708.6,286.8,2757,91876,2,1
45939,83,708.2,286.5,2757,91878,2,1
45940,83,708.3,286.3,2757,91880,2,1
45941,83,708.4,286.1,2757,91882,2,1
45942,83,708.6,285.8,2757,91884,2,1
45943,83,708.8,285.5,2757,91886,2,1
45944,83,709.5,285.1,2757,91888,2,1
45945,83,710.1,284.7,2757,91890,2,1
45946,83,710.8,284.3,2757,91892,2,1
45947,83,711,283.9,2757,91894,2,1
45948,83,711.2,283.8,2757,91896,2,1
45949,83,710.8,283.5,2757,91898,2,1
45950,83,710.3,283.4,2757,91900,2,1
45951,83,709.6,283.3,2757,91902,2,1
45952,83,708.9,283.5,2757,91904,2,1
45953,83,708.3,283.6,2757,91906,2,1
45954,83,707.6,283.9,2757,91908,2,1
45955,83,706.9,284.3,2758,91910,2,1
45956,83,706.7,284.7,2758,91912,2,1
45957,83,706.5,284.9,2758,91914,2,1
45958,83,706.5,285.2,2758,91916,2,1
45959,83,706.5,285.3,2758,91918,2,1
45960,83,707,285.4,2758,91920,2,1
45961,83,707.5,285.6,2758,91922,2,1
45962,83,708,285.6,2758,91924,2,1
45963,83,708.5,285.6,2758,91926,2,1
45964,83,709,285.5,2758,91928,2,1
45965,83,709.4,285.4,2758,91930,2,1
45966,83,709.7,285.1,2758,91932,2,1
45967,83,709.6,284.8,2758,91934,2,1
45968,83,709.5,284.7,2758,91936,2,1
45969,83,709.4,284.7,2758,91938,2,1
45970,83,709.3,284.7,2758,91940,2,1
45971,83,709.3,284.6,2759,91942,2,1
45972,83,709.4,284.7,2759,91944,2,1
45973,83,709.4,284.6,2759,91946,2,1
45974,83,709.4,284.6,2759,91948,2,1
45975,83,709.4,284.6,2759,91950,2,1
45976,83,709.4,284.3,2759,91952,2,1
45977,83,709.3,284.1,2759,91954,2,1
45978,83,709.1,284,2759,91956,2,1
45979,83,708.8,284.2,2759,91958,2,1
45980,83,708.6,284.5,2759,91960,2,1
45981,83,708.4,284.9,2759,91962,2,1
45982,83,708.2,285.4,2759,91964,2,1
45983,83,708,285.8,2759,91966,2,1
45984,83,707.9,286.1,2759,91968,2,1
45985,83,707.9,286.4,2759,91970,2,1
45986,83,707.7,286.4,2759,91972,2,1
45987,83,707.4,286.4,2759,91974,2,1
45988,83,707.2,286.4,2760,91976,2,1
45989,83,706.9,286.5,2760,91978,2,1
45990,83,706.6,286.4,2760,91980,2,1
45991,83,706.3,286.3,2760,91982,2,1
45992,83,705.7,286.1,2760,91984,2,1
45993,83,705.3,285.9,2760,91986,2,1
45994,83,704.8,285.9,2760,91988,2,1
45995,83,704.3,285.9,2760,91990,2,1
45996,83,703.9,285.9,2760,91992,2,1
45997,83,703.5,285.8,2760,91994,2,1
45998,83,703,285.9,2760,91996,2,1
45999,83,702.9,286,2760,91998,2,1
46000,83,702.7,286.1,2760,92000,2,1
46001,83,702.7,286.2,2760,92002,2,1
46002,83,702.7,286.2,2760,92004,2,1
46003,83,702.5,286.3,2760,92006,2,1
46004,83,702.4,286.3,2760,92008,2,1
46005,83,701.9,286.3,2761,92010,2,1
46006,83,701.4,286.3,2761,92012,2,1
46007,83,701,286.4,2761,92014,2,1
46008,83,700.6,286.5,2761,92016,2,1
46009,83,700.2,286.7,2761,92018,2,1
46010,83,699.9,287.1,2761,92020,2,1
46011,83,699.8,287.2,2761,92022,2,1
46012,83,699.9,287.6,2761,92024,2,1
46013,83,700.1,288,2761,92026,2,1
46014,83,700.4,288.4,2761,92028,2,1
46015,83,700.7,288.8,2761,92030,2,1
46016,83,700.9,289.2,2761,92032,2,1
46017,83,701,289.5,2761,92034,2,1
46018,83,701.1,289.8,2761,92036,2,1
46019,83,701.1,289.9,2761,92038,2,1
46020,83,700.8,290.1,2761,92040,2,1
46021,83,700.4,290.2,2762,92042,2,1
46022,83,699.9,290.3,2762,92044,2,1
46023,83,699.4,290.4,2762,92046,2,1
46024,83,699,290.4,2762,92048,2,1
46025,83,698.6,290.4,2762,92050,2,1
46026,83,698.3,290.3,2762,92052,2,1
46027,83,698.2,290,2762,92054,2,1
46028,83,698.2,289.5,2762,92056,2,1
46029,83,698.2,289.1,2762,92058,2,1
46030,83,698.2,288.9,2762,92060,2,1
46031,83,698.3,288.4,2762,92062,2,1
46032,83,698.4,287.9,2762,92064,2,1
46033,83,698.5,287.4,2762,92066,2,1
46034,83,698.6,286.9,2762,92068,2,1
46035,83,698.7,286.5,2762,92070,2,1
46036,83,698.9,286.2,2762,92072,2,1
46037,83,699.2,285.9,2762,92074,2,1
46038,83,699.3,285.9,2763,92076,2,1
46039,83,699.5,285.8,2763,92078,2,1
46040,83,699.7,285.8,2763,92080,2,1
46041,83,700,285.8,2763,92082,2,1
46042,83,700.1,286.2,2763,92084,2,1
46043,83,700.1,286.3,2763,92086,2,1
46044,83,700.1,286.2,2763,92088,2,1
46045,83,700,286.2,2763,92090,2,1
46046,83,699.8,286.2,2763,92092,2,1
46047,83,699.7,286.3,2763,92094,2,1
46048,83,699.5,286.5,2763,92096,2,1
46049,83,699.4,286.8,2763,92098,2,1
46050,83,699.4,287,2763,92100,2,1
46051,83,699.4,287.2,2763,92102,2,1
46052,83,699.4,287.5,2763,92104,2,1
46053,83,699.4,287.7,2763,92106,2,1
46054,83,699.4,287.9,2763,92108,2,1
46055,83,699.3,288.2,2764,92110,2,1
46056,83,699.1,288.3,2764,92112,2,1
46057,83,698.9,288.5,2764,92114,2,1
46058,83,698.7,288.4,2764,92116,2,1
46059,83,698.5,288.3,2764,92118,2,1
46060,83,698.3,288.2,2764,92120,2,1
46061,83,698,288.1,2764,92122,2,1
46062,83,697.7,287.9,2764,92124,2,1
46063,83,697.4,287.7,2764,92126,2,1
46064,83,697.1,287.6,2764,92128,2,1
46065,83,696.8,287.5,2764,92130,2,1
46066,83,696.5,287.5,2764,92132,2,1
46067,83,696.2,287.7,2764,92134,2,1
46068,83,696.2,287.7,2764,92136,2,1
46069,83,696.3,287.8,2764,92138,2,1
46070,83,696.3,287.9,2764,92140,2,1
46071,83,696.4,287.7,2765,92142,2,1
46072,83,696.6,287.4,2765,92144,2,1
46073,83,696.7,287,2765,92146,2,1
46074,83,696.8,286.7,2765,92148,2,1
46075,83,696.9,286.4,2765,92150,2,1
46076,83,696.8,286.4,2765,92152,2,1
46077,83,696.7,286.4,2765,92154,2,1
46078,83,696.6,286.5,2765,92156,2,1
46079,83,696.5,286.9,2765,92158,2,1
46080,83,697,287.8,2765,92160,2,1
46081,83,700,288.4,2765,92162,2,1
46082,83,705.2,289.2,2765,92164,2,1
46083,83,714.8,290.3,2765,92166,2,1
46084,83,728.7,291,2765,92168,2,1
46085,83,747.8,291.2,2765,92170,2,1
46086,83,774.4,290.3,2765,92172,2,1
46087,83,805.7,288.5,2765,92174,2,1
46088,83,841.4,286.3,2766,92176,2,1
46089,83,882.1,286.4,2766,92178,2,1
46090,83,923.6,295.8,2766,92180,2,1
46091,83,958,319.2,2766,92182,2,1
46092,83,984.8,361.5,2766,92184,2,1
46093,83,1010.1,441.3,2766,92186,2,1
46094,83,1037.7,545.6,2766,92188,2,1
46095,83,1081.8,674.7,2766,92190,2,1
46096,83,1125.4,823,2766,92192,2,1
46097,83,1170.9,982.9,2766,92194,2,1
46098,83,-9999,-9999,2766,92196,2,1
46099,83,-9999,-9999,2766,92198,2,1
46100,83,-9999,-9999,2766,92200,2,1
46101,83,-9999,-9999,2766,92202,2,1
46102,83,-9999,-9999,2766,92204,2,1
46103,83,-9999,-9999,2766,92206,2,1
46104,83,-9999,-9999,2766,92208,2,1
46105,83,-9999,-9999,2767,92210,2,1
46106,83,-9999,-9999,2767,92212,2,1
46107,83,-9999,-9999,2767,92214,2,1
46108,83,-9999,-9999,2767,92216,2,1
46109,83,-9999,-9999,2767,92218,2,1
46110,83,-9999,-9999,2767,92220,2,1
46111,83,-9999,-9999,2767,92222,2,1
46112,83,-9999,-9999,2767,92224,2,1
46113,83,-9999,-9999,2767,92226,2,1
46114,83,-9999,-9999,2767,92228,2,1
46115,83,-9999,-9999,2767,92230,2,1
46116,83,-9999,-9999,2767,92232,2,1
46117,83,-9999,-9999,2767,92234,2,1
46118,83,-9999,-9999,2767,92236,2,1
46119,83,-9999,-9999,2767,92238,2,1
46120,83,-9999,-9999,2767,92240,2,1
46121,83,-9999,-9999,2768,92242,2,1
46122,83,-9999,-9999,2768,92244,2,1
46123,83,-9999,-9999,2768,92246,2,1
46124,83,-9999,-9999,2768,92248,2,1
46125,83,-9999,-9999,2768,92250,2,1
46126,83,-9999,-9999,2768,92252,2,1
46127,83,-9999,-9999,2768,92254,2,1
46128,83,-9999,-9999,2768,92256,2,1
46129,83,-9999,-9999,2768,92258,2,1
46130,83,-9999,-9999,2768,92260,2,1
46131,83,-9999,-9999,2768,92262,2,1
46132,83,-9999,-9999,2768,92264,2,1
46133,83,-9999,-9999,2768,92266,2,1
46134,83,-9999,-9999,2768,92268,2,1
46135,83,-9999,-9999,2768,92270,2,1
46136,83,-9999,-9999,2768,92272,2,1
46137,83,-9999,-9999,2768,92274,2,1
46138,83,-9999,-9999,2769,92276,2,1
46139,83,-9999,-9999,2769,92278,2,1
46140,83,-9999,-9999,2769,92280,2,1
46141,83,-9999,-9999,2769,92282,2,1
46142,83,-9999,-9999,2769,92284,2,1
46143,83,-9999,-9999,2769,92286,2,1
46144,83,-9999,-9999,2769,92288,2,1
46145,83,-9999,-9999,2769,92290,2,1
46146,83,-9999,-9999,2769,92292,2,1
46147,83,-9999,-9999,2769,92294,2,1
46148,83,-9999,-9999,2769,92296,2,1
46149,83,-9999,-9999,2769,92298,2,1
46150,83,-9999,-9999,2769,92300,2,1
46151,83,-9999,-9999,2769,92302,2,1
46152,83,-9999,-9999,2769,92304,2,1
46153,83,-9999,-9999,2769,92306,2,1
46154,83,-9999,-9999,2769,92308,2,1
46155,83,-9999,-9999,2770,92310,2,1
46156,83,-9999,-9999,2770,92312,2,1
46157,83,-9999,-9999,2770,92314,2,1
46158,83,-9999,-9999,2770,92316,2,1
46159,83,-9999,-9999,2770,92318,2,1
46160,83,-9999,-9999,2770,92320,2,1
46161,83,-9999,-9999,2770,92322,2,1
46162,83,-9999,-9999,2770,92324,2,1
46163,83,-9999,-9999,2770,92326,2,1
46164,83,-9999,-9999,2770,92328,2,1
46165,83,-9999,-9999,2770,92330,2,1
46166,83,-9999,-9999,2770,92332,2,1
46167,83,-9999,-9999,2770,92334,2,1
46168,83,-9999,-9999,2770,92336,2,1
46169,83,-9999,-9999,2770,92338,2,1
46170,83,-9999,-9999,2770,92340,2,1
46171,83,-9999,-9999,2771,92342,2,1
46172,83,-9999,-9999,2771,92344,2,1
46173,83,-9999,-9999,2771,92346,2,1
46174,83,-9999,-9999,2771,92348,2,1
46175,83,-9999,-9999,2771,92350,2,1
46176,83,-9999,-9999,2771,92352,2,1
46177,83,-9999,-9999,2771,92354,2,1
46178,83,-9999,-9999,2771,92356,2,1
46179,83,-9999,-9999,2771,92358,2,1
46180,83,-9999,-9999,2771,92360,2,1
46181,83,-9999,-9999,2771,92362,2,1
46182,83,-9999,-9999,2771,92364,2,1
46183,83,-9999,-9999,2771,92366,2,1
46184,83,-9999,-9999,2771,92368,2,1
46185,83,-9999,-9999,2771,92370,2,1
46186,83,-9999,-9999,2771,92372,2,1
46187,83,-9999,-9999,2771,92374,2,1
46188,83,-9999,-9999,2772,92376,2,1
46189,83,-9999,-9999,2772,92378,2,1
46190,83,-9999,-9999,2772,92380,2,1
46191,83,-9999,-9999,2772,92382,2,1
46192,83,-9999,-9999,2772,92384,2,1
46193,83,-9999,-9999,2772,92386,2,1
46194,83,-9999,-9999,2772,92388,2,1
46195,83,-9999,-9999,2772,92390,2,1
46196,83,-9999,-9999,2772,92392,2,1
46197,83,-9999,-9999,2772,92394,2,1
46198,83,-9999,-9999,2772,92396,2,1
46199,83,-9999,-9999,2772,92398,2,1
46200,83,-9999,-9999,2772,92400,2,1
46201,83,-9999,-9999,2772,92402,2,1
46202,83,-9999,-9999,2772,92404,2,1
46203,83,-9999,-9999,2772,92406,2,1
46204,83,-9999,-9999,2772,92408,2,1
46205,83,-9999,-9999,2773,92410,2,1
46206,83,-9999,-9999,2773,92412,2,1
46207,83,-9999,-9999,2773,92414,2,1
46208,83,-9999,-9999,2773,92416,2,1
46209,83,-9999,-9999,2773,92418,2,1
46210,83,-9999,-9999,2773,92420,2,1
46211,83,-9999,-9999,2773,92422,2,1
46212,83,-9999,-9999,2773,92424,2,1
46213,83,-9999,-9999,2773,92426,2,1
46214,83,-9999,-9999,2773,92428,2,1
46215,83,-9999,-9999,2773,92430,2,1
46216,83,-9999,-9999,2773,92432,2,1
46217,83,-9999,-9999,2773,92434,2,1
46218,83,-9999,-9999,2773,92436,2,1
46219,83,-9999,-9999,2773,92438,2,1
46220,83,-9999,-9999,2773,92440,2,1
46221,83,-9999,-9999,2774,92442,2,1
46222,83,-9999,-9999,2774,92444,2,1
46223,83,-9999,-9999,2774,92446,2,1
46224,83,-9999,-9999,2774,92448,2,1
46225,83,-9999,-9999,2774,92450,2,1
46226,83,-9999,-9999,2774,92452,2,1
46227,83,-9999,-9999,2774,92454,2,1
46228,83,-9999,-9999,2774,92456,2,1
46229,83,-9999,-9999,2774,92458,2,1
46230,83,-9999,-9999,2774,92460,2,1
46231,83,-9999,-9999,2774,92462,2,1
46232,83,-9999,-9999,2774,92464,2,1
46233,83,-9999,-9999,2774,92466,2,1
46234,83,-9999,-9999,2774,92468,2,1
46235,83,-9999,-9999,2774,92470,2,1
46236,83,-9999,-9999,2774,92472,2,1
46237,83,-9999,-9999,2774,92474,2,1
46238,83,-9999,-9999,2775,92476,2,1
46239,83,-9999,-9999,2775,92478,2,1
46240,83,-9999,-9999,2775,92480,2,1
46241,83,-9999,-9999,2775,92482,2,1
46242,83,-9999,-9999,2775,92484,2,1
46243,83,-9999,-9999,2775,92486,2,1
46244,83,-9999,-9999,2775,92488,2,1
46245,83,-9999,-9999,2775,92490,2,1
46246,83,-9999,-9999,2775,92492,2,1
46247,83,-9999,-9999,2775,92494,2,1
46248,83,-9999,-9999,2775,92496,2,1
46249,83,-9999,-9999,2775,92498,2,1
46250,83,-9999,-9999,2775,92500,2,1
46251,83,-9999,-9999,2775,92502,2,1
46252,83,-9999,-9999,2775,92504,2,1
46253,83,-9999,-9999,2775,92506,2,1
46254,83,-9999,-9999,2775,92508,2,1
46255,83,-9999,-9999,2776,92510,2,1
46256,83,-9999,-9999,2776,92512,2,1
46257,83,-9999,-9999,2776,92514,2,1
46258,83,-9999,-9999,2776,92516,2,1
46259,83,-9999,-9999,2776,92518,2,1
46260,83,-9999,-9999,2776,92520,2,1
46261,83,-9999,-9999,2776,92522,2,1
46262,83,-9999,-9999,2776,92524,2,1
46263,83,-9999,-9999,2776,92526,2,1
46264,83,-9999,-9999,2776,92528,2,1
46265,83,-9999,-9999,2776,92530,2,1
46266,83,-9999,-9999,2776,92532,2,1
46267,83,-9999,-9999,2776,92534,2,1
46268,83,-9999,-9999,2776,92536,2,1
46269,83,-9999,-9999,2776,92538,2,1
46270,83,-9999,-9999,2776,92540,2,1
46271,83,-9999,-9999,2777,92542,2,1
46272,83,-9999,-9999,2777,92544,2,1
46273,83,-9999,-9999,2777,92546,2,1
46274,83,-9999,-9999,2777,92548,2,1
46275,83,-9999,-9999,2777,92550,2,1
46276,83,-9999,-9999,2777,92552,2,1
46277,83,-9999,-9999,2777,92554,2,1
46278,83,-9999,-9999,2777,92556,2,1
46279,83,-9999,-9999,2777,92558,2,1
46280,83,-9999,-9999,2777,92560,2,1
46281,83,-9999,-9999,2777,92562,2,1
46282,83,-9999,-9999,2777,92564,2,1
46283,83,-9999,-9999,2777,92566,2,1
46284,83,-9999,-9999,2777,92568,2,1
46285,83,-9999,-9999,2777,92570,2,1
46286,83,-9999,-9999,2777,92572,2,1
46287,83,-9999,-9999,2777,92574,2,1
46288,83,-9999,-9999,2778,92576,2,1
46289,83,-9999,-9999,2778,92578,2,1
46290,83,-9999,-9999,2778,92580,2,1
46291,83,-9999,-9999,2778,92582,2,1
46292,83,-9999,-9999,2778,92584,2,1
46293,83,-9999,-9999,2778,92586,2,1
46294,83,-9999,-9999,2778,92588,2,1
46295,83,-9999,-9999,2778,92590,2,1
46296,83,-9999,-9999,2778,92592,2,1
46297,83,-9999,-9999,2778,92594,2,1
46298,83,-9999,-9999,2778,92596,2,1
46299,83,-9999,-9999,2778,92598,2,1
46300,83,-9999,-9999,2778,92600,2,1
46301,83,-9999,-9999,2778,92602,2,1
46302,83,-9999,-9999,2778,92604,2,1
46303,83,-9999,-9999,2778,92606,2,1
46304,83,-9999,-9999,2778,92608,2,1
46305,83,-9999,-9999,2779,92610,2,1
46306,83,-9999,-9999,2779,92612,2,1
46307,83,-9999,-9999,2779,92614,2,1
46308,83,-9999,-9999,2779,92616,2,1
46309,83,-9999,-9999,2779,92618,2,1
46310,83,-9999,-9999,2779,92620,2,1
46311,83,-9999,-9999,2779,92622,2,1
46312,83,-9999,-9999,2779,92624,2,1
46313,83,-9999,-9999,2779,92626,2,1
46314,83,-9999,-9999,2779,92628,2,1
46315,83,-9999,-9999,2779,92630,2,1
46316,83,-9999,-9999,2779,92632,2,1
46317,83,-9999,-9999,2779,92634,2,1
46318,83,-9999,-9999,2779,92636,2,1
46319,83,-9999,-9999,2779,92638,2,1
46320,83,-9999,-9999,2779,92640,2,1
46321,83,-9999,-9999,2780,92642,2,1
46322,83,-9999,-9999,2780,92644,2,1
46323,83,-9999,-9999,2780,92646,2,1
46324,83,-9999,-9999,2780,92648,2,1
46325,83,-9999,-9999,2780,92650,2,1
46326,83,-9999,-9999,2780,92652,2,1
46327,83,-9999,-9999,2780,92654,2,1
46328,83,-9999,-9999,2780,92656,2,1
46329,83,-9999,-9999,2780,92658,2,1
46330,83,-9999,-9999,2780,92660,2,1
46331,83,-9999,-9999,2780,92662,2,1
46332,83,-9999,-9999,2780,92664,2,1
46333,83,-9999,-9999,2780,92666,2,1
46334,83,-9999,-9999,2780,92668,2,1
46335,83,-9999,-9999,2780,92670,2,1
46336,83,-9999,-9999,2780,92672,2,1
46337,83,-9999,-9999,2780,92674,2,1
46338,83,-9999,-9999,2781,92676,2,1
46339,83,-9999,-9999,2781,92678,2,1
46340,83,-9999,-9999,2781,92680,2,1
46341,83,-9999,-9999,2781,92682,2,1
46342,83,-9999,-9999,2781,92684,2,1
46343,83,-9999,-9999,2781,92686,2,1
46344,83,-9999,-9999,2781,92688,2,1
46345,83,-9999,-9999,2781,92690,2,1
46346,83,-9999,-9999,2781,92692,2,1
46347,83,-9999,-9999,2781,92694,2,1
46348,83,-9999,-9999,2781,92696,2,1
46349,83,-9999,-9999,2781,92698,2,1
46350,83,-9999,-9999,2781,92700,2,1
46351,83,-9999,-9999,2781,92702,2,1
46352,83,-9999,-9999,2781,92704,2,1
46353,83,-9999,-9999,2781,92706,2,1
46354,83,-9999,-9999,2781,92708,2,1
46355,83,-9999,-9999,2782,92710,2,1
46356,83,-9999,-9999,2782,92712,2,1
46357,83,-9999,-9999,2782,92714,2,1
46358,83,-9999,-9999,2782,92716,2,1
46359,83,-9999,-9999,2782,92718,2,1
46360,83,-9999,-9999,2782,92720,2,1
46361,83,-9999,-9999,2782,92722,2,1
46362,83,-9999,-9999,2782,92724,2,1
46363,83,-9999,-9999,2782,92726,2,1
46364,83,-9999,-9999,2782,92728,2,1
46365,83,-9999,-9999,2782,92730,2,1
46366,83,-9999,-9999,2782,92732,2,1
46367,83,-9999,-9999,2782,92734,2,1
46368,83,-9999,-9999,2782,92736,2,1
46369,83,-9999,-9999,2782,92738,2,1
46370,83,-9999,-9999,2782,92740,2,1
46371,83,-9999,-9999,2783,92742,2,1
46372,83,-9999,-9999,2783,92744,2,1
46373,83,-9999,-9999,2783,92746,2,1
46374,83,-9999,-9999,2783,92748,2,1
46375,83,-9999,-9999,2783,92750,2,1
46376,83,-9999,-9999,2783,92752,2,1
46377,83,-9999,-9999,2783,92754,2,1
46378,83,-9999,-9999,2783,92756,2,1
46379,83,-9999,-9999,2783,92758,2,1
46380,83,-9999,-9999,2783,92760,2,1
46381,83,-9999,-9999,2783,92762,2,1
46382,83,-9999,-9999,2783,92764,2,1
46383,83,-9999,-9999,2783,92766,2,1
46384,83,-9999,-9999,2783,92768,2,1
46385,83,-9999,-9999,2783,92770,2,1
46386,83,-9999,-9999,2783,92772,2,1
46387,83,-9999,-9999,2783,92774,2,1
46388,83,-9999,-9999,2784,92776,2,1
46389,83,-9999,-9999,2784,92778,2,1
46390,83,-9999,-9999,2784,92780,2,1
46391,83,-9999,-9999,2784,92782,2,1
46392,83,-9999,-9999,2784,92784,2,1
46393,83,-9999,-9999,2784,92786,2,1
46394,83,-9999,-9999,2784,92788,2,1
46395,83,-9999,-9999,2784,92790,2,1
46396,83,-9999,-9999,2784,92792,2,1
46397,83,-9999,-9999,2784,92794,2,1
46398,83,-9999,-9999,2784,92796,2,1
46399,83,-9999,-9999,2784,92798,2,1
46400,83,-9999,-9999,2784,92800,2,1
46401,83,-9999,-9999,2784,92802,2,1
46402,83,-9999,-9999,2784,92804,2,1
46403,83,-9999,-9999,2784,92806,2,1
46404,83,-9999,-9999,2784,92808,2,1
46405,83,-9999,-9999,2785,92810,2,1
46406,83,-9999,-9999,2785,92812,2,1
46407,83,-9999,-9999,2785,92814,2,1
46408,83,-9999,-9999,2785,92816,2,1
46409,83,-9999,-9999,2785,92818,2,1
46410,83,-9999,-9999,2785,92820,2,1
46411,83,-9999,-9999,2785,92822,2,1
46412,83,-9999,-9999,2785,92824,2,1
46413,83,-9999,-9999,2785,92826,2,1
46414,83,-9999,-9999,2785,92828,2,1
46415,83,-9999,-9999,2785,92830,2,1
46416,83,-9999,-9999,2785,92832,2,1
46417,83,-9999,-9999,2785,92834,2,1
46418,83,-9999,-9999,2785,92836,2,1
46419,83,-9999,-9999,2785,92838,2,1
46420,83,-9999,-9999,2785,92840,2,1
46421,83,-9999,-9999,2786,92842,2,1
46422,83,-9999,-9999,2786,92844,2,1
46423,83,-9999,-9999,2786,92846,2,1
46424,83,-9999,-9999,2786,92848,2,1
46425,83,-9999,-9999,2786,92850,2,1
46426,83,-9999,-9999,2786,92852,2,1
46427,83,-9999,-9999,2786,92854,2,1
46428,83,-9999,-9999,2786,92856,2,1
46429,83,-9999,-9999,2786,92858,2,1
46430,83,-9999,-9999,2786,92860,2,1
46431,83,-9999,-9999,2786,92862,2,1
46432,83,-9999,-9999,2786,92864,2,1
46433,83,-9999,-9999,2786,92866,2,1
46434,83,-9999,-9999,2786,92868,2,1
46435,83,-9999,-9999,2786,92870,2,1
46436,83,-9999,-9999,2786,92872,2,1
46437,83,-9999,-9999,2786,92874,2,1
46438,83,-9999,-9999,2787,92876,2,1
46439,83,-9999,-9999,2787,92878,2,1
46440,83,-9999,-9999,2787,92880,2,1
46441,83,-9999,-9999,2787,92882,2,1
46442,83,-9999,-9999,2787,92884,2,1
46443,83,-9999,-9999,2787,92886,2,1
46444,83,-9999,-9999,2787,92888,2,1
46445,83,-9999,-9999,2787,92890,2,1
46446,83,-9999,-9999,2787,92892,2,1
46447,83,-9999,-9999,2787,92894,2,1
46448,83,-9999,-9999,2787,92896,2,1
46449,83,-9999,-9999,2787,92898,2,1
46450,83,-9999,-9999,2787,92900,2,1
46451,83,-9999,-9999,2787,92902,2,1
46452,83,-9999,-9999,2787,92904,2,1
46453,83,-9999,-9999,2787,92906,2,1
46454,83,-9999,-9999,2787,92908,2,1
46455,83,-9999,-9999,2788,92910,2,1
46456,83,-9999,-9999,2788,92912,2,1
46457,83,-9999,-9999,2788,92914,2,1
46458,83,-9999,-9999,2788,92916,2,1
46459,83,-9999,-9999,2788,92918,2,1
46460,83,-9999,-9999,2788,92920,2,1
46461,83,-9999,-9999,2788,92922,2,1
46462,83,-9999,-9999,2788,92924,2,1
46463,83,-9999,-9999,2788,92926,2,1
46464,83,-9999,-9999,2788,92928,2,1
46465,83,-9999,-9999,2788,92930,2,1
46466,83,-9999,-9999,2788,92932,2,1
46467,83,-9999,-9999,2788,92934,2,1
46468,83,-9999,-9999,2788,92936,2,1
46469,83,-9999,-9999,2788,92938,2,1
46470,83,-9999,-9999,2788,92940,2,1
46471,83,-9999,-9999,2789,92942,2,1
46472,83,-9999,-9999,2789,92944,2,1
46473,83,-9999,-9999,2789,92946,2,1
46474,83,-9999,-9999,2789,92948,2,1
46475,83,-9999,-9999,2789,92950,2,1
46476,83,-9999,-9999,2789,92952,2,1
46477,83,-9999,-9999,2789,92954,2,1
46478,83,-9999,-9999,2789,92956,2,1
46479,83,-9999,-9999,2789,92958,2,1
46480,83,-9999,-9999,2789,92960,2,1
46481,83,-9999,-9999,2789,92962,2,1
46482,83,-9999,-9999,2789,92964,2,1
46483,83,-9999,-9999,2789,92966,2,1
46484,83,-9999,-9999,2789,92968,2,1
46485,83,-9999,-9999,2789,92970,2,1
46486,83,-9999,-9999,2789,92972,2,1
46487,83,-9999,-9999,2789,92974,2,1
46488,83,-9999,-9999,2790,92976,2,1
46489,83,-9999,-9999,2790,92978,2,1
46490,83,-9999,-9999,2790,92980,2,1
46491,83,-9999,-9999,2790,92982,2,1
46492,83,-9999,-9999,2790,92984,2,1
46493,83,-9999,-9999,2790,92986,2,1
46494,83,-9999,-9999,2790,92988,2,1
46495,83,-9999,-9999,2790,92990,2,1
46496,83,-9999,-9999,2790,92992,2,1
46497,83,-9999,-9999,2790,92994,2,1
46498,83,-9999,-9999,2790,92996,2,1
46499,83,-9999,-9999,2790,92998,2,1
46500,83,-9999,-9999,2790,93000,2,1
46501,83,-9999,-9999,2790,93002,2,1
46502,83,-9999,-9999,2790,93004,2,1
46503,83,-9999,-9999,2790,93006,2,1
46504,83,-9999,-9999,2790,93008,2,1
46505,83,-9999,-9999,2791,93010,2,1
46506,83,-9999,-9999,2791,93012,2,1
46507,83,-9999,-9999,2791,93014,2,1
46508,83,-9999,-9999,2791,93016,2,1
46509,83,-9999,-9999,2791,93018,2,1
46510,83,-9999,-9999,2791,93020,2,1
46511,83,-9999,-9999,2791,93022,2,1
46512,83,-9999,-9999,2791,93024,2,1
46513,83,-9999,-9999,2791,93026,2,1
46514,83,-9999,-9999,2791,93028,2,1
46515,83,-9999,-9999,2791,93030,2,1
46516,83,-9999,-9999,2791,93032,2,1
46517,83,-9999,-9999,2791,93034,2,1
46518,83,-9999,-9999,2791,93036,2,1
46519,83,-9999,-9999,2791,93038,2,1
46520,83,-9999,-9999,2791,93040,2,1
46521,83,-9999,-9999,2792,93042,2,1
46522,83,-9999,-9999,2792,93044,2,1
46523,83,-9999,-9999,2792,93046,2,1
46524,83,-9999,-9999,2792,93048,2,1
46525,83,-9999,-9999,2792,93050,2,1
46526,83,-9999,-9999,2792,93052,2,1
46527,83,-9999,-9999,2792,93054,2,1
46528,83,-9999,-9999,2792,93056,2,1
46529,83,-9999,-9999,2792,93058,2,1
46530,83,-9999,-9999,2792,93060,2,1
46531,83,-9999,-9999,2792,93062,2,1
46532,83,-9999,-9999,2792,93064,2,1
46533,83,-9999,-9999,2792,93066,2,1
46534,83,-9999,-9999,2792,93068,2,1
46535,83,-9999,-9999,2792,93070,2,1
46536,83,-9999,-9999,2792,93072,2,1
46537,83,-9999,-9999,2792,93074,2,1
46538,83,-9999,-9999,2793,93076,2,1
46539,83,-9999,-9999,2793,93078,2,1
46540,83,-9999,-9999,2793,93080,2,1
46541,83,-9999,-9999,2793,93082,2,1
46542,83,-9999,-9999,2793,93084,2,1
46543,83,-9999,-9999,2793,93086,2,1
46544,83,-9999,-9999,2793,93088,2,1
46545,83,-9999,-9999,2793,93090,2,1
46546,83,-9999,-9999,2793,93092,2,1
46547,83,-9999,-9999,2793,93094,2,1
46548,83,-9999,-9999,2793,93096,2,1
46549,83,-9999,-9999,2793,93098,2,1
46550,83,-9999,-9999,2793,93100,2,1
46551,83,-9999,-9999,2793,93102,2,1
46552,83,-9999,-9999,2793,93104,2,1
46553,83,-9999,-9999,2793,93106,2,1
46554,83,-9999,-9999,2793,93108,2,1
46555,83,-9999,-9999,2794,93110,2,1
46556,83,-9999,-9999,2794,93112,2,1
46557,83,-9999,-9999,2794,93114,2,1
46558,83,-9999,-9999,2794,93116,2,1
46559,83,-9999,-9999,2794,93118,2,1
46560,83,-9999,-9999,2794,93120,2,1
46561,83,-9999,-9999,2794,93122,2,1
46562,83,-9999,-9999,2794,93124,2,1
46563,83,-9999,-9999,2794,93126,2,1
46564,83,-9999,-9999,2794,93128,2,1
46565,83,-9999,-9999,2794,93130,2,1
46566,83,-9999,-9999,2794,93132,2,1
46567,83,-9999,-9999,2794,93134,2,1
46568,83,-9999,-9999,2794,93136,2,1
46569,83,-9999,-9999,2794,93138,2,1
46570,83,-9999,-9999,2794,93140,2,1
46571,83,-9999,-9999,2795,93142,2,1
46572,83,-9999,-9999,2795,93144,2,1
46573,83,-9999,-9999,2795,93146,2,1
46574,83,-9999,-9999,2795,93148,2,1
46575,83,-9999,-9999,2795,93150,2,1
46576,83,-9999,-9999,2795,93152,2,1
46577,83,-9999,-9999,2795,93154,2,1
46578,83,-9999,-9999,2795,93156,2,1
46579,83,-9999,-9999,2795,93158,2,1
46580,83,-9999,-9999,2795,93160,2,1
46581,83,-9999,-9999,2795,93162,2,1
46582,83,-9999,-9999,2795,93164,2,1
46583,83,-9999,-9999,2795,93166,2,1
46584,83,-9999,-9999,2795,93168,2,1
46585,83,-9999,-9999,2795,93170,2,1
46586,83,-9999,-9999,2795,93172,2,1
46587,83,-9999,-9999,2795,93174,2,1
46588,83,-9999,-9999,2796,93176,2,1
46589,83,-9999,-9999,2796,93178,2,1
46590,83,-9999,-9999,2796,93180,2,1
46591,83,-9999,-9999,2796,93182,2,1
46592,83,-9999,-9999,2796,93184,2,1
46593,83,-9999,-9999,2796,93186,2,1
46594,83,-9999,-9999,2796,93188,2,1
46595,83,-9999,-9999,2796,93190,2,1
46596,83,-9999,-9999,2796,93192,2,1
46597,83,-9999,-9999,2796,93194,2,1
46598,83,-9999,-9999,2796,93196,2,1
46599,83,-9999,-9999,2796,93198,2,1
46600,83,-9999,-9999,2796,93200,2,1
46601,83,-9999,-9999,2796,93202,2,1
46602,83,-9999,-9999,2796,93204,2,1
46603,83,-9999,-9999,2796,93206,2,1
46604,83,-9999,-9999,2796,93208,2,1
46605,83,-9999,-9999,2797,93210,2,1
46606,83,-9999,-9999,2797,93212,2,1
46607,83,-9999,-9999,2797,93214,2,1
46608,83,-9999,-9999,2797,93216,2,1
46609,83,-9999,-9999,2797,93218,2,1
46610,83,-9999,-9999,2797,93220,2,1
46611,83,-9999,-9999,2797,93222,2,1
46612,83,-9999,-9999,2797,93224,2,1
46613,83,-9999,-9999,2797,93226,2,1
46614,83,-9999,-9999,2797,93228,2,1
46615,83,-9999,-9999,2797,93230,2,1
46616,83,-9999,-9999,2797,93232,2,1
46617,83,-9999,-9999,2797,93234,2,1
46618,83,-9999,-9999,2797,93236,2,1
46619,83,-9999,-9999,2797,93238,2,1
46620,83,-9999,-9999,2797,93240,2,1
46621,83,-9999,-9999,2798,93242,2,1
46622,83,-9999,-9999,2798,93244,2,1
46623,83,-9999,-9999,2798,93246,2,1
46624,83,-9999,-9999,2798,93248,2,1
46625,83,-9999,-9999,2798,93250,2,1
46626,83,-9999,-9999,2798,93252,2,1
46627,83,-9999,-9999,2798,93254,2,1
46628,83,-9999,-9999,2798,93256,2,1
46629,83,-9999,-9999,2798,93258,2,1
46630,83,-9999,-9999,2798,93260,2,1
46631,83,-9999,-9999,2798,93262,2,1
46632,83,-9999,-9999,2798,93264,2,1
46633,83,-9999,-9999,2798,93266,2,1
46634,83,-9999,-9999,2798,93268,2,1
46635,83,-9999,-9999,2798,93270,2,1
46636,83,-9999,-9999,2798,93272,2,1
46637,83,-9999,-9999,2798,93274,2,1
46638,83,-9999,-9999,2799,93276,2,1
46639,83,-9999,-9999,2799,93278,2,1
46640,83,-9999,-9999,2799,93280,2,1
46641,83,-9999,-9999,2799,93282,2,1
46642,83,-9999,-9999,2799,93284,2,1
46643,83,-9999,-9999,2799,93286,2,1
46644,83,-9999,-9999,2799,93288,2,1
46645,83,-9999,-9999,2799,93290,2,1
46646,83,-9999,-9999,2799,93292,2,1
46647,83,-9999,-9999,2799,93294,2,1
46648,83,-9999,-9999,2799,93296,2,1
46649,83,-9999,-9999,2799,93298,2,1
46650,83,-9999,-9999,2799,93300,2,1
46651,83,-9999,-9999,2799,93302,2,1
46652,83,-9999,-9999,2799,93304,2,1
46653,83,-9999,-9999,2799,93306,2,1
46654,83,-9999,-9999,2799,93308,2,1
46655,83,-9999,-9999,2800,93310,2,1
46656,83,-9999,-9999,2800,93312,2,1
46657,83,-9999,-9999,2800,93314,2,1
46658,83,-9999,-9999,2800,93316,2,1
46659,83,-9999,-9999,2800,93318,2,1
46660,83,-9999,-9999,2800,93320,2,1
46661,83,-9999,-9999,2800,93322,2,1
46662,83,-9999,-9999,2800,93324,2,1
46663,83,-9999,-9999,2800,93326,2,1
46664,83,-9999,-9999,2800,93328,2,1
46665,83,-9999,-9999,2800,93330,2,1
46666,83,-9999,-9999,2800,93332,2,1
46667,83,-9999,-9999,2800,93334,2,1
46668,83,-9999,-9999,2800,93336,2,1
46669,83,-9999,-9999,2800,93338,2,1
46670,83,-9999,-9999,2800,93340,2,1
46671,83,-9999,-9999,2801,93342,2,1
46672,83,-9999,-9999,2801,93344,2,1
46673,83,-9999,-9999,2801,93346,2,1
46674,83,-9999,-9999,2801,93348,2,1
46675,83,-9999,-9999,2801,93350,2,1
46676,83,-9999,-9999,2801,93352,2,1
46677,83,-9999,-9999,2801,93354,2,1
46678,83,-9999,-9999,2801,93356,2,1
46679,83,-9999,-9999,2801,93358,2,1
46680,83,-9999,-9999,2801,93360,2,1
46681,83,-9999,-9999,2801,93362,2,1
46682,83,-9999,-9999,2801,93364,2,1
46683,83,-9999,-9999,2801,93366,2,1
46684,83,-9999,-9999,2801,93368,2,1
46685,83,-9999,-9999,2801,93370,2,1
46686,83,-9999,-9999,2801,93372,2,1
46687,83,-9999,-9999,2801,93374,2,1
46688,83,-9999,-9999,2802,93376,2,1
46689,83,-9999,-9999,2802,93378,2,1
46690,83,-9999,-9999,2802,93380,2,1
46691,83,-9999,-9999,2802,93382,2,1
46692,83,-9999,-9999,2802,93384,2,1
46693,83,-9999,-9999,2802,93386,2,1
46694,83,-9999,-9999,2802,93388,2,1
46695,83,-9999,-9999,2802,93390,2,1
46696,83,-9999,-9999,2802,93392,2,1
46697,83,-9999,-9999,2802,93394,2,1
46698,83,-9999,-9999,2802,93396,2,1
46699,83,-9999,-9999,2802,93398,2,1
46700,83,-9999,-9999,2802,93400,2,1
46701,83,-9999,-9999,2802,93402,2,1
46702,83,-9999,-9999,2802,93404,2,1
46703,83,-9999,-9999,2802,93406,2,1
46704,83,-9999,-9999,2802,93408,2,1
46705,83,-9999,-9999,2803,93410,2,1
46706,83,-9999,-9999,2803,93412,2,1
46707,83,-9999,-9999,2803,93414,2,1
46708,83,-9999,-9999,2803,93416,2,1
46709,83,-9999,-9999,2803,93418,2,1
46710,83,-9999,-9999,2803,93420,2,1
46711,83,-9999,-9999,2803,93422,2,1
46712,83,-9999,-9999,2803,93424,2,1
46713,83,-9999,-9999,2803,93426,2,1
46714,83,-9999,-9999,2803,93428,2,1
46715,83,-9999,-9999,2803,93430,2,1
46716,83,-9999,-9999,2803,93432,2,1
46717,83,-9999,-9999,2803,93434,2,1
46718,83,-9999,-9999,2803,93436,2,1
46719,83,-9999,-9999,2803,93438,2,1
46720,83,-9999,-9999,2803,93440,2,1
46721,83,-9999,-9999,2804,93442,2,1
46722,83,-9999,-9999,2804,93444,2,1
46723,83,-9999,-9999,2804,93446,2,1
46724,83,-9999,-9999,2804,93448,2,1
46725,83,-9999,-9999,2804,93450,2,1
46726,83,-9999,-9999,2804,93452,2,1
46727,83,-9999,-9999,2804,93454,2,1
46728,83,-9999,-9999,2804,93456,2,1
46729,83,-9999,-9999,2804,93458,2,1
46730,83,-9999,-9999,2804,93460,2,1
46731,83,-9999,-9999,2804,93462,2,1
46732,83,-9999,-9999,2804,93464,2,1
46733,83,-9999,-9999,2804,93466,2,1
46734,83,-9999,-9999,2804,93468,2,1
46735,83,-9999,-9999,2804,93470,2,1
46736,83,-9999,-9999,2804,93472,2,1
46737,83,-9999,-9999,2804,93474,2,1
46738,83,-9999,-9999,2805,93476,2,1
46739,83,-9999,-9999,2805,93478,2,1
46740,83,-9999,-9999,2805,93480,2,1
46741,83,-9999,-9999,2805,93482,2,1
46742,83,-9999,-9999,2805,93484,2,1
46743,83,-9999,-9999,2805,93486,2,1
46744,83,-9999,-9999,2805,93488,2,1
46745,83,-9999,-9999,2805,93490,2,1
46746,83,-9999,-9999,2805,93492,2,1
46747,83,-9999,-9999,2805,93494,2,1
46748,83,-9999,-9999,2805,93496,2,1
46749,83,-9999,-9999,2805,93498,2,1
46750,83,-9999,-9999,2805,93500,2,1
46751,83,-9999,-9999,2805,93502,2,1
46752,83,-9999,-9999,2805,93504,2,1
46753,83,-9999,-9999,2805,93506,2,1
46754,83,-9999,-9999,2805,93508,2,1
46755,83,-9999,-9999,2806,93510,2,1
46756,83,-9999,-9999,2806,93512,2,1
46757,83,-9999,-9999,2806,93514,2,1
46758,83,-9999,-9999,2806,93516,2,1
46759,83,-9999,-9999,2806,93518,2,1
46760,83,-9999,-9999,2806,93520,2,1
46761,83,-9999,-9999,2806,93522,2,1
46762,83,-9999,-9999,2806,93524,2,1
46763,83,-9999,-9999,2806,93526,2,1
46764,83,-9999,-9999,2806,93528,2,1
46765,83,-9999,-9999,2806,93530,2,1
46766,83,-9999,-9999,2806,93532,2,1
46767,83,-9999,-9999,2806,93534,2,1
46768,83,-9999,-9999,2806,93536,2,1
46769,83,-9999,-9999,2806,93538,2,1
46770,83,-9999,-9999,2806,93540,2,1
46771,83,-9999,-9999,2807,93542,2,1
46772,83,-9999,-9999,2807,93544,2,1
46773,83,-9999,-9999,2807,93546,2,1
46774,83,-9999,-9999,2807,93548,2,1
46775,83,-9999,-9999,2807,93550,2,1
46776,83,-9999,-9999,2807,93552,2,1
46777,83,-9999,-9999,2807,93554,2,1
46778,83,-9999,-9999,2807,93556,2,1
46779,83,-9999,-9999,2807,93558,2,1
46780,83,-9999,-9999,2807,93560,2,1
46781,83,-9999,-9999,2807,93562,2,1
46782,83,-9999,-9999,2807,93564,2,1
46783,83,-9999,-9999,2807,93566,2,1
46784,83,-9999,-9999,2807,93568,2,1
46785,83,-9999,-9999,2807,93570,2,1
46786,83,-9999,-9999,2807,93572,2,1
46787,83,-9999,-9999,2807,93574,2,1
46788,83,-9999,-9999,2808,93576,2,1
46789,83,-9999,-9999,2808,93578,2,1
46790,83,-9999,-9999,2808,93580,2,1
46791,83,-9999,-9999,2808,93582,2,1
46792,83,-9999,-9999,2808,93584,2,1
46793,83,-9999,-9999,2808,93586,2,1
46794,83,-9999,-9999,2808,93588,2,1
46795,83,-9999,-9999,2808,93590,2,1
46796,83,-9999,-9999,2808,93592,2,1
46797,83,-9999,-9999,2808,93594,2,1
46798,83,-9999,-9999,2808,93596,2,1
46799,83,-9999,-9999,2808,93598,2,1
46800,83,-9999,-9999,2808,93600,2,1
46801,83,-9999,-9999,2808,93602,2,1
46802,83,-9999,-9999,2808,93604,2,1
46803,83,-9999,-9999,2808,93606,2,1
46804,83,-9999,-9999,2808,93608,2,1
46805,83,-9999,-9999,2809,93610,2,1
46806,83,-9999,-9999,2809,93612,2,1
46807,83,-9999,-9999,2809,93614,2,1
46808,83,-9999,-9999,2809,93616,2,1
46809,83,-9999,-9999,2809,93618,2,1
46810,83,-9999,-9999,2809,93620,2,1
46811,83,-9999,-9999,2809,93622,2,1
46812,83,-9999,-9999,2809,93624,2,1
46813,83,-9999,-9999,2809,93626,2,1
46814,83,-9999,-9999,2809,93628,2,1
46815,83,-9999,-9999,2809,93630,2,1
46816,83,-9999,-9999,2809,93632,2,1
46817,83,-9999,-9999,2809,93634,2,1
46818,83,-9999,-9999,2809,93636,2,1
46819,83,-9999,-9999,2809,93638,2,1
46820,83,-9999,-9999,2809,93640,2,1
46821,83,-9999,-9999,2810,93642,2,1
46822,83,-9999,-9999,2810,93644,2,1
46823,83,-9999,-9999,2810,93646,2,1
46824,83,-9999,-9999,2810,93648,2,1
46825,83,-9999,-9999,2810,93650,2,1
46826,83,-9999,-9999,2810,93652,2,1
46827,83,-9999,-9999,2810,93654,2,1
46828,83,-9999,-9999,2810,93656,2,1
46829,83,-9999,-9999,2810,93658,2,1
46830,83,-9999,-9999,2810,93660,2,1
46831,83,-9999,-9999,2810,93662,2,1
46832,83,-9999,-9999,2810,93664,2,1
46833,83,-9999,-9999,2810,93666,2,1
46834,83,-9999,-9999,2810,93668,2,1
46835,83,-9999,-9999,2810,93670,2,1
46836,83,-9999,-9999,2810,93672,2,1
46837,83,-9999,-9999,2810,93674,2,1
46838,83,-9999,-9999,2811,93676,2,1
46839,83,-9999,-9999,2811,93678,2,1
46840,83,-9999,-9999,2811,93680,2,1
46841,83,-9999,-9999,2811,93682,2,1
46842,83,-9999,-9999,2811,93684,2,1
46843,83,-9999,-9999,2811,93686,2,1
46844,83,-9999,-9999,2811,93688,2,1
46845,83,-9999,-9999,2811,93690,2,1
46846,83,-9999,-9999,2811,93692,2,1
46847,83,-9999,-9999,2811,93694,2,1
46848,83,-9999,-9999,2811,93696,2,1
46849,83,-9999,-9999,2811,93698,2,1
46850,83,-9999,-9999,2811,93700,2,1
46851,83,-9999,-9999,2811,93702,2,1
46852,83,-9999,-9999,2811,93704,2,1
46853,83,-9999,-9999,2811,93706,2,1
46854,83,-9999,-9999,2811,93708,2,1
46855,83,-9999,-9999,2812,93710,2,1
46856,83,-9999,-9999,2812,93712,2,1
46857,83,-9999,-9999,2812,93714,2,1
46858,83,-9999,-9999,2812,93716,2,1
46859,83,-9999,-9999,2812,93718,2,1
46860,83,-9999,-9999,2812,93720,2,1
46861,83,-9999,-9999,2812,93722,2,1
46862,83,-9999,-9999,2812,93724,2,1
46863,83,-9999,-9999,2812,93726,2,1
46864,83,-9999,-9999,2812,93728,2,1
46865,83,-9999,-9999,2812,93730,2,1
46866,83,-9999,-9999,2812,93732,2,1
46867,83,-9999,-9999,2812,93734,2,1
46868,83,-9999,-9999,2812,93736,2,1
46869,83,-9999,-9999,2812,93738,2,1
46870,83,-9999,-9999,2812,93740,2,1
46871,83,-9999,-9999,2813,93742,2,1
46872,83,-9999,-9999,2813,93744,2,1
46873,83,-9999,-9999,2813,93746,2,1
46874,83,-9999,-9999,2813,93748,2,1
46875,83,-9999,-9999,2813,93750,2,1
46876,83,-9999,-9999,2813,93752,2,1
46877,83,-9999,-9999,2813,93754,2,1
46878,83,-9999,-9999,2813,93756,2,1
46879,83,-9999,-9999,2813,93758,2,1
46880,83,-9999,-9999,2813,93760,2,1
46881,83,-9999,-9999,2813,93762,2,1
46882,83,-9999,-9999,2813,93764,2,1
46883,83,-9999,-9999,2813,93766,2,1
46884,83,-9999,-9999,2813,93768,2,1
46885,83,-9999,-9999,2813,93770,2,1
46886,83,-9999,-9999,2813,93772,2,1
46887,83,-9999,-9999,2813,93774,2,1
46888,83,-9999,-9999,2814,93776,2,1
46889,83,-9999,-9999,2814,93778,2,1
46890,83,-9999,-9999,2814,93780,2,1
46891,83,-9999,-9999,2814,93782,2,1
46892,83,-9999,-9999,2814,93784,2,1
46893,83,-9999,-9999,2814,93786,2,1
46894,83,-9999,-9999,2814,93788,2,1
46895,83,-9999,-9999,2814,93790,2,1
46896,83,-9999,-9999,2814,93792,2,1
46897,83,-9999,-9999,2814,93794,2,1
46898,83,-9999,-9999,2814,93796,2,1
46899,83,-9999,-9999,2814,93798,2,1
46900,83,-9999,-9999,2814,93800,2,1
46901,83,-9999,-9999,2814,93802,2,1
46902,83,-9999,-9999,2814,93804,2,1
46903,83,-9999,-9999,2814,93806,2,1
46904,83,-9999,-9999,2814,93808,2,1
46905,83,-9999,-9999,2815,93810,2,1
46906,83,-9999,-9999,2815,93812,2,1
46907,83,-9999,-9999,2815,93814,2,1
46908,83,-9999,-9999,2815,93816,2,1
46909,83,-9999,-9999,2815,93818,2,1
46910,83,-9999,-9999,2815,93820,2,1
46911,83,-9999,-9999,2815,93822,2,1
46912,83,-9999,-9999,2815,93824,2,1
46913,83,-9999,-9999,2815,93826,2,1
46914,83,-9999,-9999,2815,93828,2,1
46915,83,-9999,-9999,2815,93830,2,1
46916,83,-9999,-9999,2815,93832,2,1
46917,83,-9999,-9999,2815,93834,2,1
46918,83,-9999,-9999,2815,93836,2,1
46919,83,-9999,-9999,2815,93838,2,1
46920,83,-9999,-9999,2815,93840,2,1
46921,83,-9999,-9999,2816,93842,2,1
46922,83,-9999,-9999,2816,93844,2,1
46923,83,-9999,-9999,2816,93846,2,1
46924,83,-9999,-9999,2816,93848,2,1
46925,83,-9999,-9999,2816,93850,2,1
46926,83,-9999,-9999,2816,93852,2,1
46927,83,-9999,-9999,2816,93854,2,1
46928,83,-9999,-9999,2816,93856,2,1
46929,83,-9999,-9999,2816,93858,2,1
46930,83,-9999,-9999,2816,93860,2,1
46931,83,-9999,-9999,2816,93862,2,1
46932,83,-9999,-9999,2816,93864,2,1
46933,83,-9999,-9999,2816,93866,2,1
46934,83,-9999,-9999,2816,93868,2,1
46935,83,-9999,-9999,2816,93870,2,1
46936,83,-9999,-9999,2816,93872,2,1
46937,83,-9999,-9999,2816,93874,2,1
46938,83,-9999,-9999,2817,93876,2,1
46939,83,-9999,-9999,2817,93878,2,1
46940,83,-9999,-9999,2817,93880,2,1
46941,83,-9999,-9999,2817,93882,2,1
46942,83,-9999,-9999,2817,93884,2,1
46943,83,-9999,-9999,2817,93886,2,1
46944,83,-9999,-9999,2817,93888,2,1
46945,83,-9999,-9999,2817,93890,2,1
46946,83,-9999,-9999,2817,93892,2,1
46947,83,-9999,-9999,2817,93894,2,1
46948,83,-9999,-9999,2817,93896,2,1
46949,83,-9999,-9999,2817,93898,2,1
46950,83,-9999,-9999,2817,93900,2,1
46951,83,-9999,-9999,2817,93902,2,1
46952,83,-9999,-9999,2817,93904,2,1
46953,83,-9999,-9999,2817,93906,2,1
46954,83,-9999,-9999,2817,93908,2,1
46955,83,-9999,-9999,2818,93910,2,1
46956,83,-9999,-9999,2818,93912,2,1
46957,83,-9999,-9999,2818,93914,2,1
46958,83,-9999,-9999,2818,93916,2,1
46959,83,-9999,-9999,2818,93918,2,1
46960,83,-9999,-9999,2818,93920,2,1
46961,83,-9999,-9999,2818,93922,2,1
46962,83,-9999,-9999,2818,93924,2,1
46963,83,-9999,-9999,2818,93926,2,1
46964,83,-9999,-9999,2818,93928,2,1
46965,83,-9999,-9999,2818,93930,2,1
46966,83,-9999,-9999,2818,93932,2,1
46967,83,-9999,-9999,2818,93934,2,1
46968,83,-9999,-9999,2818,93936,2,1
46969,83,-9999,-9999,2818,93938,2,1
46970,83,-9999,-9999,2818,93940,2,1
46971,83,-9999,-9999,2819,93942,2,1
46972,83,-9999,-9999,2819,93944,2,1
46973,83,-9999,-9999,2819,93946,2,1
46974,83,-9999,-9999,2819,93948,2,1
46975,83,-9999,-9999,2819,93950,2,1
46976,83,-9999,-9999,2819,93952,2,1
46977,83,-9999,-9999,2819,93954,2,1
46978,83,-9999,-9999,2819,93956,2,1
46979,83,-9999,-9999,2819,93958,2,1
46980,83,-9999,-9999,2819,93960,2,1
46981,83,-9999,-9999,2819,93962,2,1
46982,83,-9999,-9999,2819,93964,2,1
46983,83,-9999,-9999,2819,93966,2,1
46984,83,-9999,-9999,2819,93968,2,1
46985,83,-9999,-9999,2819,93970,2,1
46986,83,-9999,-9999,2819,93972,2,1
46987,83,-9999,-9999,2819,93974,2,1
46988,83,-9999,-9999,2820,93976,2,1
46989,83,-9999,-9999,2820,93978,2,1
46990,83,-9999,-9999,2820,93980,2,1
46991,83,-9999,-9999,2820,93982,2,1
46992,83,-9999,-9999,2820,93984,2,1
46993,83,-9999,-9999,2820,93986,2,1
46994,83,-9999,-9999,2820,93988,2,1
46995,83,-9999,-9999,2820,93990,2,1
46996,83,-9999,-9999,2820,93992,2,1
46997,83,-9999,-9999,2820,93994,2,1
46998,83,-9999,-9999,2820,93996,2,1
46999,83,-9999,-9999,2820,93998,2,1
47000,83,-9999,-9999,2820,94000,2,1
47001,83,-9999,-9999,2820,94002,2,1
47002,83,-9999,-9999,2820,94004,2,1
47003,83,-9999,-9999,2820,94006,2,1
47004,83,-9999,-9999,2820,94008,2,1
47005,83,-9999,-9999,2821,94010,2,1
47006,83,-9999,-9999,2821,94012,2,1
47007,83,-9999,-9999,2821,94014,2,1
47008,83,-9999,-9999,2821,94016,2,1
47009,83,-9999,-9999,2821,94018,2,1
47010,83,-9999,-9999,2821,94020,2,1
47011,83,-9999,-9999,2821,94022,2,1
47012,83,-9999,-9999,2821,94024,2,1
47013,83,-9999,-9999,2821,94026,2,1
47014,83,-9999,-9999,2821,94028,2,1
47015,83,-9999,-9999,2821,94030,2,1
47016,83,-9999,-9999,2821,94032,2,1
47017,83,-9999,-9999,2821,94034,2,1
47018,83,-9999,-9999,2821,94036,2,1
47019,83,-9999,-9999,2821,94038,2,1
47020,83,-9999,-9999,2821,94040,2,1
47021,83,-9999,-9999,2822,94042,2,1
47022,83,-9999,-9999,2822,94044,2,1
47023,83,-9999,-9999,2822,94046,2,1
47024,83,-9999,-9999,2822,94048,2,1
47025,83,-9999,-9999,2822,94050,2,1
47026,83,-9999,-9999,2822,94052,2,1
47027,83,-9999,-9999,2822,94054,2,1
47028,83,-9999,-9999,2822,94056,2,1
47029,83,-9999,-9999,2822,94058,2,1
47030,83,-9999,-9999,2822,94060,2,1
47031,83,-9999,-9999,2822,94062,2,1
47032,83,-9999,-9999,2822,94064,2,1
47033,83,-9999,-9999,2822,94066,2,1
47034,83,-9999,-9999,2822,94068,2,1
47035,83,-9999,-9999,2822,94070,2,1
47036,83,-9999,-9999,2822,94072,2,1
47037,83,-9999,-9999,2822,94074,2,1
47038,83,-9999,-9999,2823,94076,2,1
47039,83,-9999,-9999,2823,94078,2,1
47040,83,-9999,-9999,2823,94080,2,1
47041,83,-9999,-9999,2823,94082,2,1
47042,83,-9999,-9999,2823,94084,2,1
47043,83,-9999,-9999,2823,94086,2,1
47044,83,-9999,-9999,2823,94088,2,1
47045,83,-9999,-9999,2823,94090,2,1
47046,83,-9999,-9999,2823,94092,2,1
47047,83,-9999,-9999,2823,94094,2,1
47048,83,-9999,-9999,2823,94096,2,1
47049,83,-9999,-9999,2823,94098,2,1
47050,83,-9999,-9999,2823,94100,2,1
47051,83,-9999,-9999,2823,94102,2,1
47052,83,-9999,-9999,2823,94104,2,1
47053,83,-9999,-9999,2823,94106,2,1
47054,83,-9999,-9999,2823,94108,2,1
47055,83,-9999,-9999,2824,94110,2,1
47056,83,-9999,-9999,2824,94112,2,1
47057,83,-9999,-9999,2824,94114,2,1
47058,83,-9999,-9999,2824,94116,2,1
47059,83,-9999,-9999,2824,94118,2,1
47060,83,-9999,-9999,2824,94120,2,1
47061,83,-9999,-9999,2824,94122,2,1
47062,83,-9999,-9999,2824,94124,2,1
47063,83,-9999,-9999,2824,94126,2,1
47064,83,-9999,-9999,2824,94128,2,1
47065,83,-9999,-9999,2824,94130,2,1
47066,83,-9999,-9999,2824,94132,2,1
47067,83,-9999,-9999,2824,94134,2,1
47068,83,-9999,-9999,2824,94136,2,1
47069,83,-9999,-9999,2824,94138,2,1
47070,83,-9999,-9999,2824,94140,2,1
47071,83,-9999,-9999,2825,94142,2,1
47072,83,-9999,-9999,2825,94144,2,1
47073,83,-9999,-9999,2825,94146,2,1
47074,83,-9999,-9999,2825,94148,2,1
47075,83,-9999,-9999,2825,94150,2,1
47076,83,-9999,-9999,2825,94152,2,1
47077,83,-9999,-9999,2825,94154,2,1
47078,83,-9999,-9999,2825,94156,2,1
47079,83,-9999,-9999,2825,94158,2,1
47080,83,-9999,-9999,2825,94160,2,1
47081,83,-9999,-9999,2825,94162,2,1
47082,83,-9999,-9999,2825,94164,2,1
47083,83,-9999,-9999,2825,94166,2,1
47084,83,-9999,-9999,2825,94168,2,1
47085,83,-9999,-9999,2825,94170,2,1
47086,83,-9999,-9999,2825,94172,2,1
47087,83,-9999,-9999,2825,94174,2,1
47088,83,-9999,-9999,2826,94176,2,1
47089,83,-9999,-9999,2826,94178,2,1
47090,83,-9999,-9999,2826,94180,2,1
47091,83,-9999,-9999,2826,94182,2,1
47092,83,-9999,-9999,2826,94184,2,1
47093,83,-9999,-9999,2826,94186,2,1
47094,83,-9999,-9999,2826,94188,2,1
47095,83,-9999,-9999,2826,94190,2,1
47096,83,-9999,-9999,2826,94192,2,1
47097,83,-9999,-9999,2826,94194,2,1
47098,83,-9999,-9999,2826,94196,2,1
47099,83,-9999,-9999,2826,94198,2,1
47100,83,-9999,-9999,2826,94200,2,1
47101,83,-9999,-9999,2826,94202,2,1
47102,83,-9999,-9999,2826,94204,2,1
47103,83,-9999,-9999,2826,94206,2,1
47104,83,-9999,-9999,2826,94208,2,1
47105,83,-9999,-9999,2827,94210,2,1
47106,83,-9999,-9999,2827,94212,2,1
47107,83,-9999,-9999,2827,94214,2,1
47108,83,-9999,-9999,2827,94216,2,1
47109,83,-9999,-9999,2827,94218,2,1
47110,83,-9999,-9999,2827,94220,2,1
47111,83,-9999,-9999,2827,94222,2,1
47112,83,-9999,-9999,2827,94224,2,1
47113,83,-9999,-9999,2827,94226,2,1
47114,83,-9999,-9999,2827,94228,2,1
47115,83,-9999,-9999,2827,94230,2,1
47116,83,-9999,-9999,2827,94232,2,1
47117,83,-9999,-9999,2827,94234,2,1
47118,83,-9999,-9999,2827,94236,2,1
47119,83,-9999,-9999,2827,94238,2,1
47120,83,-9999,-9999,2827,94240,2,1
47121,83,-9999,-9999,2828,94242,2,1
47122,83,-9999,-9999,2828,94244,2,1
47123,83,-9999,-9999,2828,94246,2,1
47124,83,-9999,-9999,2828,94248,2,1
47125,83,-9999,-9999,2828,94250,2,1
47126,83,-9999,-9999,2828,94252,2,1
47127,83,-9999,-9999,2828,94254,2,1
47128,83,-9999,-9999,2828,94256,2,1
47129,83,-9999,-9999,2828,94258,2,1
47130,83,-9999,-9999,2828,94260,2,1
47131,83,-9999,-9999,2828,94262,2,1
47132,83,-9999,-9999,2828,94264,2,1
47133,83,-9999,-9999,2828,94266,2,1
47134,83,-9999,-9999,2828,94268,2,1
47135,83,-9999,-9999,2828,94270,2,1
47136,83,-9999,-9999,2828,94272,2,1
47137,83,-9999,-9999,2828,94274,2,1
47138,83,-9999,-9999,2829,94276,2,1
47139,83,-9999,-9999,2829,94278,2,1
47140,83,-9999,-9999,2829,94280,2,1
47141,83,-9999,-9999,2829,94282,2,1
47142,83,-9999,-9999,2829,94284,2,1
47143,83,-9999,-9999,2829,94286,2,1
47144,83,-9999,-9999,2829,94288,2,1
47145,83,-9999,-9999,2829,94290,2,1
47146,83,-9999,-9999,2829,94292,2,1
47147,83,-9999,-9999,2829,94294,2,1
47148,83,-9999,-9999,2829,94296,2,1
47149,83,-9999,-9999,2829,94298,2,1
47150,83,-9999,-9999,2829,94300,2,1
47151,83,-9999,-9999,2829,94302,2,1
47152,83,-9999,-9999,2829,94304,2,1
47153,83,-9999,-9999,2829,94306,2,1
47154,83,-9999,-9999,2829,94308,2,1
47155,83,-9999,-9999,2830,94310,2,1
47156,83,-9999,-9999,2830,94312,2,1
47157,83,-9999,-9999,2830,94314,2,1
47158,83,-9999,-9999,2830,94316,2,1
47159,83,-9999,-9999,2830,94318,2,1
47160,83,-9999,-9999,2830,94320,2,1
47161,83,-9999,-9999,2830,94322,2,1
47162,83,-9999,-9999,2830,94324,2,1
47163,83,-9999,-9999,2830,94326,2,1
47164,83,-9999,-9999,2830,94328,2,1
47165,83,-9999,-9999,2830,94330,2,1
47166,83,-9999,-9999,2830,94332,2,1
47167,83,-9999,-9999,2830,94334,2,1
47168,83,-9999,-9999,2830,94336,2,1
47169,83,-9999,-9999,2830,94338,2,1
47170,83,-9999,-9999,2830,94340,2,1
47171,83,-9999,-9999,2831,94342,2,1
47172,83,-9999,-9999,2831,94344,2,1
47173,83,-9999,-9999,2831,94346,2,1
47174,83,-9999,-9999,2831,94348,2,1
47175,83,-9999,-9999,2831,94350,2,1
47176,83,-9999,-9999,2831,94352,2,1
47177,83,-9999,-9999,2831,94354,2,1
47178,83,-9999,-9999,2831,94356,2,1
47179,83,-9999,-9999,2831,94358,2,1
47180,83,-9999,-9999,2831,94360,2,1
47181,83,-9999,-9999,2831,94362,2,1
47182,83,-9999,-9999,2831,94364,2,1
47183,83,-9999,-9999,2831,94366,2,1
47184,83,-9999,-9999,2831,94368,2,1
47185,83,-9999,-9999,2831,94370,2,1
47186,83,-9999,-9999,2831,94372,2,1
47187,83,-9999,-9999,2831,94374,2,1
47188,83,-9999,-9999,2832,94376,2,1
47189,83,-9999,-9999,2832,94378,2,1
47190,83,-9999,-9999,2832,94380,2,1
47191,83,-9999,-9999,2832,94382,2,1
47192,83,-9999,-9999,2832,94384,2,1
47193,83,-9999,-9999,2832,94386,2,1
47194,83,-9999,-9999,2832,94388,2,1
47195,83,-9999,-9999,2832,94390,2,1
47196,83,-9999,-9999,2832,94392,2,1
47197,83,-9999,-9999,2832,94394,2,1
47198,83,-9999,-9999,2832,94396,2,1
47199,83,-9999,-9999,2832,94398,2,1
47200,83,-9999,-9999,2832,94400,2,1
47201,83,-9999,-9999,2832,94402,2,1
47202,83,-9999,-9999,2832,94404,2,1
47203,83,-9999,-9999,2832,94406,2,1
47204,83,-9999,-9999,2832,94408,2,1
47205,83,-9999,-9999,2833,94410,2,1
47206,83,-9999,-9999,2833,94412,2,1
47207,83,-9999,-9999,2833,94414,2,1
47208,83,-9999,-9999,2833,94416,2,1
47209,83,-9999,-9999,2833,94418,2,1
47210,83,-9999,-9999,2833,94420,2,1
47211,83,-9999,-9999,2833,94422,2,1
47212,83,-9999,-9999,2833,94424,2,1
47213,83,-9999,-9999,2833,94426,2,1
47214,83,-9999,-9999,2833,94428,2,1
47215,83,-9999,-9999,2833,94430,2,1
47216,83,-9999,-9999,2833,94432,2,1
47217,83,-9999,-9999,2833,94434,2,1
47218,83,-9999,-9999,2833,94436,2,1
47219,83,-9999,-9999,2833,94438,2,1
47220,83,-9999,-9999,2833,94440,2,1
47221,83,-9999,-9999,2834,94442,2,1
47222,83,-9999,-9999,2834,94444,2,1
47223,83,-9999,-9999,2834,94446,2,1
47224,83,-9999,-9999,2834,94448,2,1
47225,83,-9999,-9999,2834,94450,2,1
47226,83,-9999,-9999,2834,94452,2,1
47227,83,-9999,-9999,2834,94454,2,1
47228,83,-9999,-9999,2834,94456,2,1
47229,83,-9999,-9999,2834,94458,2,1
47230,83,-9999,-9999,2834,94460,2,1
47231,83,-9999,-9999,2834,94462,2,1
47232,83,-9999,-9999,2834,94464,2,1
47233,83,-9999,-9999,2834,94466,2,1
47234,83,-9999,-9999,2834,94468,2,1
47235,83,-9999,-9999,2834,94470,2,1
47236,83,-9999,-9999,2834,94472,2,1
47237,83,-9999,-9999,2834,94474,2,1
47238,83,-9999,-9999,2835,94476,2,1
47239,83,-9999,-9999,2835,94478,2,1
47240,83,-9999,-9999,2835,94480,2,1
47241,83,-9999,-9999,2835,94482,2,1
47242,83,-9999,-9999,2835,94484,2,1
47243,83,-9999,-9999,2835,94486,2,1
47244,83,-9999,-9999,2835,94488,2,1
47245,83,-9999,-9999,2835,94490,2,1
47246,83,-9999,-9999,2835,94492,2,1
47247,83,-9999,-9999,2835,94494,2,1
47248,83,-9999,-9999,2835,94496,2,1
47249,83,-9999,-9999,2835,94498,2,1
47250,83,-9999,-9999,2835,94500,2,1
47251,83,-9999,-9999,2835,94502,2,1
47252,83,-9999,-9999,2835,94504,2,1
47253,83,-9999,-9999,2835,94506,2,1
47254,83,-9999,-9999,2835,94508,2,1
47255,83,-9999,-9999,2836,94510,2,1
47256,83,-9999,-9999,2836,94512,2,1
47257,83,-9999,-9999,2836,94514,2,1
47258,83,-9999,-9999,2836,94516,2,1
47259,83,-9999,-9999,2836,94518,2,1
47260,83,-9999,-9999,2836,94520,2,1
47261,83,-9999,-9999,2836,94522,2,1
47262,83,-9999,-9999,2836,94524,2,1
47263,83,-9999,-9999,2836,94526,2,1
47264,83,-9999,-9999,2836,94528,2,1
47265,83,-9999,-9999,2836,94530,2,1
47266,83,-9999,-9999,2836,94532,2,1
47267,83,-9999,-9999,2836,94534,2,1
47268,83,-9999,-9999,2836,94536,2,1
47269,83,-9999,-9999,2836,94538,2,1
47270,83,-9999,-9999,2836,94540,2,1
47271,83,-9999,-9999,2837,94542,2,1
47272,83,-9999,-9999,2837,94544,2,1
47273,83,-9999,-9999,2837,94546,2,1
47274,83,-9999,-9999,2837,94548,2,1
47275,83,-9999,-9999,2837,94550,2,1
47276,83,-9999,-9999,2837,94552,2,1
47277,83,-9999,-9999,2837,94554,2,1
47278,83,-9999,-9999,2837,94556,2,1
47279,83,-9999,-9999,2837,94558,2,1
47280,83,-9999,-9999,2837,94560,2,1
47281,83,-9999,-9999,2837,94562,2,1
47282,83,-9999,-9999,2837,94564,2,1
47283,83,-9999,-9999,2837,94566,2,1
47284,83,-9999,-9999,2837,94568,2,1
47285,83,-9999,-9999,2837,94570,2,1
47286,83,-9999,-9999,2837,94572,2,1
47287,83,-9999,-9999,2837,94574,2,1
47288,83,-9999,-9999,2838,94576,2,1
47289,83,-9999,-9999,2838,94578,2,1
47290,83,-9999,-9999,2838,94580,2,1
47291,83,-9999,-9999,2838,94582,2,1
47292,83,-9999,-9999,2838,94584,2,1
47293,83,-9999,-9999,2838,94586,2,1
47294,83,-9999,-9999,2838,94588,2,1
47295,83,-9999,-9999,2838,94590,2,1
47296,83,-9999,-9999,2838,94592,2,1
47297,83,-9999,-9999,2838,94594,2,1
47298,83,-9999,-9999,2838,94596,2,1
47299,83,-9999,-9999,2838,94598,2,1
47300,83,-9999,-9999,2838,94600,2,1
47301,83,-9999,-9999,2838,94602,2,1
47302,83,-9999,-9999,2838,94604,2,1
47303,83,-9999,-9999,2838,94606,2,1
47304,83,-9999,-9999,2838,94608,2,1
47305,83,-9999,-9999,2839,94610,2,1
47306,83,-9999,-9999,2839,94612,2,1
47307,83,-9999,-9999,2839,94614,2,1
47308,83,-9999,-9999,2839,94616,2,1
47309,83,-9999,-9999,2839,94618,2,1
47310,83,-9999,-9999,2839,94620,2,1
47311,83,-9999,-9999,2839,94622,2,1
47312,83,-9999,-9999,2839,94624,2,1
47313,83,-9999,-9999,2839,94626,2,1
47314,83,-9999,-9999,2839,94628,2,1
47315,83,-9999,-9999,2839,94630,2,1
47316,83,-9999,-9999,2839,94632,2,1
47317,83,-9999,-9999,2839,94634,2,1
47318,83,-9999,-9999,2839,94636,2,1
47319,83,-9999,-9999,2839,94638,2,1
47320,83,-9999,-9999,2839,94640,2,1
47321,83,-9999,-9999,2840,94642,2,1
47322,83,-9999,-9999,2840,94644,2,1
47323,83,-9999,-9999,2840,94646,2,1
47324,83,-9999,-9999,2840,94648,2,1
47325,83,-9999,-9999,2840,94650,2,1
47326,83,-9999,-9999,2840,94652,2,1
47327,83,-9999,-9999,2840,94654,2,1
47328,83,-9999,-9999,2840,94656,2,1
47329,83,-9999,-9999,2840,94658,2,1
47330,83,-9999,-9999,2840,94660,2,1
47331,83,-9999,-9999,2840,94662,2,1
47332,83,-9999,-9999,2840,94664,2,1
47333,83,-9999,-9999,2840,94666,2,1
47334,83,-9999,-9999,2840,94668,2,1
47335,83,-9999,-9999,2840,94670,2,1
47336,83,-9999,-9999,2840,94672,2,1
47337,83,-9999,-9999,2840,94674,2,1
47338,83,-9999,-9999,2841,94676,2,1
47339,83,-9999,-9999,2841,94678,2,1
47340,83,-9999,-9999,2841,94680,2,1
47341,83,-9999,-9999,2841,94682,2,1
47342,83,-9999,-9999,2841,94684,2,1
47343,83,-9999,-9999,2841,94686,2,1
47344,83,-9999,-9999,2841,94688,2,1
47345,83,-9999,-9999,2841,94690,2,1
47346,83,-9999,-9999,2841,94692,2,1
47347,83,-9999,-9999,2841,94694,2,1
47348,83,-9999,-9999,2841,94696,2,1
47349,83,-9999,-9999,2841,94698,2,1
47350,83,-9999,-9999,2841,94700,2,1
47351,83,-9999,-9999,2841,94702,2,1
47352,83,-9999,-9999,2841,94704,2,1
47353,83,-9999,-9999,2841,94706,2,1
47354,83,-9999,-9999,2841,94708,2,1
47355,83,-9999,-9999,2842,94710,2,1
47356,83,-9999,-9999,2842,94712,2,1
47357,83,-9999,-9999,2842,94714,2,1
47358,83,-9999,-9999,2842,94716,2,1
47359,83,-9999,-9999,2842,94718,2,1
47360,83,-9999,-9999,2842,94720,2,1
47361,83,-9999,-9999,2842,94722,2,1
47362,83,-9999,-9999,2842,94724,2,1
47363,83,-9999,-9999,2842,94726,2,1
47364,83,-9999,-9999,2842,94728,2,1
47365,83,-9999,-9999,2842,94730,2,1
47366,83,-9999,-9999,2842,94732,2,1
47367,83,-9999,-9999,2842,94734,2,1
47368,83,-9999,-9999,2842,94736,2,1
47369,83,-9999,-9999,2842,94738,2,1
47370,83,-9999,-9999,2842,94740,2,1
47371,83,-9999,-9999,2843,94742,2,1
47372,83,-9999,-9999,2843,94744,2,1
47373,83,-9999,-9999,2843,94746,2,1
47374,83,-9999,-9999,2843,94748,2,1
47375,83,-9999,-9999,2843,94750,2,1
47376,83,-9999,-9999,2843,94752,2,1
47377,83,-9999,-9999,2843,94754,2,1
47378,83,-9999,-9999,2843,94756,2,1
47379,83,-9999,-9999,2843,94758,2,1
47380,83,-9999,-9999,2843,94760,2,1
47381,83,-9999,-9999,2843,94762,2,1
47382,83,-9999,-9999,2843,94764,2,1
47383,83,-9999,-9999,2843,94766,2,1
47384,83,-9999,-9999,2843,94768,2,1
47385,83,-9999,-9999,2843,94770,2,1
47386,83,-9999,-9999,2843,94772,2,1
47387,83,-9999,-9999,2843,94774,2,1
47388,83,-9999,-9999,2844,94776,2,1
47389,83,-9999,-9999,2844,94778,2,1
47390,83,-9999,-9999,2844,94780,2,1
47391,83,-9999,-9999,2844,94782,2,1
47392,83,-9999,-9999,2844,94784,2,1
47393,83,-9999,-9999,2844,94786,2,1
47394,83,-9999,-9999,2844,94788,2,1
47395,83,-9999,-9999,2844,94790,2,1
47396,83,-9999,-9999,2844,94792,2,1
47397,83,-9999,-9999,2844,94794,2,1
47398,83,-9999,-9999,2844,94796,2,1
47399,83,-9999,-9999,2844,94798,2,1
47400,83,-9999,-9999,2844,94800,2,1
47401,83,-9999,-9999,2844,94802,2,1
47402,83,-9999,-9999,2844,94804,2,1
47403,83,-9999,-9999,2844,94806,2,1
47404,83,-9999,-9999,2844,94808,2,1
47405,83,-9999,-9999,2845,94810,2,1
47406,83,-9999,-9999,2845,94812,2,1
47407,83,-9999,-9999,2845,94814,2,1
47408,83,-9999,-9999,2845,94816,2,1
47409,83,-9999,-9999,2845,94818,2,1
47410,83,-9999,-9999,2845,94820,2,1
47411,83,-9999,-9999,2845,94822,2,1
47412,83,-9999,-9999,2845,94824,2,1
47413,83,-9999,-9999,2845,94826,2,1
47414,83,-9999,-9999,2845,94828,2,1
47415,83,-9999,-9999,2845,94830,2,1
47416,83,-9999,-9999,2845,94832,2,1
47417,83,-9999,-9999,2845,94834,2,1
47418,83,-9999,-9999,2845,94836,2,1
47419,83,-9999,-9999,2845,94838,2,1
47420,83,-9999,-9999,2845,94840,2,1
47421,83,-9999,-9999,2846,94842,2,1
47422,83,-9999,-9999,2846,94844,2,1
47423,83,-9999,-9999,2846,94846,2,1
47424,83,-9999,-9999,2846,94848,2,1
47425,83,-9999,-9999,2846,94850,2,1
47426,83,-9999,-9999,2846,94852,2,1
47427,83,-9999,-9999,2846,94854,2,1
47428,83,-9999,-9999,2846,94856,2,1
47429,83,-9999,-9999,2846,94858,2,1
47430,83,-9999,-9999,2846,94860,2,1
47431,83,-9999,-9999,2846,94862,2,1
47432,83,-9999,-9999,2846,94864,2,1
47433,83,-9999,-9999,2846,94866,2,1
47434,83,-9999,-9999,2846,94868,2,1
47435,83,-9999,-9999,2846,94870,2,1
47436,83,-9999,-9999,2846,94872,2,1
47437,83,-9999,-9999,2846,94874,2,1
47438,83,-9999,-9999,2847,94876,2,1
47439,83,-9999,-9999,2847,94878,2,1
47440,83,-9999,-9999,2847,94880,2,1
47441,83,-9999,-9999,2847,94882,2,1
47442,83,-9999,-9999,2847,94884,2,1
47443,83,-9999,-9999,2847,94886,2,1
47444,83,-9999,-9999,2847,94888,2,1
47445,83,-9999,-9999,2847,94890,2,1
47446,83,-9999,-9999,2847,94892,2,1
47447,83,-9999,-9999,2847,94894,2,1
47448,83,-9999,-9999,2847,94896,2,1
47449,83,-9999,-9999,2847,94898,2,1
47450,83,-9999,-9999,2847,94900,2,1
47451,83,-9999,-9999,2847,94902,2,1
47452,83,-9999,-9999,2847,94904,2,1
47453,83,-9999,-9999,2847,94906,2,1
47454,83,-9999,-9999,2847,94908,2,1
47455,83,-9999,-9999,2848,94910,2,1
47456,83,-9999,-9999,2848,94912,2,1
47457,83,-9999,-9999,2848,94914,2,1
47458,83,-9999,-9999,2848,94916,2,1
47459,83,-9999,-9999,2848,94918,2,1
47460,83,-9999,-9999,2848,94920,2,1
47461,83,-9999,-9999,2848,94922,2,1
47462,83,-9999,-9999,2848,94924,2,1
47463,83,-9999,-9999,2848,94926,2,1
47464,83,-9999,-9999,2848,94928,2,1
47465,83,-9999,-9999,2848,94930,2,1
47466,83,-9999,-9999,2848,94932,2,1
47467,83,-9999,-9999,2848,94934,2,1
47468,83,-9999,-9999,2848,94936,2,1
47469,83,-9999,-9999,2848,94938,2,1
47470,83,-9999,-9999,2848,94940,2,1
47471,83,-9999,-9999,2849,94942,2,1
47472,83,-9999,-9999,2849,94944,2,1
47473,83,-9999,-9999,2849,94946,2,1
47474,83,-9999,-9999,2849,94948,2,1
47475,83,-9999,-9999,2849,94950,2,1
47476,83,-9999,-9999,2849,94952,2,1
47477,83,-9999,-9999,2849,94954,2,1
47478,83,-9999,-9999,2849,94956,2,1
47479,83,-9999,-9999,2849,94958,2,1
47480,83,-9999,-9999,2849,94960,2,1
47481,83,-9999,-9999,2849,94962,2,1
47482,83,-9999,-9999,2849,94964,2,1
47483,83,-9999,-9999,2849,94966,2,1
47484,83,-9999,-9999,2849,94968,2,1
47485,83,-9999,-9999,2849,94970,2,1
47486,83,-9999,-9999,2849,94972,2,1
47487,83,-9999,-9999,2849,94974,2,1
47488,83,-9999,-9999,2850,94976,2,1
47489,83,-9999,-9999,2850,94978,2,1
47490,83,-9999,-9999,2850,94980,2,1
47491,83,-9999,-9999,2850,94982,2,1
47492,83,-9999,-9999,2850,94984,2,1
47493,83,-9999,-9999,2850,94986,2,1
47494,83,-9999,-9999,2850,94988,2,1
47495,83,-9999,-9999,2850,94990,2,1
47496,83,-9999,-9999,2850,94992,2,1
47497,83,-9999,-9999,2850,94994,2,1
47498,83,-9999,-9999,2850,94996,2,1
47499,83,-9999,-9999,2850,94998,2,1
47500,83,-9999,-9999,2850,95000,2,1
47501,83,-9999,-9999,2850,95002,2,1
47502,83,-9999,-9999,2850,95004,2,1
47503,83,-9999,-9999,2850,95006,2,1
47504,83,-9999,-9999,2850,95008,2,1
47505,83,-9999,-9999,2851,95010,2,1
47506,83,-9999,-9999,2851,95012,2,1
47507,83,-9999,-9999,2851,95014,2,1
47508,83,-9999,-9999,2851,95016,2,1
47509,83,-9999,-9999,2851,95018,2,1
47510,83,-9999,-9999,2851,95020,2,1
47511,83,-9999,-9999,2851,95022,2,1
47512,83,-9999,-9999,2851,95024,2,1
47513,83,-9999,-9999,2851,95026,2,1
47514,83,-9999,-9999,2851,95028,2,1
47515,83,-9999,-9999,2851,95030,2,1
47516,83,-9999,-9999,2851,95032,2,1
47517,83,-9999,-9999,2851,95034,2,1
47518,83,-9999,-9999,2851,95036,2,1
47519,83,-9999,-9999,2851,95038,2,1
47520,83,-9999,-9999,2851,95040,2,1
47521,83,-9999,-9999,2852,95042,2,1
47522,83,-9999,-9999,2852,95044,2,1
47523,83,-9999,-9999,2852,95046,2,1
47524,83,-9999,-9999,2852,95048,2,1
47525,83,577.7,587.1,2852,95050,2,1
47526,83,-9999,687.6,2852,95052,2,1
47527,83,-9999,687.6,2852,95054,2,1
47528,83,580.6,609.7,2852,95056,2,1
47529,83,582.7,623.7,2852,95058,2,1
47530,83,584.4,636.7,2852,95060,2,1
47531,83,588.4,645.7,2852,95062,2,1
47532,83,592.5,655.3,2852,95064,2,1
47533,83,595.7,661.6,2852,95066,2,1
47534,83,598.5,667.4,2852,95068,2,1
47535,83,600.3,672.3,2852,95070,2,1
47536,83,602.1,677.3,2852,95072,2,1
47537,83,603.6,678.9,2852,95074,2,1
47538,83,602.5,680.4,2853,95076,2,1
47539,83,601.3,681.7,2853,95078,2,1
47540,83,600.2,682.9,2853,95080,2,1
47541,83,599.3,683.8,2853,95082,2,1
47542,83,599.2,684.8,2853,95084,2,1
47543,83,599.1,685.6,2853,95086,2,1
47544,83,598.9,686.9,2853,95088,2,1
47545,83,598.6,688,2853,95090,2,1
47546,83,598.3,689,2853,95092,2,1
47547,83,598.2,690,2853,95094,2,1
47548,83,598.1,691.1,2853,95096,2,1
47549,83,597.9,690.7,2853,95098,2,1
47550,83,599.3,689.1,2853,95100,2,1
47551,83,602.1,685.6,2853,95102,2,1
47552,83,606.4,678.2,2853,95104,2,1
47553,83,611.1,667.8,2853,95106,2,1
47554,83,616.5,654.3,2853,95108,2,1
47555,83,622.8,637.7,2854,95110,2,1
47556,83,629.7,620.8,2854,95112,2,1
47557,83,636.6,604,2854,95114,2,1
47558,83,643.3,587.4,2854,95116,2,1
47559,83,648.7,573.8,2854,95118,2,1
47560,83,653.5,562.8,2854,95120,2,1
47561,83,657.5,554.2,2854,95122,2,1
47562,83,660.1,547.1,2854,95124,2,1
47563,83,661.5,540.8,2854,95126,2,1
47564,83,661.3,535.6,2854,95128,2,1
47565,83,659.6,531.7,2854,95130,2,1
47566,83,657.8,528.5,2854,95132,2,1
47567,83,656.2,525.6,2854,95134,2,1
47568,83,654.6,523.3,2854,95136,2,1
47569,83,654,523.1,2854,95138,2,1
47570,83,654.3,523.5,2854,95140,2,1
47571,83,654.6,523.9,2855,95142,2,1
47572,83,655.3,524.1,2855,95144,2,1
47573,83,656,524.6,2855,95146,2,1
47574,83,657,524.9,2855,95148,2,1
47575,83,657.9,524.9,2855,95150,2,1
47576,83,658.2,524.7,2855,95152,2,1
47577,83,658.4,523.7,2855,95154,2,1
47578,83,658.6,522.2,2855,95156,2,1
47579,83,658.7,520.9,2855,95158,2,1
47580,83,658.6,519.6,2855,95160,2,1
47581,83,658.4,518.5,2855,95162,2,1
47582,83,658.2,517.7,2855,95164,2,1
47583,83,658.3,516.9,2855,95166,2,1
47584,83,658.4,516.9,2855,95168,2,1
47585,83,658.5,517.3,2855,95170,2,1
47586,83,658.7,517.9,2855,95172,2,1
47587,83,659,518.3,2855,95174,2,1
47588,83,659.3,518.9,2856,95176,2,1
47589,83,659.5,519.8,2856,95178,2,1
47590,83,659.5,520.5,2856,95180,2,1
47591,83,659.5,521.2,2856,95182,2,1
47592,83,659.5,521.9,2856,95184,2,1
47593,83,659.6,522.5,2856,95186,2,1
47594,83,660.1,523,2856,95188,2,1
47595,83,660.5,523.2,2856,95190,2,1
47596,83,660.9,522.9,2856,95192,2,1
47597,83,661.5,522.6,2856,95194,2,1
47598,83,662,522.2,2856,95196,2,1
47599,83,662.6,521.9,2856,95198,2,1
47600,83,663.1,521.5,2856,95200,2,1
47601,83,663.3,521.2,2856,95202,2,1
47602,83,663.4,521,2856,95204,2,1
47603,83,663.6,520.8,2856,95206,2,1
47604,83,663.6,520.6,2856,95208,2,1
47605,83,663.9,520.3,2857,95210,2,1
47606,83,664.1,520,2857,95212,2,1
47607,83,664.3,519.7,2857,95214,2,1
47608,83,664.8,519.8,2857,95216,2,1
47609,83,665.6,520,2857,95218,2,1
47610,83,666.3,520.1,2857,95220,2,1
47611,83,667.1,520.2,2857,95222,2,1
47612,83,667.6,520.2,2857,95224,2,1
47613,83,668,520.2,2857,95226,2,1
47614,83,668.4,520.1,2857,95228,2,1
47615,83,668.5,519.8,2857,95230,2,1
47616,83,668.1,519.5,2857,95232,2,1
47617,83,667.8,519.2,2857,95234,2,1
47618,83,667.5,519.2,2857,95236,2,1
47619,83,667.2,519.2,2857,95238,2,1
47620,83,666.9,519.2,2857,95240,2,1
47621,83,666.6,519.2,2858,95242,2,1
47622,83,666.5,519.2,2858,95244,2,1
47623,83,666.4,519.1,2858,95246,2,1
47624,83,666.3,518.9,2858,95248,2,1
47625,83,666.2,518.7,2858,95250,2,1
47626,83,666.1,518.5,2858,95252,2,1
47627,83,666.1,518.5,2858,95254,2,1
47628,83,666.2,518.6,2858,95256,2,1
47629,83,666.5,518.8,2858,95258,2,1
47630,83,666.8,519.1,2858,95260,2,1
47631,83,667.2,519.6,2858,95262,2,1
47632,83,667.6,520.1,2858,95264,2,1
47633,83,667.9,520.5,2858,95266,2,1
47634,83,668.1,520.7,2858,95268,2,1
47635,83,668.2,521,2858,95270,2,1
47636,83,668.2,521.1,2858,95272,2,1
47637,83,668.6,520.4,2858,95274,2,1
47638,83,668.8,519.7,2859,95276,2,1
47639,83,669.1,518.9,2859,95278,2,1
47640,83,669.5,518.1,2859,95280,2,1
47641,83,670.2,517.6,2859,95282,2,1
47642,83,670.7,517,2859,95284,2,1
47643,83,671.3,516.7,2859,95286,2,1
47644,83,671.5,516.8,2859,95288,2,1
47645,83,671.9,517.2,2859,95290,2,1
47646,83,672.8,517.6,2859,95292,2,1
47647,83,673.5,518.1,2859,95294,2,1
47648,83,674.3,518.5,2859,95296,2,1
47649,83,675,518.9,2859,95298,2,1
47650,83,675.6,519.1,2859,95300,2,1
47651,83,676.1,519,2859,95302,2,1
47652,83,676.5,518.4,2859,95304,2,1
47653,83,676.6,517.8,2859,95306,2,1
47654,83,676.9,517,2859,95308,2,1
47655,83,677.1,516.1,2860,95310,2,1
47656,83,677.1,515.5,2860,95312,2,1
47657,83,677.2,514.9,2860,95314,2,1
47658,83,677.2,514.5,2860,95316,2,1
47659,83,677.4,514.2,2860,95318,2,1
47660,83,677.4,513.9,2860,95320,2,1
47661,83,677.3,513.6,2860,95322,2,1
47662,83,677.1,513.5,2860,95324,2,1
47663,83,676.9,513.4,2860,95326,2,1
47664,83,676.6,513.3,2860,95328,2,1
47665,83,676.3,513,2860,95330,2,1
47666,83,675.9,512.7,2860,95332,2,1
47667,83,675.5,512.3,2860,95334,2,1
47668,83,675.1,512.1,2860,95336,2,1
47669,83,674.8,511.9,2860,95338,2,1
47670,83,674.6,511.6,2860,95340,2,1
47671,83,674.2,511.4,2861,95342,2,1
47672,83,673.6,511.4,2861,95344,2,1
47673,83,673,511.3,2861,95346,2,1
47674,83,672.4,511.1,2861,95348,2,1
47675,83,671.7,510.9,2861,95350,2,1
47676,83,671.2,510.7,2861,95352,2,1
47677,83,670.8,510.4,2861,95354,2,1
47678,83,670.7,510,2861,95356,2,1
47679,83,670.8,509.6,2861,95358,2,1
47680,83,670.9,509.2,2861,95360,2,1
47681,83,671.1,508.8,2861,95362,2,1
47682,83,671.4,508.6,2861,95364,2,1
47683,83,671.8,508.5,2861,95366,2,1
47684,83,672.2,508.5,2861,95368,2,1
47685,83,672.5,508.4,2861,95370,2,1
47686,83,672.8,508.3,2861,95372,2,1
47687,83,673.2,508,2861,95374,2,1
47688,83,673.4,507.7,2862,95376,2,1
47689,83,673.6,507.4,2862,95378,2,1
47690,83,673.7,506.7,2862,95380,2,1
47691,83,673,506,2862,95382,2,1
47692,83,672.4,505.4,2862,95384,2,1
47693,83,671.8,505,2862,95386,2,1
47694,83,671.2,504.6,2862,95388,2,1
47695,83,670.5,504.3,2862,95390,2,1
47696,83,669.8,504,2862,95392,2,1
47697,83,669,504.1,2862,95394,2,1
47698,83,668.8,504,2862,95396,2,1
47699,83,668.6,503.5,2862,95398,2,1
47700,83,668.6,502.7,2862,95400,2,1
47701,83,668.8,499.6,2862,95402,2,1
47702,83,669.2,493.3,2862,95404,2,1
47703,83,669.8,485.4,2862,95406,2,1
47704,83,670.6,473.9,2862,95408,2,1
47705,83,671.5,460.4,2863,95410,2,1
47706,83,672.3,447,2863,95412,2,1
47707,83,673.1,433.8,2863,95414,2,1
47708,83,673.6,423,2863,95416,2,1
47709,83,674.1,413.3,2863,95418,2,1
47710,83,674.4,405.2,2863,95420,2,1
47711,83,674.5,400.7,2863,95422,2,1
47712,83,674.5,398.3,2863,95424,2,1
47713,83,674.6,395.9,2863,95426,2,1
47714,83,674.6,393.6,2863,95428,2,1
47715,83,674.6,391.2,2863,95430,2,1
47716,83,674.5,390.6,2863,95432,2,1
47717,83,674.3,390.1,2863,95434,2,1
47718,83,674.1,390.1,2863,95436,2,1
47719,83,673.8,390.7,2863,95438,2,1
47720,83,673.5,391.5,2863,95440,2,1
47721,83,673.2,392.3,2864,95442,2,1
47722,83,673,392.8,2864,95444,2,1
47723,83,672.9,393.3,2864,95446,2,1
47724,83,673,393.8,2864,95448,2,1
47725,83,673.1,393.8,2864,95450,2,1
47726,83,673.4,392.5,2864,95452,2,1
47727,83,673.8,391.4,2864,95454,2,1
47728,83,674.2,390.2,2864,95456,2,1
47729,83,674.4,389.3,2864,95458,2,1
47730,83,674.7,388.4,2864,95460,2,1
47731,83,674.8,387.6,2864,95462,2,1
47732,83,674.8,386.8,2864,95464,2,1
47733,83,674.7,386.8,2864,95466,2,1
47734,83,674.4,386.9,2864,95468,2,1
47735,83,674.1,387,2864,95470,2,1
47736,83,673.7,387,2864,95472,2,1
47737,83,673.1,387.4,2864,95474,2,1
47738,83,672.5,387.7,2865,95476,2,1
47739,83,672,388.1,2865,95478,2,1
47740,83,671.5,388.6,2865,95480,2,1
47741,83,671.2,388.8,2865,95482,2,1
47742,83,671.3,388.9,2865,95484,2,1
47743,83,671.3,389,2865,95486,2,1
47744,83,671.7,388.9,2865,95488,2,1
47745,83,672.1,388.7,2865,95490,2,1
47746,83,672.6,388,2865,95492,2,1
47747,83,673,387.3,2865,95494,2,1
47748,83,673.3,386.7,2865,95496,2,1
47749,83,673.4,386.2,2865,95498,2,1
47750,83,673.4,385.5,2865,95500,2,1
47751,83,673,384.9,2865,95502,2,1
47752,83,672.5,384.3,2865,95504,2,1
47753,83,672.2,384.8,2865,95506,2,1
47754,83,672,385.4,2865,95508,2,1
47755,83,672,385.8,2866,95510,2,1
47756,83,672.1,386.2,2866,95512,2,1
47757,83,672.7,386.4,2866,95514,2,1
47758,83,673.7,386.2,2866,95516,2,1
47759,83,674.7,386,2866,95518,2,1
47760,83,675.5,385.2,2866,95520,2,1
47761,83,676.1,384.4,2866,95522,2,1
47762,83,676.5,383.8,2866,95524,2,1
47763,83,676.8,383.3,2866,95526,2,1
47764,83,676.5,383.3,2866,95528,2,1
47765,83,676.2,383.3,2866,95530,2,1
47766,83,676,383.2,2866,95532,2,1
47767,83,675.8,383.1,2866,95534,2,1
47768,83,675.8,383,2866,95536,2,1
47769,83,676,383,2866,95538,2,1
47770,83,676.1,383.2,2866,95540,2,1
47771,83,676.4,383.5,2867,95542,2,1
47772,83,676.7,383.6,2867,95544,2,1
47773,83,677,383.7,2867,95546,2,1
47774,83,677.1,383.6,2867,95548,2,1
47775,83,677.1,383.1,2867,95550,2,1
47776,83,677,382.8,2867,95552,2,1
47777,83,677,382.5,2867,95554,2,1
47778,83,676.9,382,2867,95556,2,1
47779,83,676.9,381.6,2867,95558,2,1
47780,83,676.9,381.2,2867,95560,2,1
47781,83,676.9,381,2867,95562,2,1
47782,83,676.8,381.2,2867,95564,2,1
47783,83,676.7,381.3,2867,95566,2,1
47784,83,676.6,381.3,2867,95568,2,1
47785,83,676.4,381.4,2867,95570,2,1
47786,83,676.3,381.5,2867,95572,2,1
47787,83,675.9,381.6,2867,95574,2,1
47788,83,675.6,381.7,2868,95576,2,1
47789,83,675.3,381.6,2868,95578,2,1
47790,83,675.1,381.4,2868,95580,2,1
47791,83,674.9,381.3,2868,95582,2,1
47792,83,674.7,381.2,2868,95584,2,1
47793,83,674.5,381.4,2868,95586,2,1
47794,83,674.5,381.5,2868,95588,2,1
47795,83,674.5,381.5,2868,95590,2,1
47796,83,673.6,381.5,2868,95592,2,1
47797,83,672.7,381.4,2868,95594,2,1
47798,83,671.8,381.3,2868,95596,2,1
47799,83,670.9,381.1,2868,95598,2,1
47800,83,670,380.9,2868,95600,2,1
47801,83,669,380.5,2868,95602,2,1
47802,83,668.2,380.2,2868,95604,2,1
47803,83,668.2,380.1,2868,95606,2,1
47804,83,668.4,380.1,2868,95608,2,1
47805,83,668.6,380.3,2869,95610,2,1
47806,83,668.8,380.6,2869,95612,2,1
47807,83,670.1,380.9,2869,95614,2,1
47808,83,672.9,381.2,2869,95616,2,1
47809,83,677.2,381.2,2869,95618,2,1
47810,83,682.5,380.7,2869,95620,2,1
47811,83,688.1,379.5,2869,95622,2,1
47812,83,693.9,378.1,2869,95624,2,1
47813,83,699.9,376.8,2869,95626,2,1
47814,83,704.9,375.4,2869,95628,2,1
47815,83,708.3,374.1,2869,95630,2,1
47816,83,710.1,373.2,2869,95632,2,1
47817,83,710.5,372.7,2869,95634,2,1
47818,83,710,373.2,2869,95636,2,1
47819,83,709.3,373.7,2869,95638,2,1
47820,83,708.4,374.1,2869,95640,2,1
47821,83,707.5,374.5,2870,95642,2,1
47822,83,706.6,374.9,2870,95644,2,1
47823,83,706.5,375.2,2870,95646,2,1
47824,83,706.8,375.2,2870,95648,2,1
47825,83,707.7,375.1,2870,95650,2,1
47826,83,708.7,374.8,2870,95652,2,1
47827,83,710,374.3,2870,95654,2,1
47828,83,711.3,373.9,2870,95656,2,1
47829,83,712.6,373.6,2870,95658,2,1
47830,83,713.1,373.3,2870,95660,2,1
47831,83,713.5,373,2870,95662,2,1
47832,83,713.8,372.9,2870,95664,2,1
47833,83,714,372.7,2870,95666,2,1
47834,83,713.8,372.6,2870,95668,2,1
47835,83,713.5,372.6,2870,95670,2,1
47836,83,713.2,372.6,2870,95672,2,1
47837,83,712.9,372.6,2870,95674,2,1
47838,83,712.7,372.4,2871,95676,2,1
47839,83,712.6,372.1,2871,95678,2,1
47840,83,712.5,371.9,2871,95680,2,1
47841,83,712.5,371.8,2871,95682,2,1
47842,83,712.6,371.6,2871,95684,2,1
47843,83,712.8,371.6,2871,95686,2,1
47844,83,713.1,371.6,2871,95688,2,1
47845,83,713.4,371.6,2871,95690,2,1
47846,83,713.6,371.6,2871,95692,2,1
47847,83,713.8,371.7,2871,95694,2,1
47848,83,714.1,371.6,2871,95696,2,1
47849,83,714.2,371.2,2871,95698,2,1
47850,83,714.2,370.8,2871,95700,2,1
47851,83,714.2,370.6,2871,95702,2,1
47852,83,714.1,370.4,2871,95704,2,1
47853,83,714.2,370.2,2871,95706,2,1
47854,83,714.2,369.9,2871,95708,2,1
47855,83,714.1,370,2872,95710,2,1
47856,83,714.2,370.4,2872,95712,2,1
47857,83,714.4,370.9,2872,95714,2,1
47858,83,714.6,371.4,2872,95716,2,1
47859,83,714.7,371.9,2872,95718,2,1
47860,83,714.8,372.5,2872,95720,2,1
47861,83,714.8,372.9,2872,95722,2,1
47862,83,714.8,373.2,2872,95724,2,1
47863,83,714.7,373.4,2872,95726,2,1
47864,83,714.7,373.4,2872,95728,2,1
47865,83,715,373.7,2872,95730,2,1
47866,83,715.3,373.7,2872,95732,2,1
47867,83,715.7,373.5,2872,95734,2,1
47868,83,716.1,373.3,2872,95736,2,1
47869,83,716.6,373.3,2872,95738,2,1
47870,83,717,373.1,2872,95740,2,1
47871,83,717.3,372.9,2873,95742,2,1
47872,83,717.3,372.7,2873,95744,2,1
47873,83,717,372.7,2873,95746,2,1
47874,83,716.7,372.7,2873,95748,2,1
47875,83,716.3,372.5,2873,95750,2,1
47876,83,716,372.3,2873,95752,2,1
47877,83,715.7,372.1,2873,95754,2,1
47878,83,715.4,372,2873,95756,2,1
47879,83,715.2,371.7,2873,95758,2,1
47880,83,715.2,371.4,2873,95760,2,1
47881,83,715,371.2,2873,95762,2,1
47882,83,714.9,371.3,2873,95764,2,1
47883,83,714.8,371.2,2873,95766,2,1
47884,83,714.9,371.2,2873,95768,2,1
47885,83,715.1,371.3,2873,95770,2,1
47886,83,715.4,371.4,2873,95772,2,1
47887,83,715.9,371.5,2873,95774,2,1
47888,83,716.5,371.5,2874,95776,2,1
47889,83,717.1,371.6,2874,95778,2,1
47890,83,717.7,371.6,2874,95780,2,1
47891,83,718.1,371.6,2874,95782,2,1
47892,83,717.9,371.5,2874,95784,2,1
47893,83,717.8,371.3,2874,95786,2,1
47894,83,717.6,371.2,2874,95788,2,1
47895,83,717.4,371.2,2874,95790,2,1
47896,83,717.2,371.1,2874,95792,2,1
47897,83,717.2,370.9,2874,95794,2,1
47898,83,717.2,370.7,2874,95796,2,1
47899,83,717.4,370.5,2874,95798,2,1
47900,83,717.4,370.3,2874,95800,2,1
47901,83,717.2,369.8,2874,95802,2,1
47902,83,717,369.1,2874,95804,2,1
47903,83,716.7,368.5,2874,95806,2,1
47904,83,716.3,368.1,2874,95808,2,1
47905,83,716,367.6,2875,95810,2,1
47906,83,715.6,367.5,2875,95812,2,1
47907,83,715.4,367.6,2875,95814,2,1
47908,83,715.4,367.8,2875,95816,2,1
47909,83,715.6,368.1,2875,95818,2,1
47910,83,715.8,368.6,2875,95820,2,1
47911,83,716,368.6,2875,95822,2,1
47912,83,716.2,368.6,2875,95824,2,1
47913,83,716.3,368.7,2875,95826,2,1
47914,83,716.2,368.7,2875,95828,2,1
47915,83,716,368.6,2875,95830,2,1
47916,83,715.6,368.5,2875,95832,2,1
47917,83,715.1,368.4,2875,95834,2,1
47918,83,714.7,368.4,2875,95836,2,1
47919,83,714.3,368.6,2875,95838,2,1
47920,83,714,369.1,2875,95840,2,1
47921,83,713.9,369.4,2876,95842,2,1
47922,83,713.8,369.9,2876,95844,2,1
47923,83,713.8,370.4,2876,95846,2,1
47924,83,714,370.9,2876,95848,2,1
47925,83,714.3,371.3,2876,95850,2,1
47926,83,714.5,371.4,2876,95852,2,1
47927,83,714.9,371.1,2876,95854,2,1
47928,83,715.2,370.8,2876,95856,2,1
47929,83,715.4,370.4,2876,95858,2,1
47930,83,715.5,370,2876,95860,2,1
47931,83,715.4,369.6,2876,95862,2,1
47932,83,715.2,369,2876,95864,2,1
47933,83,715,368.5,2876,95866,2,1
47934,83,714.8,368.2,2876,95868,2,1
47935,83,714.7,367.9,2876,95870,2,1
47936,83,714.9,367.7,2876,95872,2,1
47937,83,715.2,367.6,2876,95874,2,1
47938,83,715.8,367.4,2877,95876,2,1
47939,83,716.9,367.3,2877,95878,2,1
47940,83,718.1,367.3,2877,95880,2,1
47941,83,719.1,367.4,2877,95882,2,1
47942,83,719.6,367.6,2877,95884,2,1
47943,83,719.7,367.7,2877,95886,2,1
47944,83,719.8,367.8,2877,95888,2,1
47945,83,719.7,367.9,2877,95890,2,1
47946,83,719,368.2,2877,95892,2,1
47947,83,718.2,368.6,2877,95894,2,1
47948,83,717.5,368.8,2877,95896,2,1
47949,83,717.4,369.1,2877,95898,2,1
47950,83,717.3,369.4,2877,95900,2,1
47951,83,717.2,369.7,2877,95902,2,1
47952,83,717.3,370,2877,95904,2,1
47953,83,717.3,370.3,2877,95906,2,1
47954,83,717.4,370.5,2877,95908,2,1
47955,83,717.5,370.7,2878,95910,2,1
47956,83,717.5,370.8,2878,95912,2,1
47957,83,717.4,371,2878,95914,2,1
47958,83,717.3,370.9,2878,95916,2,1
47959,83,717.2,370.9,2878,95918,2,1
47960,83,717.2,370.9,2878,95920,2,1
47961,83,717.3,370.8,2878,95922,2,1
47962,83,717.4,370.7,2878,95924,2,1
47963,83,717.6,370.4,2878,95926,2,1
47964,83,716.4,369.5,2878,95928,2,1
47965,83,714,367.6,2878,95930,2,1
47966,83,711,364.7,2878,95932,2,1
47967,83,705.9,360.4,2878,95934,2,1
47968,83,698.2,354.8,2878,95936,2,1
47969,83,688.4,346.1,2878,95938,2,1
47970,83,676.7,336,2878,95940,2,1
47971,83,663.1,324.8,2879,95942,2,1
47972,83,649.1,312.3,2879,95944,2,1
47973,83,632.2,299.8,2879,95946,2,1
47974,83,617.1,288.6,2879,95948,2,1
47975,83,601.9,278.6,2879,95950,2,1
47976,83,587.1,271.7,2879,95952,2,1
47977,83,573.4,266.3,2879,95954,2,1
47978,83,562.4,263,2879,95956,2,1
47979,83,552.5,261.7,2879,95958,2,1
47980,83,545.9,261.4,2879,95960,2,1
47981,83,539.3,261.4,2879,95962,2,1
47982,83,535.5,261.8,2879,95964,2,1
47983,83,533.3,262.3,2879,95966,2,1
47984,83,531.9,262.8,2879,95968,2,1
47985,83,531.2,263.3,2879,95970,2,1
47986,83,530.9,263.3,2879,95972,2,1
47987,83,530.8,263.7,2879,95974,2,1
47988,83,531,263,2880,95976,2,1
47989,83,530.9,262,2880,95978,2,1
47990,83,530.8,260.7,2880,95980,2,1
47991,83,530.5,259.5,2880,95982,2,1
47992,83,530,259.1,2880,95984,2,1
47993,83,529.5,259.3,2880,95986,2,1
47994,83,528.9,259.5,2880,95988,2,1
47995,83,528,260.4,2880,95990,2,1
47996,83,527.4,261.4,2880,95992,2,1
47997,83,526.8,262.4,2880,95994,2,1
47998,83,526.5,263.3,2880,95996,2,1
47999,83,526.4,263.4,2880,95998,2,1
48000,83,526.3,263.4,2880,96000,2,1
48001,83,526.3,263.4,2880,96002,2,1
48002,83,526.1,263.8,2880,96004,2,1
48003,83,525.9,264.1,2880,96006,2,1
48004,83,525.7,264.3,2880,96008,2,1
48005,83,525.5,264.5,2881,96010,2,1
48006,83,525.2,264.7,2881,96012,2,1
48007,83,525.2,264.9,2881,96014,2,1
48008,83,525.2,265.2,2881,96016,2,1
48009,83,525.5,265.4,2881,96018,2,1
48010,83,526,265.4,2881,96020,2,1
48011,83,526.5,265.2,2881,96022,2,1
48012,83,527,264.9,2881,96024,2,1
48013,83,527.4,264.6,2881,96026,2,1
48014,83,527.5,264.4,2881,96028,2,1
48015,83,527.8,264.3,2881,96030,2,1
48016,83,528.1,264.6,2881,96032,2,1
48017,83,528.3,264.7,2881,96034,2,1
48018,83,528.5,264.9,2881,96036,2,1
48019,83,529,265.1,2881,96038,2,1
48020,83,529.5,265.1,2881,96040,2,1
48021,83,530.2,265,2882,96042,2,1
48022,83,530.9,265.2,2882,96044,2,1
48023,83,531.5,265.3,2882,96046,2,1
48024,83,531.8,265.3,2882,96048,2,1
48025,83,532.1,265.5,2882,96050,2,1
48026,83,532.2,265.4,2882,96052,2,1
48027,83,532.3,265.4,2882,96054,2,1
48028,83,532.4,265.3,2882,96056,2,1
48029,83,532.5,265,2882,96058,2,1
48030,83,532.6,264.8,2882,96060,2,1
48031,83,532.7,264.7,2882,96062,2,1
48032,83,532.6,264.6,2882,96064,2,1
48033,83,532.5,264.5,2882,96066,2,1
48034,83,532.4,264.7,2882,96068,2,1
48035,83,532.1,265.1,2882,96070,2,1
48036,83,531.6,265.7,2882,96072,2,1
48037,83,531.2,266.5,2882,96074,2,1
48038,83,530.9,267.6,2883,96076,2,1
48039,83,530.7,268.7,2883,96078,2,1
48040,83,530.5,269.8,2883,96080,2,1
48041,83,530.1,270.8,2883,96082,2,1
48042,83,529.4,271.7,2883,96084,2,1
48043,83,528.8,272.4,2883,96086,2,1
48044,83,528.2,272.9,2883,96088,2,1
48045,83,527.6,272.6,2883,96090,2,1
48046,83,527.1,272.3,2883,96092,2,1
48047,83,526.7,271.9,2883,96094,2,1
48048,83,526.5,271.6,2883,96096,2,1
48049,83,526.7,271.2,2883,96098,2,1
48050,83,526.9,270.8,2883,96100,2,1
48051,83,527.9,270.6,2883,96102,2,1
48052,83,528.9,270.6,2883,96104,2,1
48053,83,529.7,270.6,2883,96106,2,1
48054,83,530.4,270.8,2883,96108,2,1
48055,83,531,271.1,2884,96110,2,1
48056,83,531.5,271.3,2884,96112,2,1
48057,83,531.9,271.5,2884,96114,2,1
48058,83,531.4,271.9,2884,96116,2,1
48059,83,530.8,272.3,2884,96118,2,1
48060,83,530.3,272.7,2884,96120,2,1
48061,83,529.9,272.8,2884,96122,2,1
48062,83,529.4,273,2884,96124,2,1
48063,83,529,273.1,2884,96126,2,1
48064,83,528.7,273.2,2884,96128,2,1
48065,83,528.5,273.5,2884,96130,2,1
48066,83,528.4,273.6,2884,96132,2,1
48067,83,528.4,273.8,2884,96134,2,1
48068,83,528.3,274.2,2884,96136,2,1
48069,83,528.4,274.6,2884,96138,2,1
48070,83,528.4,274.9,2884,96140,2,1
48071,83,528.5,275.2,2885,96142,2,1
48072,83,528.8,275.4,2885,96144,2,1
48073,83,529,275.6,2885,96146,2,1
48074,83,529.4,275.6,2885,96148,2,1
48075,83,529.8,275.4,2885,96150,2,1
48076,83,530.4,275.2,2885,96152,2,1
48077,83,531.2,274.9,2885,96154,2,1
48078,83,532,274.4,2885,96156,2,1
48079,83,532.6,273.9,2885,96158,2,1
48080,83,533.1,273.6,2885,96160,2,1
48081,83,533.2,273.4,2885,96162,2,1
48082,83,533.2,273.8,2885,96164,2,1
48083,83,533.1,274.2,2885,96166,2,1
48084,83,532.9,274.9,2885,96168,2,1
48085,83,532.6,275.5,2885,96170,2,1
48086,83,532.5,276,2885,96172,2,1
48087,83,532.4,276.5,2885,96174,2,1
48088,83,532.7,276.8,2886,96176,2,1
48089,83,533.1,276.2,2886,96178,2,1
48090,83,533.4,275.4,2886,96180,2,1
48091,83,533.8,274.4,2886,96182,2,1
48092,83,534,273.3,2886,96184,2,1
48093,83,534.2,272.4,2886,96186,2,1
48094,83,534.4,271.5,2886,96188,2,1
48095,83,534.5,270.8,2886,96190,2,1
48096,83,534.6,270.4,2886,96192,2,1
48097,83,534.7,270.1,2886,96194,2,1
48098,83,535.1,269.8,2886,96196,2,1
48099,83,535.4,270,2886,96198,2,1
48100,83,535.7,270.2,2886,96200,2,1
48101,83,536,270.4,2886,96202,2,1
48102,83,536.2,270.7,2886,96204,2,1
48103,83,536.3,271.2,2886,96206,2,1
48104,83,536.2,271.7,2886,96208,2,1
48105,83,535.9,272.1,2887,96210,2,1
48106,83,535.6,272.4,2887,96212,2,1
48107,83,535.1,272.8,2887,96214,2,1
48108,83,534.6,273.1,2887,96216,2,1
48109,83,534.4,273.5,2887,96218,2,1
48110,83,534.3,273.7,2887,96220,2,1
48111,83,534.3,273.5,2887,96222,2,1
48112,83,534.6,273.3,2887,96224,2,1
48113,83,535.2,273,2887,96226,2,1
48114,83,536,272.6,2887,96228,2,1
48115,83,536.8,272.2,2887,96230,2,1
48116,83,537.5,272,2887,96232,2,1
48117,83,538.1,271.8,2887,96234,2,1
48118,83,538.6,271.8,2887,96236,2,1
48119,83,539,272,2887,96238,2,1
48120,83,539.2,272.2,2887,96240,2,1
48121,83,539.2,272.3,2888,96242,2,1
48122,83,539.4,272.2,2888,96244,2,1
48123,83,539.5,272,2888,96246,2,1
48124,83,539.7,271.6,2888,96248,2,1
48125,83,539.9,270.9,2888,96250,2,1
48126,83,540,270.2,2888,96252,2,1
48127,83,540.2,269.5,2888,96254,2,1
48128,83,540.3,269,2888,96256,2,1
48129,83,540.3,268.5,2888,96258,2,1
48130,83,540.2,268.1,2888,96260,2,1
48131,83,540.1,267.9,2888,96262,2,1
48132,83,539.9,268.1,2888,96264,2,1
48133,83,539.7,268.9,2888,96266,2,1
48134,83,539.5,269.8,2888,96268,2,1
48135,83,539.4,270.5,2888,96270,2,1
48136,83,539.3,271.2,2888,96272,2,1
48137,83,539.2,271.7,2888,96274,2,1
48138,83,539.3,272.1,2889,96276,2,1
48139,83,539.3,272.3,2889,96278,2,1
48140,83,539.5,271.6,2889,96280,2,1
48141,83,539.6,271,2889,96282,2,1
48142,83,539.7,270.3,2889,96284,2,1
48143,83,539.9,269.8,2889,96286,2,1
48144,83,540.1,269.4,2889,96288,2,1
48145,83,540.2,269,2889,96290,2,1
48146,83,540.4,268.6,2889,96292,2,1
48147,83,540.7,268.5,2889,96294,2,1
48148,83,540.9,268.5,2889,96296,2,1
48149,83,541.1,268.9,2889,96298,2,1
48150,83,541.2,269.2,2889,96300,2,1
48151,83,541.4,269.5,2889,96302,2,1
48152,83,541.5,269.9,2889,96304,2,1
48153,83,541.5,270.4,2889,96306,2,1
48154,83,541.5,270.7,2889,96308,2,1
48155,83,541.5,271,2890,96310,2,1
48156,83,541.6,270.9,2890,96312,2,1
48157,83,541.5,270.8,2890,96314,2,1
48158,83,541.4,270.8,2890,96316,2,1
48159,83,541.4,270.6,2890,96318,2,1
48160,83,541.3,270.5,2890,96320,2,1
48161,83,541.2,270,2890,96322,2,1
48162,83,541,269.5,2890,96324,2,1
48163,83,540.8,269,2890,96326,2,1
48164,83,540.8,268.5,2890,96328,2,1
48165,83,540.8,267.9,2890,96330,2,1
48166,83,540.8,267,2890,96332,2,1
48167,83,540.7,266.1,2890,96334,2,1
48168,83,540.7,265.6,2890,96336,2,1
48169,83,540.8,265.2,2890,96338,2,1
48170,83,540.8,264.8,2890,96340,2,1
48171,83,540.7,264.3,2891,96342,2,1
48172,83,540.8,264.2,2891,96344,2,1
48173,83,540.8,264.6,2891,96346,2,1
48174,83,540.8,265.4,2891,96348,2,1
48175,83,540.8,266,2891,96350,2,1
48176,83,541.1,266.8,2891,96352,2,1
48177,83,541.5,267.7,2891,96354,2,1
48178,83,541.8,268.6,2891,96356,2,1
48179,83,542.2,269.2,2891,96358,2,1
48180,83,542.5,270,2891,96360,2,1
48181,83,542.8,270.5,2891,96362,2,1
48182,83,543.1,270.9,2891,96364,2,1
48183,83,543.3,271.2,2891,96366,2,1
48184,83,543.3,271.6,2891,96368,2,1
48185,83,543.5,271.7,2891,96370,2,1
48186,83,543.5,271.6,2891,96372,2,1
48187,83,543.7,271.3,2891,96374,2,1
48188,83,544.1,270.8,2892,96376,2,1
48189,83,544.5,270.3,2892,96378,2,1
48190,83,544.9,269.7,2892,96380,2,1
48191,83,545.3,269.1,2892,96382,2,1
48192,83,545.6,269,2892,96384,2,1
48193,83,545.9,269,2892,96386,2,1
48194,83,545.9,268.9,2892,96388,2,1
48195,83,545.8,268.8,2892,96390,2,1
48196,83,545.6,268.8,2892,96392,2,1
48197,83,545.4,269,2892,96394,2,1
48198,83,545.1,269.3,2892,96396,2,1
48199,83,544.9,269.6,2892,96398,2,1
48200,83,544.5,269.9,2892,96400,2,1
48201,83,544.4,269.8,2892,96402,2,1
48202,83,543.7,269.8,2892,96404,2,1
48203,83,543.2,269.8,2892,96406,2,1
48204,83,542.5,269.8,2892,96408,2,1
48205,83,541.9,269.8,2893,96410,2,1
48206,83,541.1,270.2,2893,96412,2,1
48207,83,540.4,270.6,2893,96414,2,1
48208,83,539.8,271.4,2893,96416,2,1
48209,83,539.6,271.8,2893,96418,2,1
48210,83,539.7,272.2,2893,96420,2,1
48211,83,539.9,272.5,2893,96422,2,1
48212,83,540.4,273,2893,96424,2,1
48213,83,541,273,2893,96426,2,1
48214,83,541.6,273.2,2893,96428,2,1
48215,83,542.2,273.4,2893,96430,2,1
48216,83,542.6,273.9,2893,96432,2,1
48217,83,542.8,274.5,2893,96434,2,1
48218,83,543,275.2,2893,96436,2,1
48219,83,543,275.4,2893,96438,2,1
48220,83,543,275.3,2893,96440,2,1
48221,83,543,275.2,2894,96442,2,1
48222,83,543,274.9,2894,96444,2,1
48223,83,542.9,274.7,2894,96446,2,1
48224,83,542.9,274.5,2894,96448,2,1
48225,83,542.8,274.2,2894,96450,2,1
48226,83,542.7,274,2894,96452,2,1
48227,83,542.5,274,2894,96454,2,1
48228,83,542.3,273.9,2894,96456,2,1
48229,83,542.1,274.1,2894,96458,2,1
48230,83,541.9,274.2,2894,96460,2,1
48231,83,541.8,274.1,2894,96462,2,1
48232,83,541.8,274.1,2894,96464,2,1
48233,83,541.9,274.1,2894,96466,2,1
48234,83,542.1,274,2894,96468,2,1
48235,83,542.3,273.9,2894,96470,2,1
48236,83,542.4,273.9,2894,96472,2,1
48237,83,542.5,273.9,2894,96474,2,1
48238,83,542.6,274.1,2895,96476,2,1
48239,83,542.6,274.2,2895,96478,2,1
48240,83,542.5,274.3,2895,96480,2,1
48241,83,542.4,274.3,2895,96482,2,1
48242,83,542.4,274.6,2895,96484,2,1
48243,83,542.5,274.9,2895,96486,2,1
48244,83,542.7,275.2,2895,96488,2,1
48245,83,542.9,275.5,2895,96490,2,1
48246,83,543.1,275.7,2895,96492,2,1
48247,83,543.2,275.9,2895,96494,2,1
48248,83,543.2,275.9,2895,96496,2,1
48249,83,542.9,276,2895,96498,2,1
48250,83,542.3,276.1,2895,96500,2,1
48251,83,541.7,276.3,2895,96502,2,1
48252,83,541.2,276.4,2895,96504,2,1
48253,83,540.6,276.4,2895,96506,2,1
48254,83,540.4,276.4,2895,96508,2,1
48255,83,540.4,276,2896,96510,2,1
48256,83,540.7,275.6,2896,96512,2,1
48257,83,541.1,275.3,2896,96514,2,1
48258,83,541.6,274.9,2896,96516,2,1
48259,83,542,274.4,2896,96518,2,1
48260,83,542.4,273.9,2896,96520,2,1
48261,83,542.4,273.3,2896,96522,2,1
48262,83,542.2,273.4,2896,96524,2,1
48263,83,541.7,274.1,2896,96526,2,1
48264,83,541.3,274.8,2896,96528,2,1
48265,83,540.9,275.5,2896,96530,2,1
48266,83,541,275.9,2896,96532,2,1
48267,83,542.1,275.8,2896,96534,2,1
48268,83,543.2,275.7,2896,96536,2,1
48269,83,544.4,275.3,2896,96538,2,1
48270,83,545.7,274.8,2896,96540,2,1
48271,83,546.7,274.4,2897,96542,2,1
48272,83,547.6,273.8,2897,96544,2,1
48273,83,548,273.6,2897,96546,2,1
48274,83,547.6,273.7,2897,96548,2,1
48275,83,547.3,274.3,2897,96550,2,1
48276,83,547,274.8,2897,96552,2,1
48277,83,547,275.1,2897,96554,2,1
48278,83,547.2,275.4,2897,96556,2,1
48279,83,547.5,275.5,2897,96558,2,1
48280,83,547.7,275.6,2897,96560,2,1
48281,83,547.9,275.6,2897,96562,2,1
48282,83,548,275.4,2897,96564,2,1
48283,83,548,275.2,2897,96566,2,1
48284,83,548,274.9,2897,96568,2,1
48285,83,548,274.6,2897,96570,2,1
48286,83,547.8,274.1,2897,96572,2,1
48287,83,547.7,273.7,2897,96574,2,1
48288,83,547.6,273.4,2898,96576,2,1
48289,83,547.6,273.2,2898,96578,2,1
48290,83,547.8,273.2,2898,96580,2,1
48291,83,547.9,273.2,2898,96582,2,1
48292,83,548.1,273.3,2898,96584,2,1
48293,83,548.3,273.6,2898,96586,2,1
48294,83,548.5,273.7,2898,96588,2,1
48295,83,548.7,273.8,2898,96590,2,1
48296,83,548.9,273.7,2898,96592,2,1
48297,83,549.1,273.4,2898,96594,2,1
48298,83,549.2,273,2898,96596,2,1
48299,83,549.4,272.7,2898,96598,2,1
48300,83,548.7,272.5,2898,96600,2,1
48301,83,548.1,272.6,2898,96602,2,1
48302,83,547.4,272.9,2898,96604,2,1
48303,83,546.6,273.2,2898,96606,2,1
48304,83,546.3,273.8,2898,96608,2,1
48305,83,546.1,274.4,2899,96610,2,1
48306,83,545.8,275.1,2899,96612,2,1
48307,83,546.3,275.6,2899,96614,2,1
48308,83,546.9,275.9,2899,96616,2,1
48309,83,547.5,276.1,2899,96618,2,1
48310,83,548,276.3,2899,96620,2,1
48311,83,548.1,276.3,2899,96622,2,1
48312,83,548.1,276.5,2899,96624,2,1
48313,83,548.2,276.9,2899,96626,2,1
48314,83,548.6,277.1,2899,96628,2,1
48315,83,549.1,277.3,2899,96630,2,1
48316,83,549.9,276.6,2899,96632,2,1
48317,83,553,275.6,2899,96634,2,1
48318,83,556.4,274.3,2899,96636,2,1
48319,83,560.9,272,2899,96638,2,1
48320,83,567.7,268.4,2899,96640,2,1
48321,83,575.7,263.4,2900,96642,2,1
48322,83,585.3,256,2900,96644,2,1
48323,83,594.5,249.4,2900,96646,2,1
48324,83,601.4,243,2900,96648,2,1
48325,83,607.8,237,2900,96650,2,1
48326,83,613.1,231.6,2900,96652,2,1
48327,83,615.9,227.5,2900,96654,2,1
48328,83,617.2,224.9,2900,96656,2,1
48329,83,616.1,224.8,2900,96658,2,1
48330,83,615.1,224.8,2900,96660,2,1
48331,83,614.2,225.5,2900,96662,2,1
48332,83,613.3,226.3,2900,96664,2,1
48333,83,612.5,227.1,2900,96666,2,1
48334,83,612,228,2900,96668,2,1
48335,83,611.5,229,2900,96670,2,1
48336,83,611.7,230,2900,96672,2,1
48337,83,611.9,231,2900,96674,2,1
48338,83,612.2,231.1,2901,96676,2,1
48339,83,612.5,230.9,2901,96678,2,1
48340,83,612.8,230.7,2901,96680,2,1
48341,83,613,230.3,2901,96682,2,1
48342,83,614,229.6,2901,96684,2,1
48343,83,615,228.9,2901,96686,2,1
48344,83,615.9,228.3,2901,96688,2,1
48345,83,616.8,227.8,2901,96690,2,1
48346,83,617.6,227.5,2901,96692,2,1
48347,83,618.5,227.3,2901,96694,2,1
48348,83,619.3,226.7,2901,96696,2,1
48349,83,619.2,226.3,2901,96698,2,1
48350,83,619,225.9,2901,96700,2,1
48351,83,618.8,225.9,2901,96702,2,1
48352,83,618.4,225.9,2901,96704,2,1
48353,83,618,225.8,2901,96706,2,1
48354,83,617.7,225.9,2901,96708,2,1
48355,83,617.7,226.2,2902,96710,2,1
48356,83,617.7,226.2,2902,96712,2,1
48357,83,618.1,226.1,2902,96714,2,1
48358,83,618.4,225.9,2902,96716,2,1
48359,83,618.7,225.8,2902,96718,2,1
48360,83,618.4,225.7,2902,96720,2,1
48361,83,617.9,225.7,2902,96722,2,1
48362,83,617.3,225.8,2902,96724,2,1
48363,83,616.8,226,2902,96726,2,1
48364,83,616,226.3,2902,96728,2,1
48365,83,615.4,226.6,2902,96730,2,1
48366,83,614.9,227,2902,96732,2,1
48367,83,615,227.2,2902,96734,2,1
48368,83,615.2,227.3,2902,96736,2,1
48369,83,615.2,227.2,2902,96738,2,1
48370,83,615.1,227.2,2902,96740,2,1
48371,83,614.9,227,2903,96742,2,1
48372,83,614.6,226.9,2903,96744,2,1
48373,83,614.2,226.9,2903,96746,2,1
48374,83,613.9,226.8,2903,96748,2,1
48375,83,613.5,226.7,2903,96750,2,1
48376,83,613.2,226.2,2903,96752,2,1
48377,83,613.7,225.7,2903,96754,2,1
48378,83,614.4,225.3,2903,96756,2,1
48379,83,615.1,224.6,2903,96758,2,1
48380,83,615.5,223.9,2903,96760,2,1
48381,83,615.9,223.2,2903,96762,2,1
48382,83,616.3,222.5,2903,96764,2,1
48383,83,615.5,222.2,2903,96766,2,1
48384,83,614.1,221.9,2903,96768,2,1
48385,83,612.7,221.9,2903,96770,2,1
48386,83,611.6,222.1,2903,96772,2,1
48387,83,611.1,222.2,2903,96774,2,1
48388,83,611.4,222.5,2904,96776,2,1
48389,83,611.7,222.6,2904,96778,2,1
48390,83,613.1,222.8,2904,96780,2,1
48391,83,614.5,222.8,2904,96782,2,1
48392,83,615.7,223,2904,96784,2,1
48393,83,616.6,223.1,2904,96786,2,1
48394,83,616.9,223.3,2904,96788,2,1
48395,83,616.4,223.5,2904,96790,2,1
48396,83,616,223.9,2904,96792,2,1
48397,83,615.6,224.3,2904,96794,2,1
48398,83,615.1,224.6,2904,96796,2,1
48399,83,614.4,224.8,2904,96798,2,1
48400,83,613.9,225,2904,96800,2,1
48401,83,612.8,225.3,2904,96802,2,1
48402,83,611.8,225.5,2904,96804,2,1
48403,83,610.8,225.7,2904,96806,2,1
48404,83,610,225.9,2904,96808,2,1
48405,83,609.3,226,2905,96810,2,1
48406,83,609.2,226.1,2905,96812,2,1
48407,83,610.3,226.4,2905,96814,2,1
48408,83,613.4,227.5,2905,96816,2,1
48409,83,618.1,228.6,2905,96818,2,1
48410,83,624.8,229.7,2905,96820,2,1
48411,83,634,231.5,2905,96822,2,1
48412,83,643.4,234.2,2905,96824,2,1
48413,83,653.3,237.7,2905,96826,2,1
48414,83,662.9,240.8,2905,96828,2,1
48415,83,671.1,243.8,2905,96830,2,1
48416,83,677.6,247.2,2905,96832,2,1
48417,83,682,250.9,2905,96834,2,1
48418,83,683.7,253.8,2905,96836,2,1
48419,83,684.8,256,2905,96838,2,1
48420,83,685,257.4,2905,96840,2,1
48421,83,684,258.8,2906,96842,2,1
48422,83,681.7,259,2906,96844,2,1
48423,83,679.5,258.4,2906,96846,2,1
48424,83,677.4,257.8,2906,96848,2,1
48425,83,676.5,257.1,2906,96850,2,1
48426,83,677.1,256.4,2906,96852,2,1
48427,83,677.8,255.9,2906,96854,2,1
48428,83,678.5,255.7,2906,96856,2,1
48429,83,680.7,255.8,2906,96858,2,1
48430,83,682.7,255.8,2906,96860,2,1
48431,83,684.7,255.8,2906,96862,2,1
48432,83,685.5,255.8,2906,96864,2,1
48433,83,685.1,255.9,2906,96866,2,1
48434,83,684.1,256.2,2906,96868,2,1
48435,83,683.1,256.5,2906,96870,2,1
48436,83,682.1,256.6,2906,96872,2,1
48437,83,680.7,256.8,2906,96874,2,1
48438,83,679.4,257,2907,96876,2,1
48439,83,678,257.1,2907,96878,2,1
48440,83,676.6,257.4,2907,96880,2,1
48441,83,676.1,257.8,2907,96882,2,1
48442,83,675.6,258.2,2907,96884,2,1
48443,83,675.6,258.5,2907,96886,2,1
48444,83,676.2,258.7,2907,96888,2,1
48445,83,676.7,258.9,2907,96890,2,1
48446,83,677.3,259.1,2907,96892,2,1
48447,83,678,259.2,2907,96894,2,1
48448,83,678.6,259.5,2907,96896,2,1
48449,83,679.1,259.8,2907,96898,2,1
48450,83,679.2,260.1,2907,96900,2,1
48451,83,679.3,260.3,2907,96902,2,1
48452,83,679.4,260.4,2907,96904,2,1
48453,83,679.5,260.6,2907,96906,2,1
48454,83,679.6,260.9,2907,96908,2,1
48455,83,679.7,261.3,2908,96910,2,1
48456,83,679.7,261.6,2908,96912,2,1
48457,83,679.7,261.8,2908,96914,2,1
48458,83,679.6,262.1,2908,96916,2,1
48459,83,679.4,262.5,2908,96918,2,1
48460,83,679.2,262.9,2908,96920,2,1
48461,83,678.9,263.1,2908,96922,2,1
48462,83,678.7,263.3,2908,96924,2,1
48463,83,678.5,263.4,2908,96926,2,1
48464,83,678.2,263.5,2908,96928,2,1
48465,83,678.1,263.6,2908,96930,2,1
48466,83,678.1,263.6,2908,96932,2,1
48467,83,678,263.8,2908,96934,2,1
48468,83,677.7,264.1,2908,96936,2,1
48469,83,677.4,264.1,2908,96938,2,1
48470,83,677.2,264,2908,96940,2,1
48471,83,676.9,263.9,2909,96942,2,1
48472,83,676.6,263.6,2909,96944,2,1
48473,83,676.4,263.3,2909,96946,2,1
48474,83,676.2,263,2909,96948,2,1
48475,83,676.3,263,2909,96950,2,1
48476,83,676.4,263.4,2909,96952,2,1
48477,83,675.6,264,2909,96954,2,1
48478,83,674.8,264.8,2909,96956,2,1
48479,83,673.9,265.8,2909,96958,2,1
48480,83,673.2,267,2909,96960,2,1
48481,83,672.4,268.1,2909,96962,2,1
48482,83,671.8,268.6,2909,96964,2,1
48483,83,671.3,268,2909,96966,2,1
48484,83,671.7,267.2,2909,96968,2,1
48485,83,672,266.3,2909,96970,2,1
48486,83,672.3,265.3,2909,96972,2,1
48487,83,672.4,264.5,2909,96974,2,1
48488,83,672.5,263.9,2910,96976,2,1
48489,83,672.2,264.2,2910,96978,2,1
48490,83,671.9,265.3,2910,96980,2,1
48491,83,671.6,266.3,2910,96982,2,1
48492,83,671.4,267.1,2910,96984,2,1
48493,83,671.2,267.8,2910,96986,2,1
48494,83,671.3,268.5,2910,96988,2,1
48495,83,671.4,269,2910,96990,2,1
48496,83,671.5,269.1,2910,96992,2,1
48497,83,671.6,268.7,2910,96994,2,1
48498,83,671.7,268.3,2910,96996,2,1
48499,83,671.8,267.6,2910,96998,2,1
48500,83,671.9,267,2910,97000,2,1
48501,83,671.9,266.6,2910,97002,2,1
48502,83,671.9,266.3,2910,97004,2,1
48503,83,671.8,266.1,2910,97006,2,1
48504,83,671.7,265.8,2910,97008,2,1
48505,83,671.6,265.6,2911,97010,2,1
48506,83,671.5,265.8,2911,97012,2,1
48507,83,671.6,266,2911,97014,2,1
48508,83,671.8,266.1,2911,97016,2,1
48509,83,672,266.2,2911,97018,2,1
48510,83,672.5,266.6,2911,97020,2,1
48511,83,673,267,2911,97022,2,1
48512,83,673.6,267.1,2911,97024,2,1
48513,83,674.1,267.2,2911,97026,2,1
48514,83,674.4,267,2911,97028,2,1
48515,83,674.6,266.8,2911,97030,2,1
48516,83,674.5,266.9,2911,97032,2,1
48517,83,674.4,266.5,2911,97034,2,1
48518,83,674.4,266.2,2911,97036,2,1
48519,83,674.6,266.1,2911,97038,2,1
48520,83,674.8,266.1,2911,97040,2,1
48521,83,675,266.4,2912,97042,2,1
48522,83,675.3,266,2912,97044,2,1
48523,83,675.8,265.5,2912,97046,2,1
48524,83,676.1,265.1,2912,97048,2,1
48525,83,676.3,264.8,2912,97050,2,1
48526,83,676.2,264.4,2912,97052,2,1
48527,83,676.1,264.1,2912,97054,2,1
48528,83,676,264,2912,97056,2,1
48529,83,675.8,264.8,2912,97058,2,1
48530,83,675.6,265.4,2912,97060,2,1
48531,83,675.3,266,2912,97062,2,1
48532,83,675.1,266.6,2912,97064,2,1
48533,83,675.1,267.1,2912,97066,2,1
48534,83,675.2,267.3,2912,97068,2,1
48535,83,675.3,267.1,2912,97070,2,1
48536,83,675.5,266.9,2912,97072,2,1
48537,83,675.8,267,2912,97074,2,1
48538,83,676.2,267,2913,97076,2,1
48539,83,676.6,266.9,2913,97078,2,1
48540,83,676.9,267.1,2913,97080,2,1
48541,83,677,267.5,2913,97082,2,1
48542,83,677.2,267.8,2913,97084,2,1
48543,83,677.3,268.1,2913,97086,2,1
48544,83,676.8,268.3,2913,97088,2,1
48545,83,676.4,268.3,2913,97090,2,1
48546,83,675.8,268.1,2913,97092,2,1
48547,83,675.1,267.8,2913,97094,2,1
48548,83,674.5,268.1,2913,97096,2,1
48549,83,673.9,268.2,2913,97098,2,1
48550,83,673.6,268.4,2913,97100,2,1
48551,83,674,268.7,2913,97102,2,1
48552,83,674.4,269.4,2913,97104,2,1
48553,83,675,269.8,2913,97106,2,1
48554,83,675.7,270.2,2913,97108,2,1
48555,83,676.5,270.2,2914,97110,2,1
48556,83,677.2,270.3,2914,97112,2,1
48557,83,677.7,270.1,2914,97114,2,1
48558,83,677.9,269.8,2914,97116,2,1
48559,83,678,269.5,2914,97118,2,1
48560,83,678,269.3,2914,97120,2,1
48561,83,678,269.2,2914,97122,2,1
48562,83,677.9,269,2914,97124,2,1
48563,83,677.8,269,2914,97126,2,1
48564,83,677.7,269,2914,97128,2,1
48565,83,677.5,268.9,2914,97130,2,1
48566,83,677.5,269.1,2914,97132,2,1
48567,83,677.6,269.3,2914,97134,2,1
48568,83,677.8,269.4,2914,97136,2,1
48569,83,678,269.6,2914,97138,2,1
48570,83,678.1,269.9,2914,97140,2,1
48571,83,678.1,270.4,2915,97142,2,1
48572,83,678.1,270.7,2915,97144,2,1
48573,83,678.1,271,2915,97146,2,1
48574,83,677.9,271.2,2915,97148,2,1
48575,83,677.7,271.2,2915,97150,2,1
48576,83,677.6,271,2915,97152,2,1
48577,83,677.4,270.8,2915,97154,2,1
48578,83,677.3,270.7,2915,97156,2,1
48579,83,677.2,270.5,2915,97158,2,1
48580,83,677.1,270.3,2915,97160,2,1
48581,83,677,270.3,2915,97162,2,1
48582,83,676.8,270.4,2915,97164,2,1
48583,83,676.4,270.4,2915,97166,2,1
48584,83,676,270.4,2915,97168,2,1
48585,83,675.7,270.5,2915,97170,2,1
48586,83,675.3,270.7,2915,97172,2,1
48587,83,675,270.7,2915,97174,2,1
48588,83,674.7,270.6,2916,97176,2,1
48589,83,674.6,270.7,2916,97178,2,1
48590,83,674.8,270.7,2916,97180,2,1
48591,83,674.9,270.7,2916,97182,2,1
48592,83,675.1,270.8,2916,97184,2,1
48593,83,675.2,271.2,2916,97186,2,1
48594,83,675.3,271.6,2916,97188,2,1
48595,83,675.3,271.9,2916,97190,2,1
48596,83,675.3,272.1,2916,97192,2,1
48597,83,675.3,271.9,2916,97194,2,1
48598,83,675.4,271.7,2916,97196,2,1
48599,83,675.6,271.4,2916,97198,2,1
48600,83,675.9,271.2,2916,97200,2,1
48601,83,676.3,271.1,2916,97202,2,1
48602,83,676.8,271,2916,97204,2,1
48603,83,677.6,270.8,2916,97206,2,1
48604,83,678.3,271.2,2916,97208,2,1
48605,83,678.9,271.9,2917,97210,2,1
48606,83,679.5,272.2,2917,97212,2,1
48607,83,680,272.4,2917,97214,2,1
48608,83,680.4,272.5,2917,97216,2,1
48609,83,680.7,272.7,2917,97218,2,1
48610,83,680.7,272.7,2917,97220,2,1
48611,83,680.7,272.8,2917,97222,2,1
48612,83,680.7,272.8,2917,97224,2,1
48613,83,680.6,273.2,2917,97226,2,1
48614,83,680.5,273.3,2917,97228,2,1
48615,83,680.4,273.3,2917,97230,2,1
48616,83,680.3,273.2,2917,97232,2,1
48617,83,680,273.4,2917,97234,2,1
48618,83,679.7,273.5,2917,97236,2,1
48619,83,679.4,273.4,2917,97238,2,1
48620,83,679.1,273.3,2917,97240,2,1
48621,83,678.9,273.1,2918,97242,2,1
48622,83,678.5,272.9,2918,97244,2,1
48623,83,678.1,272.8,2918,97246,2,1
48624,83,677.9,272.6,2918,97248,2,1
48625,83,678,272.3,2918,97250,2,1
48626,83,678.1,272.1,2918,97252,2,1
48627,83,678.1,271.9,2918,97254,2,1
48628,83,678.1,271.8,2918,97256,2,1
48629,83,678,271.8,2918,97258,2,1
48630,83,677.8,272.2,2918,97260,2,1
48631,83,677.7,272.5,2918,97262,2,1
48632,83,677.3,272.9,2918,97264,2,1
48633,83,677,273.4,2918,97266,2,1
48634,83,676.7,273.9,2918,97268,2,1
48635,83,676.5,274.3,2918,97270,2,1
48636,83,676.5,274.6,2918,97272,2,1
48637,83,676.5,274.5,2918,97274,2,1
48638,83,676.5,274.4,2919,97276,2,1
48639,83,676.5,274.4,2919,97278,2,1
48640,83,676.4,274.4,2919,97280,2,1
48641,83,676.2,274.4,2919,97282,2,1
48642,83,676,274.4,2919,97284,2,1
48643,83,675.8,274.5,2919,97286,2,1
48644,83,675.5,275,2919,97288,2,1
48645,83,675.2,275.1,2919,97290,2,1
48646,83,674.9,275.1,2919,97292,2,1
48647,83,674.5,275.1,2919,97294,2,1
48648,83,674,275.1,2919,97296,2,1
48649,83,673.6,275,2919,97298,2,1
48650,83,673.2,274.8,2919,97300,2,1
48651,83,673,274.5,2919,97302,2,1
48652,83,672.8,274.3,2919,97304,2,1
48653,83,672.6,274,2919,97306,2,1
48654,83,672.5,274.2,2919,97308,2,1
48655,83,672.5,274.2,2920,97310,2,1
48656,83,672.6,274.2,2920,97312,2,1
48657,83,672.5,274.4,2920,97314,2,1
48658,83,672.5,274.7,2920,97316,2,1
48659,83,672.4,275.2,2920,97318,2,1
48660,83,672.5,275.8,2920,97320,2,1
48661,83,672.5,276.4,2920,97322,2,1
48662,83,672.6,277.1,2920,97324,2,1
48663,83,672.6,277.6,2920,97326,2,1
48664,83,672.7,278,2920,97328,2,1
48665,83,672.8,278.2,2920,97330,2,1
48666,83,673,278.3,2920,97332,2,1
48667,83,673,278.1,2920,97334,2,1
48668,83,673.1,277.8,2920,97336,2,1
48669,83,673.2,277.5,2920,97338,2,1
48670,83,673.3,277.2,2920,97340,2,1
48671,83,673.4,277.1,2921,97342,2,1
48672,83,673.4,277.5,2921,97344,2,1
48673,83,673,277.5,2921,97346,2,1
48674,83,672.4,277.4,2921,97348,2,1
48675,83,671.2,276.6,2921,97350,2,1
48676,83,669.4,274.4,2921,97352,2,1
48677,83,667.6,269.8,2921,97354,2,1
48678,83,664.4,262.5,2921,97356,2,1
48679,83,660.9,252.6,2921,97358,2,1
48680,83,657.8,241.5,2921,97360,2,1
48681,83,653.6,229.1,2921,97362,2,1
48682,83,650.1,216.7,2921,97364,2,1
48683,83,646,205.3,2921,97366,2,1
48684,83,641.9,196.2,2921,97368,2,1
48685,83,639.3,189.4,2921,97370,2,1
48686,83,636.9,185.1,2921,97372,2,1
48687,83,634.1,182.6,2921,97374,2,1
48688,83,631.9,181.7,2922,97376,2,1
48689,83,629.6,181.4,2922,97378,2,1
48690,83,628.2,181.2,2922,97380,2,1
48691,83,626.6,181,2922,97382,2,1
48692,83,624.2,181.4,2922,97384,2,1
48693,83,622.1,181.8,2922,97386,2,1
48694,83,620.3,182.2,2922,97388,2,1
48695,83,619.5,182.5,2922,97390,2,1
48696,83,619,182.9,2922,97392,2,1
48697,83,618.8,183.1,2922,97394,2,1
48698,83,618.7,183.3,2922,97396,2,1
48699,83,619.4,182.9,2922,97398,2,1
48700,83,620.1,182.3,2922,97400,2,1
48701,83,620.4,181.5,2922,97402,2,1
48702,83,620.4,180.2,2922,97404,2,1
48703,83,620.4,178.7,2922,97406,2,1
48704,83,620.3,177.3,2923,97408,2,1
48705,83,620.2,175.8,2923,97410,2,1
48706,83,620,175.1,2923,97412,2,1
48707,83,619.8,174.7,2923,97414,2,1
48708,83,619.6,174.5,2923,97416,2,1
48709,83,619.3,175.2,2923,97418,2,1
48710,83,619.1,176,2923,97420,2,1
48711,83,618.8,177,2923,97422,2,1
48712,83,618.5,177.9,2923,97424,2,1
48713,83,618.2,178.5,2923,97426,2,1
48714,83,617.7,179,2923,97428,2,1
48715,83,617.3,179.2,2923,97430,2,1
48716,83,617.2,178.8,2923,97432,2,1
48717,83,617.1,178.4,2923,97434,2,1
48718,83,617,177.9,2923,97436,2,1
48719,83,617,177.6,2923,97438,2,1
48720,83,617,177.5,2923,97440,2,1
48721,83,617.3,177.4,2924,97442,2,1
48722,83,617.5,177.5,2924,97444,2,1
48723,83,617.6,177.5,2924,97446,2,1
48724,83,617.6,177.7,2924,97448,2,1
48725,83,617.5,177.9,2924,97450,2,1
48726,83,617.4,178.2,2924,97452,2,1
48727,83,616.8,178.7,2924,97454,2,1
48728,83,616.3,179.2,2924,97456,2,1
48729,83,615.8,179.8,2924,97458,2,1
48730,83,615.3,180.3,2924,97460,2,1
48731,83,615.2,180.8,2924,97462,2,1
48732,83,615,181.1,2924,97464,2,1
48733,83,614.9,181.3,2924,97466,2,1
48734,83,615.3,181,2924,97468,2,1
48735,83,615.6,180.7,2924,97470,2,1
48736,83,615.7,180.4,2924,97472,2,1
48737,83,615.7,180.2,2924,97474,2,1
48738,83,615.6,179.8,2925,97476,2,1
48739,83,615.7,179.3,2925,97478,2,1
48740,83,615.6,179,2925,97480,2,1
48741,83,615.5,178.5,2925,97482,2,1
48742,83,615.4,177.9,2925,97484,2,1
48743,83,615.5,177.5,2925,97486,2,1
48744,83,615.5,177.1,2925,97488,2,1
48745,83,615.4,176.8,2925,97490,2,1
48746,83,615.1,176.8,2925,97492,2,1
48747,83,615,176.8,2925,97494,2,1
48748,83,615,177.1,2925,97496,2,1
48749,83,615,177.5,2925,97498,2,1
48750,83,615.1,177.9,2925,97500,2,1
48751,83,615.2,178.3,2925,97502,2,1
48752,83,615.3,178.6,2925,97504,2,1
48753,83,615.4,179.1,2925,97506,2,1
48754,83,615.5,179.5,2926,97508,2,1
48755,83,615.3,179.7,2926,97510,2,1
48756,83,615.2,179.5,2926,97512,2,1
48757,83,615.1,179.2,2926,97514,2,1
48758,83,614.9,178.9,2926,97516,2,1
48759,83,614.6,178.5,2926,97518,2,1
48760,83,614.3,178,2926,97520,2,1
48761,83,613.9,177.5,2926,97522,2,1
48762,83,613.6,177.1,2926,97524,2,1
48763,83,613.4,177.1,2926,97526,2,1
48764,83,613.2,176.9,2926,97528,2,1
48765,83,613.1,176.6,2926,97530,2,1
48766,83,613.3,176.5,2926,97532,2,1
48767,83,613.5,176.4,2926,97534,2,1
48768,83,613.8,176.4,2926,97536,2,1
48769,83,614.1,176.4,2926,97538,2,1
48770,83,614.4,176.7,2926,97540,2,1
48771,83,614.6,177.1,2927,97542,2,1
48772,83,614.6,178.4,2927,97544,2,1
48773,83,614.4,179.9,2927,97546,2,1
48774,83,614.2,181.2,2927,97548,2,1
48775,83,613.9,182.3,2927,97550,2,1
48776,83,613.7,183.1,2927,97552,2,1
48777,83,613.4,183.6,2927,97554,2,1
48778,83,613.1,183.8,2927,97556,2,1
48779,83,612.9,183.4,2927,97558,2,1
48780,83,612.8,182.8,2927,97560,2,1
48781,83,612.8,182.2,2927,97562,2,1
48782,83,612.8,181.8,2927,97564,2,1
48783,83,612.8,181.6,2927,97566,2,1
48784,83,612.8,181.4,2927,97568,2,1
48785,83,612.9,181.2,2927,97570,2,1
48786,83,612.8,181,2927,97572,2,1
48787,83,612.8,181,2927,97574,2,1
48788,83,612.4,181.1,2928,97576,2,1
48789,83,612.1,181.4,2928,97578,2,1
48790,83,611.7,181.3,2928,97580,2,1
48791,83,611.3,181,2928,97582,2,1
48792,83,611,180.7,2928,97584,2,1
48793,83,610.8,180.4,2928,97586,2,1
48794,83,610.7,180.3,2928,97588,2,1
48795,83,610.8,180,2928,97590,2,1
48796,83,611,179.7,2928,97592,2,1
48797,83,611.3,179.6,2928,97594,2,1
48798,83,611.1,179.8,2928,97596,2,1
48799,83,611,179.9,2928,97598,2,1
48800,83,610.7,180,2928,97600,2,1
48801,83,610.4,179.8,2928,97602,2,1
48802,83,610,179.5,2928,97604,2,1
48803,83,609.7,179.2,2928,97606,2,1
48804,83,609.5,179,2929,97608,2,1
48805,83,609.6,178.8,2929,97610,2,1
48806,83,609.8,178.7,2929,97612,2,1
48807,83,609.9,179.5,2929,97614,2,1
48808,83,610,180.2,2929,97616,2,1
48809,83,610.6,180.8,2929,97618,2,1
48810,83,611,181.4,2929,97620,2,1
48811,83,611.4,181.9,2929,97622,2,1
48812,83,611.4,182.4,2929,97624,2,1
48813,83,611.5,183,2929,97626,2,1
48814,83,611.6,182.8,2929,97628,2,1
48815,83,611.8,182.4,2929,97630,2,1
48816,83,611.5,182.2,2929,97632,2,1
48817,83,611.3,182,2929,97634,2,1
48818,83,611.3,181.9,2929,97636,2,1
48819,83,611.4,181.6,2929,97638,2,1
48820,83,611.3,181.4,2929,97640,2,1
48821,83,611.1,181.2,2930,97642,2,1
48822,83,611,181.2,2930,97644,2,1
48823,83,610.9,181.3,2930,97646,2,1
48824,83,610.9,181.3,2930,97648,2,1
48825,83,610.9,181.3,2930,97650,2,1
48826,83,610.8,181.4,2930,97652,2,1
48827,83,610.9,181.4,2930,97654,2,1
48828,83,611,181.4,2930,97656,2,1
48829,83,611,181.3,2930,97658,2,1
48830,83,611,181.2,2930,97660,2,1
48831,83,610.9,181.1,2930,97662,2,1
48832,83,611.1,181.2,2930,97664,2,1
48833,83,611.3,181.5,2930,97666,2,1
48834,83,611.6,181.9,2930,97668,2,1
48835,83,611.5,182.4,2930,97670,2,1
48836,83,611.4,182.9,2930,97672,2,1
48837,83,611.2,183.3,2930,97674,2,1
48838,83,610.9,183.7,2931,97676,2,1
48839,83,610.4,184,2931,97678,2,1
48840,83,609.8,184,2931,97680,2,1
48841,83,609.3,184,2931,97682,2,1
48842,83,609.3,183.6,2931,97684,2,1
48843,83,609.3,183.3,2931,97686,2,1
48844,83,609.3,182.9,2931,97688,2,1
48845,83,609.3,182.1,2931,97690,2,1
48846,83,609.2,181.3,2931,97692,2,1
48847,83,609.1,180.6,2931,97694,2,1
48848,83,609,179.9,2931,97696,2,1
48849,83,608.8,179.3,2931,97698,2,1
48850,83,609,178.8,2931,97700,2,1
48851,83,609.3,178.5,2931,97702,2,1
48852,83,609.7,179.4,2931,97704,2,1
48853,83,610.2,180.2,2931,97706,2,1
48854,83,610.9,180.8,2932,97708,2,1
48855,83,611.6,181.3,2932,97710,2,1
48856,83,612.2,181.6,2932,97712,2,1
48857,83,612.5,181.8,2932,97714,2,1
48858,83,612.8,181.9,2932,97716,2,1
48859,83,613.3,181.7,2932,97718,2,1
48860,83,613.6,181.6,2932,97720,2,1
48861,83,613.9,181.5,2932,97722,2,1
48862,83,614.1,181.4,2932,97724,2,1
48863,83,614,181.4,2932,97726,2,1
48864,83,613.8,181.7,2932,97728,2,1
48865,83,613.7,182.2,2932,97730,2,1
48866,83,613.1,182.7,2932,97732,2,1
48867,83,612.6,183.3,2932,97734,2,1
48868,83,612,184,2932,97736,2,1
48869,83,611.3,184.8,2932,97738,2,1
48870,83,610.9,185.5,2932,97740,2,1
48871,83,610.6,186,2933,97742,2,1
48872,83,610.2,186.3,2933,97744,2,1
48873,83,610,186.6,2933,97746,2,1
48874,83,609.5,186.3,2933,97748,2,1
48875,83,609.2,185.9,2933,97750,2,1
48876,83,608.8,185.3,2933,97752,2,1
48877,83,608.3,184.5,2933,97754,2,1
48878,83,607.9,183.7,2933,97756,2,1
48879,83,607.6,182.9,2933,97758,2,1
48880,83,607.3,182.2,2933,97760,2,1
48881,83,607.4,182,2933,97762,2,1
48882,83,607.4,182.1,2933,97764,2,1
48883,83,607.6,182.1,2933,97766,2,1
48884,83,607.8,182.2,2933,97768,2,1
48885,83,608.1,182.3,2933,97770,2,1
48886,83,608.9,182.6,2933,97772,2,1
48887,83,609.7,182.7,2933,97774,2,1
48888,83,610.4,182.7,2934,97776,2,1
48889,83,611.2,182.6,2934,97778,2,1
48890,83,611.8,182.4,2934,97780,2,1
48891,83,612.5,182.2,2934,97782,2,1
48892,83,613.1,182.2,2934,97784,2,1
48893,83,613,182.6,2934,97786,2,1
48894,83,612.9,183,2934,97788,2,1
48895,83,612.8,183.5,2934,97790,2,1
48896,83,612.5,184.1,2934,97792,2,1
48897,83,612.2,184.6,2934,97794,2,1
48898,83,611.9,185,2934,97796,2,1
48899,83,611.5,185.2,2934,97798,2,1
48900,83,611.3,184.9,2934,97800,2,1
48901,83,611.1,184.4,2934,97802,2,1
48902,83,610.8,184.6,2934,97804,2,1
48903,83,611.2,186.3,2934,97806,2,1
48904,83,612,189.1,2935,97808,2,1
48905,83,613.4,194.9,2935,97810,2,1
48906,83,615.4,202.5,2935,97812,2,1
48907,83,618.5,212.3,2935,97814,2,1
48908,83,622.2,225.3,2935,97816,2,1
48909,83,626.1,239.1,2935,97818,2,1
48910,83,629.4,251.6,2935,97820,2,1
48911,83,633.5,263.7,2935,97822,2,1
48912,83,636.7,272.8,2935,97824,2,1
48913,83,639.3,279.9,2935,97826,2,1
48914,83,640.3,284.4,2935,97828,2,1
48915,83,640.9,284.6,2935,97830,2,1
48916,83,641.3,282.9,2935,97832,2,1
48917,83,641.9,280.8,2935,97834,2,1
48918,83,641.8,278.5,2935,97836,2,1
48919,83,641.8,276.1,2935,97838,2,1
48920,83,642,273.9,2935,97840,2,1
48921,83,642.6,272.2,2936,97842,2,1
48922,83,643,272.1,2936,97844,2,1
48923,83,643.7,273.6,2936,97846,2,1
48924,83,644.2,275.3,2936,97848,2,1
48925,83,644.6,277,2936,97850,2,1
48926,83,645.4,278.7,2936,97852,2,1
48927,83,646.1,280.4,2936,97854,2,1
48928,83,646.8,281.9,2936,97856,2,1
48929,83,647.2,283.1,2936,97858,2,1
48930,83,647.6,283.2,2936,97860,2,1
48931,83,647.9,283.2,2936,97862,2,1
48932,83,648.2,283.1,2936,97864,2,1
48933,83,648.3,283.1,2936,97866,2,1
48934,83,648.5,283,2936,97868,2,1
48935,83,648.6,282.8,2936,97870,2,1
48936,83,648.8,282.5,2936,97872,2,1
48937,83,648.6,282.3,2936,97874,2,1
48938,83,648.4,282.2,2937,97876,2,1
48939,83,648.1,282.2,2937,97878,2,1
48940,83,648,282.2,2937,97880,2,1
48941,83,647.7,282.3,2937,97882,2,1
48942,83,647.7,282.7,2937,97884,2,1
48943,83,647.9,283.2,2937,97886,2,1
48944,83,648.5,283.8,2937,97888,2,1
48945,83,649.1,284.3,2937,97890,2,1
48946,83,649.7,284.6,2937,97892,2,1
48947,83,650,284.3,2937,97894,2,1
48948,83,650.4,283.8,2937,97896,2,1
48949,83,650.5,283.3,2937,97898,2,1
48950,83,650.4,283.3,2937,97900,2,1
48951,83,650.1,283,2937,97902,2,1
48952,83,649.7,282.8,2937,97904,2,1
48953,83,649.3,282.6,2937,97906,2,1
48954,83,648.8,282.8,2938,97908,2,1
48955,83,648.3,282.9,2938,97910,2,1
48956,83,647.9,283.1,2938,97912,2,1
48957,83,647.6,282.8,2938,97914,2,1
48958,83,647.5,282.7,2938,97916,2,1
48959,83,647.4,282.7,2938,97918,2,1
48960,83,647.6,282.8,2938,97920,2,1
48961,83,647.8,282.9,2938,97922,2,1
48962,83,648.1,283,2938,97924,2,1
48963,83,648.4,283.1,2938,97926,2,1
48964,83,648.8,283.2,2938,97928,2,1
48965,83,649.2,283.4,2938,97930,2,1
48966,83,649.6,283.5,2938,97932,2,1
48967,83,649.8,283.6,2938,97934,2,1
48968,83,649.9,283.7,2938,97936,2,1
48969,83,650.1,283.6,2938,97938,2,1
48970,83,650.1,283.5,2938,97940,2,1
48971,83,650.3,283,2939,97942,2,1
48972,83,650.5,282.5,2939,97944,2,1
48973,83,650.7,282.2,2939,97946,2,1
48974,83,650.8,282.6,2939,97948,2,1
48975,83,650.9,283.1,2939,97950,2,1
48976,83,650.8,283.6,2939,97952,2,1
48977,83,650.5,284.2,2939,97954,2,1
48978,83,650.1,284.6,2939,97956,2,1
48979,83,649.9,284.7,2939,97958,2,1
48980,83,649.9,284.4,2939,97960,2,1
48981,83,650.5,283.9,2939,97962,2,1
48982,83,651.2,283.3,2939,97964,2,1
48983,83,652.2,282.5,2939,97966,2,1
48984,83,653.2,281.7,2939,97968,2,1
48985,83,654.1,281,2939,97970,2,1
48986,83,654.3,280.4,2939,97972,2,1
48987,83,654.1,280.2,2939,97974,2,1
48988,83,653.4,280.1,2940,97976,2,1
48989,83,652.8,280.1,2940,97978,2,1
48990,83,652.2,279.9,2940,97980,2,1
48991,83,651.5,279.7,2940,97982,2,1
48992,83,651,279.4,2940,97984,2,1
48993,83,651,279.2,2940,97986,2,1
48994,83,651.2,279.1,2940,97988,2,1
48995,83,651.4,279,2940,97990,2,1
48996,83,651.8,278.9,2940,97992,2,1
48997,83,652.1,278.9,2940,97994,2,1
48998,83,652.5,279.1,2940,97996,2,1
48999,83,652.8,279.3,2940,97998,2,1
49000,83,653.1,279.5,2940,98000,2,1
49001,83,653.3,280,2940,98002,2,1
49002,83,653.4,280.3,2940,98004,2,1
49003,83,653.3,280.4,2940,98006,2,1
49004,83,653.2,280.7,2941,98008,2,1
49005,83,653.3,281.1,2941,98010,2,1
49006,83,653.4,281.3,2941,98012,2,1
49007,83,653.6,281.3,2941,98014,2,1
49008,83,653.9,280.6,2941,98016,2,1
49009,83,654.3,279.9,2941,98018,2,1
49010,83,654.6,279.5,2941,98020,2,1
49011,83,655,279.1,2941,98022,2,1
49012,83,655.2,278.5,2941,98024,2,1
49013,83,655.5,278,2941,98026,2,1
49014,83,655.7,277.6,2941,98028,2,1
49015,83,655.8,277.5,2941,98030,2,1
49016,83,655.8,277.4,2941,98032,2,1
49017,83,655.9,277.2,2941,98034,2,1
49018,83,655.8,277.1,2941,98036,2,1
49019,83,655.7,276.9,2941,98038,2,1
49020,83,655.6,277,2941,98040,2,1
49021,83,655.4,277.1,2942,98042,2,1
49022,83,655.3,277.3,2942,98044,2,1
49023,83,655,277.5,2942,98046,2,1
49024,83,654.7,277.7,2942,98048,2,1
49025,83,654.6,277.7,2942,98050,2,1
49026,83,654.4,277.5,2942,98052,2,1
49027,83,654.2,277.1,2942,98054,2,1
49028,83,654.1,276.7,2942,98056,2,1
49029,83,654,276.5,2942,98058,2,1
49030,83,654.1,276.3,2942,98060,2,1
49031,83,654.4,276.3,2942,98062,2,1
49032,83,654.8,276.5,2942,98064,2,1
49033,83,655.1,276.8,2942,98066,2,1
49034,83,655.4,278.1,2942,98068,2,1
49035,83,655.7,279.3,2942,98070,2,1
49036,83,655.9,280.1,2942,98072,2,1
49037,83,655.8,280.9,2942,98074,2,1
49038,83,655.5,281.2,2943,98076,2,1
49039,83,655,281.6,2943,98078,2,1
49040,83,654.6,282.2,2943,98080,2,1
49041,83,654.2,281.8,2943,98082,2,1
49042,83,653.8,281.1,2943,98084,2,1
49043,83,653.6,280.4,2943,98086,2,1
49044,83,654.1,279.8,2943,98088,2,1
49045,83,654.5,279.1,2943,98090,2,1
49046,83,654.9,278.3,2943,98092,2,1
49047,83,654.9,277.5,2943,98094,2,1
49048,83,654.8,276.9,2943,98096,2,1
49049,83,654.8,276.7,2943,98098,2,1
49050,83,654.7,276.7,2943,98100,2,1
49051,83,654.2,277,2943,98102,2,1
49052,83,653.8,277.2,2943,98104,2,1
49053,83,653.5,277.6,2943,98106,2,1
49054,83,653.5,277.8,2944,98108,2,1
49055,83,653.7,278,2944,98110,2,1
49056,83,653.8,278.1,2944,98112,2,1
49057,83,654.1,278,2944,98114,2,1
49058,83,654.4,277.9,2944,98116,2,1
49059,83,654.6,277.8,2944,98118,2,1
49060,83,654.7,278,2944,98120,2,1
49061,83,654.7,278.4,2944,98122,2,1
49062,83,654.6,278.7,2944,98124,2,1
49063,83,654.6,279,2944,98126,2,1
49064,83,654.3,278.9,2944,98128,2,1
49065,83,654.1,278.8,2944,98130,2,1
49066,83,655,278.2,2944,98132,2,1
49067,83,656.2,277.1,2944,98134,2,1
49068,83,658.4,275.7,2944,98136,2,1
49069,83,661.4,274.1,2944,98138,2,1
49070,83,664.5,272.3,2944,98140,2,1
49071,83,668.7,270.8,2945,98142,2,1
49072,83,673,268.4,2945,98144,2,1
49073,83,676.1,266.4,2945,98146,2,1
49074,83,679.2,264.7,2945,98148,2,1
49075,83,680.9,263,2945,98150,2,1
49076,83,682,261.6,2945,98152,2,1
49077,83,682.9,260.6,2945,98154,2,1
49078,83,682.6,259.9,2945,98156,2,1
49079,83,682.2,260.1,2945,98158,2,1
49080,83,681.8,260.3,2945,98160,2,1
49081,83,681.6,260.4,2945,98162,2,1
49082,83,681.7,260.8,2945,98164,2,1
49083,83,681.8,261.4,2945,98166,2,1
49084,83,681.9,262,2945,98168,2,1
49085,83,682.1,262.9,2945,98170,2,1
49086,83,682.3,263.5,2945,98172,2,1
49087,83,682.7,264.2,2945,98174,2,1
49088,83,683.1,264.8,2946,98176,2,1
49089,83,683.3,265.3,2946,98178,2,1
49090,83,683.4,265.8,2946,98180,2,1
49091,83,683.5,266,2946,98182,2,1
49092,83,683.6,265.8,2946,98184,2,1
49093,83,683.6,265.5,2946,98186,2,1
49094,83,683.5,265.4,2946,98188,2,1
49095,83,683.1,265.4,2946,98190,2,1
49096,83,682.9,265.5,2946,98192,2,1
49097,83,682.7,265.5,2946,98194,2,1
49098,83,682.4,265.7,2946,98196,2,1
49099,83,682.2,265.7,2946,98198,2,1
49100,83,682.1,265.7,2946,98200,2,1
49101,83,681.9,265.6,2946,98202,2,1
49102,83,681.9,265.5,2946,98204,2,1
49103,83,682,264.8,2946,98206,2,1
49104,83,682.1,264.1,2947,98208,2,1
49105,83,682.2,263,2947,98210,2,1
49106,83,682.4,262.1,2947,98212,2,1
49107,83,682.7,261.4,2947,98214,2,1
49108,83,682.9,261.6,2947,98216,2,1
49109,83,683.1,261.8,2947,98218,2,1
49110,83,683.3,262.5,2947,98220,2,1
49111,83,683.4,263.2,2947,98222,2,1
49112,83,683.4,263.9,2947,98224,2,1
49113,83,683.4,264.2,2947,98226,2,1
49114,83,683.3,264.4,2947,98228,2,1
49115,83,683.2,263.9,2947,98230,2,1
49116,83,683.6,263.5,2947,98232,2,1
49117,83,684,263.2,2947,98234,2,1
49118,83,684.5,262.9,2947,98236,2,1
49119,83,684.9,262.7,2947,98238,2,1
49120,83,685.2,262.8,2947,98240,2,1
49121,83,685.5,262.9,2948,98242,2,1
49122,83,685.9,263,2948,98244,2,1
49123,83,685.8,262.8,2948,98246,2,1
49124,83,685.8,262.8,2948,98248,2,1
49125,83,685.8,263.1,2948,98250,2,1
49126,83,685.8,263.5,2948,98252,2,1
49127,83,686.3,263.9,2948,98254,2,1
49128,83,686.9,264.2,2948,98256,2,1
49129,83,687.5,264.5,2948,98258,2,1
49130,83,688.2,264.7,2948,98260,2,1
49131,83,688.8,264.6,2948,98262,2,1
49132,83,689.3,264.5,2948,98264,2,1
49133,83,689.7,264.4,2948,98266,2,1
49134,83,688.9,264.4,2948,98268,2,1
49135,83,687.8,264.4,2948,98270,2,1
49136,83,686.7,264.6,2948,98272,2,1
49137,83,685.7,264.7,2948,98274,2,1
49138,83,684.8,264.8,2949,98276,2,1
49139,83,684.2,264.9,2949,98278,2,1
49140,83,683.6,264.6,2949,98280,2,1
49141,83,684.1,264.3,2949,98282,2,1
49142,83,684.5,264,2949,98284,2,1
49143,83,684.9,263.6,2949,98286,2,1
49144,83,685.2,263.1,2949,98288,2,1
49145,83,685.5,263,2949,98290,2,1
49146,83,685.4,263.3,2949,98292,2,1
49147,83,685.5,264,2949,98294,2,1
49148,83,685.6,264.8,2949,98296,2,1
49149,83,685.8,265.5,2949,98298,2,1
49150,83,686.1,265.9,2949,98300,2,1
49151,83,686.3,266.2,2949,98302,2,1
49152,83,686.6,266.1,2949,98304,2,1
49153,83,686.6,265.7,2949,98306,2,1
49154,83,686.6,265.1,2950,98308,2,1
49155,83,686.5,264.6,2950,98310,2,1
49156,83,686.3,264.1,2950,98312,2,1
49157,83,686.3,263.8,2950,98314,2,1
49158,83,686.2,263.5,2950,98316,2,1
49159,83,686.3,263.3,2950,98318,2,1
49160,83,686.5,263.4,2950,98320,2,1
49161,83,687.2,263.5,2950,98322,2,1
49162,83,687.9,263.6,2950,98324,2,1
49163,83,688.6,263.7,2950,98326,2,1
49164,83,689,264,2950,98328,2,1
49165,83,689.5,264.3,2950,98330,2,1
49166,83,690,264.7,2950,98332,2,1
49167,83,690.4,265,2950,98334,2,1
49168,83,690.2,265.3,2950,98336,2,1
49169,83,690,265.4,2950,98338,2,1
49170,83,689.7,265.5,2950,98340,2,1
49171,83,689.5,265.6,2951,98342,2,1
49172,83,689.4,265.7,2951,98344,2,1
49173,83,689.2,266,2951,98346,2,1
49174,83,689.4,266.3,2951,98348,2,1
49175,83,690,266.6,2951,98350,2,1
49176,83,690.8,267,2951,98352,2,1
49177,83,691.6,267.4,2951,98354,2,1
49178,83,692.4,267.7,2951,98356,2,1
49179,83,693,267.9,2951,98358,2,1
49180,83,693.7,267.9,2951,98360,2,1
49181,83,693.9,268,2951,98362,2,1
49182,83,693.9,268.3,2951,98364,2,1
49183,83,693.7,268.5,2951,98366,2,1
49184,83,693.5,269.5,2951,98368,2,1
49185,83,693.2,270.4,2951,98370,2,1
49186,83,693,271.1,2951,98372,2,1
49187,83,692.7,271.4,2951,98374,2,1
49188,83,692.4,271.7,2952,98376,2,1
49189,83,692.2,270.7,2952,98378,2,1
49190,83,693.3,269.6,2952,98380,2,1
49191,83,694.4,267.6,2952,98382,2,1
49192,83,696.5,265,2952,98384,2,1
49193,83,698.6,262.5,2952,98386,2,1
49194,83,700.7,260.2,2952,98388,2,1
49195,83,702.6,259.4,2952,98390,2,1
49196,83,703.6,269.9,2952,98392,2,1
49197,83,700.2,292.6,2952,98394,2,1
49198,83,694.9,322.1,2952,98396,2,1
49199,83,688,367.6,2952,98398,2,1
49200,83,696.1,423.7,2952,98400,2,1
49201,83,720.3,489.6,2952,98402,2,1
49202,83,757,594.3,2952,98404,2,1
49203,83,808.4,703.2,2952,98406,2,1
49204,83,871.4,817.2,2952,98408,2,1
49205,83,944.7,925.6,2953,98410,2,1
49206,83,-9999,-9999,2953,98412,2,1
49207,83,-9999,-9999,2953,98414,2,1
49208,83,-9999,-9999,2953,98416,2,1
49209,83,-9999,-9999,2953,98418,2,1
49210,83,-9999,-9999,2953,98420,2,1
49211,83,-9999,-9999,2953,98422,2,1
49212,83,-9999,-9999,2953,98424,2,1
49213,83,-9999,-9999,2953,98426,2,1
49214,83,-9999,-9999,2953,98428,2,1
49215,83,-9999,-9999,2953,98430,2,1
49216,83,-9999,-9999,2953,98432,2,1
49217,83,-9999,-9999,2953,98434,2,1
49218,83,-9999,-9999,2953,98436,2,1
49219,83,-9999,-9999,2953,98438,2,1
49220,83,-9999,-9999,2953,98440,2,1
49221,83,-9999,-9999,2954,98442,2,1
49222,83,-9999,-9999,2954,98444,2,1
49223,83,-9999,-9999,2954,98446,2,1
49224,83,-9999,-9999,2954,98448,2,1
49225,83,-9999,-9999,2954,98450,2,1
49226,83,-9999,-9999,2954,98452,2,1
49227,83,-9999,-9999,2954,98454,2,1
49228,83,-9999,-9999,2954,98456,2,1
49229,83,-9999,-9999,2954,98458,2,1
49230,83,-9999,-9999,2954,98460,2,1
49231,83,-9999,-9999,2954,98462,2,1
49232,83,1171.8,999.3,2954,98464,2,1
49233,83,1042.2,961.8,2954,98466,2,1
49234,83,950.1,924.8,2954,98468,2,1
49235,83,814.5,865.2,2954,98470,2,1
49236,83,683.6,796.8,2954,98472,2,1
49237,83,558.2,721.5,2954,98474,2,1
49238,83,439.9,639.7,2955,98476,2,1
49239,83,449.7,587.3,2955,98478,2,1
49240,83,459.4,539.8,2955,98480,2,1
49241,83,468.4,501.4,2955,98482,2,1
49242,83,480.7,460.7,2955,98484,2,1
49243,83,491.3,426.9,2955,98486,2,1
49244,83,500.8,395.6,2955,98488,2,1
49245,83,510.6,362.3,2955,98490,2,1
49246,83,518.1,334.3,2955,98492,2,1
49247,83,526,309.7,2955,98494,2,1
49248,83,534.2,283.5,2955,98496,2,1
49249,83,539.5,263.7,2955,98498,2,1
49250,83,545.1,243.2,2955,98500,2,1
49251,83,550.7,226.1,2955,98502,2,1
49252,83,553.9,216,2955,98504,2,1
49253,83,557.3,204.5,2955,98506,2,1
49254,83,559.9,195.3,2956,98508,2,1
49255,83,562.1,187.6,2956,98510,2,1
49256,83,563.2,184.3,2956,98512,2,1
49257,83,564.1,182,2956,98514,2,1
49258,83,564.7,179.5,2956,98516,2,1
49259,83,565.3,177,2956,98518,2,1
49260,83,565.3,176.5,2956,98520,2,1
49261,83,564.9,176.1,2956,98522,2,1
49262,83,564.4,175.9,2956,98524,2,1
49263,83,563.7,175.9,2956,98526,2,1
49264,83,562.9,175.5,2956,98528,2,1
49265,83,562.1,174.7,2956,98530,2,1
49266,83,561.2,174.1,2956,98532,2,1
49267,83,560.6,173.4,2956,98534,2,1
49268,83,560.1,173,2956,98536,2,1
49269,83,559.2,172.6,2956,98538,2,1
49270,83,558.4,172.2,2956,98540,2,1
49271,83,557.6,172.3,2957,98542,2,1
49272,83,556.7,172.7,2957,98544,2,1
49273,83,556,173.2,2957,98546,2,1
49274,83,555.4,173.5,2957,98548,2,1
49275,83,555.2,173.9,2957,98550,2,1
49276,83,555.6,174.3,2957,98552,2,1
49277,83,556.1,175,2957,98554,2,1
49278,83,556.5,176.4,2957,98556,2,1
49279,83,556.9,177.7,2957,98558,2,1
49280,83,557.3,179,2957,98560,2,1
49281,83,557.5,180.3,2957,98562,2,1
49282,83,557.6,181.4,2957,98564,2,1
49283,83,557.4,182.7,2957,98566,2,1
49284,83,557.1,183.7,2957,98568,2,1
49285,83,556.9,184,2957,98570,2,1
49286,83,556.8,184.5,2957,98572,2,1
49287,83,556.7,185,2957,98574,2,1
49288,83,556.5,186,2958,98576,2,1
49289,83,556.5,187,2958,98578,2,1
49290,83,556.6,188.1,2958,98580,2,1
49291,83,556.7,189.2,2958,98582,2,1
49292,83,556.8,191.4,2958,98584,2,1
49293,83,556.9,193.5,2958,98586,2,1
49294,83,557,195.3,2958,98588,2,1
49295,83,557.3,196.8,2958,98590,2,1
49296,83,557.6,198.4,2958,98592,2,1
49297,83,557.8,200.4,2958,98594,2,1
49298,83,557.9,202.3,2958,98596,2,1
49299,83,558,203.4,2958,98598,2,1
49300,83,560.1,205.5,2958,98600,2,1
49301,83,563.2,208.1,2958,98602,2,1
49302,83,568.9,211.8,2958,98604,2,1
49303,83,577.9,218.2,2958,98606,2,1
49304,83,589,226,2959,98608,2,1
49305,83,603.8,235.1,2959,98610,2,1
49306,83,620.8,245.5,2959,98612,2,1
49307,83,638,255.9,2959,98614,2,1
49308,83,655.2,265.8,2959,98616,2,1
49309,83,670.5,274.3,2959,98618,2,1
49310,83,682.7,280.2,2959,98620,2,1
49311,83,692.4,284.3,2959,98622,2,1
49312,83,698.2,287,2959,98624,2,1
49313,83,701.2,287.8,2959,98626,2,1
49314,83,702,287.9,2959,98628,2,1
49315,83,701.7,287.4,2959,98630,2,1
49316,83,700.4,286.9,2959,98632,2,1
49317,83,699.1,286.3,2959,98634,2,1
49318,83,697.9,285.8,2959,98636,2,1
49319,83,697.1,285.5,2959,98638,2,1
49320,83,697.3,285.4,2959,98640,2,1
49321,83,698.3,286.2,2960,98642,2,1
49322,83,699.4,287.5,2960,98644,2,1
49323,83,700.5,289.1,2960,98646,2,1
49324,83,701.7,290.6,2960,98648,2,1
49325,83,702.8,292,2960,98650,2,1
49326,83,703.8,293.2,2960,98652,2,1
49327,83,704.7,294,2960,98654,2,1
49328,83,704.8,293.8,2960,98656,2,1
49329,83,705,293.5,2960,98658,2,1
49330,83,705.2,292.7,2960,98660,2,1
49331,83,705.4,292,2960,98662,2,1
49332,83,705.5,291.3,2960,98664,2,1
49333,83,705.4,290.7,2960,98666,2,1
49334,83,705.2,290.2,2960,98668,2,1
49335,83,705,289.9,2960,98670,2,1
49336,83,704.8,289.8,2960,98672,2,1
49337,83,704.4,289.7,2960,98674,2,1
49338,83,704.3,289.6,2961,98676,2,1
49339,83,704.2,289.6,2961,98678,2,1
49340,83,704.5,289.7,2961,98680,2,1
49341,83,704.8,289.6,2961,98682,2,1
49342,83,705.1,289.4,2961,98684,2,1
49343,83,705.3,289.1,2961,98686,2,1
49344,83,705.6,288.6,2961,98688,2,1
49345,83,705.8,288.3,2961,98690,2,1
49346,83,706,288.2,2961,98692,2,1
49347,83,706,287.9,2961,98694,2,1
49348,83,706,287.6,2961,98696,2,1
49349,83,706,287.3,2961,98698,2,1
49350,83,706,287,2961,98700,2,1
49351,83,706,287,2961,98702,2,1
49352,83,705.8,287,2961,98704,2,1
49353,83,705.6,286.8,2961,98706,2,1
49354,83,705.4,286.8,2962,98708,2,1
49355,83,705.1,286.8,2962,98710,2,1
49356,83,704.9,286.8,2962,98712,2,1
49357,83,704.5,286.8,2962,98714,2,1
49358,83,703.7,287.3,2962,98716,2,1
49359,83,703,288,2962,98718,2,1
49360,83,702.7,288.6,2962,98720,2,1
49361,83,702.3,289.2,2962,98722,2,1
49362,83,702,289.5,2962,98724,2,1
49363,83,701.8,290,2962,98726,2,1
49364,83,701.7,290.3,2962,98728,2,1
49365,83,702.1,290,2962,98730,2,1
49366,83,702.5,289.6,2962,98732,2,1
49367,83,702.9,289.3,2962,98734,2,1
49368,83,703.2,288.9,2962,98736,2,1
49369,83,703.5,288.7,2962,98738,2,1
49370,83,703.8,288.5,2962,98740,2,1
49371,83,704,288.4,2963,98742,2,1
49372,83,704.1,288.4,2963,98744,2,1
49373,83,704,288.8,2963,98746,2,1
49374,83,703.8,289.1,2963,98748,2,1
49375,83,703.6,289.7,2963,98750,2,1
49376,83,703.3,290.2,2963,98752,2,1
49377,83,702.7,290.6,2963,98754,2,1
49378,83,702.1,291,2963,98756,2,1
49379,83,701.7,291.3,2963,98758,2,1
49380,83,701.3,291.1,2963,98760,2,1
49381,83,700.9,291.3,2963,98762,2,1
49382,83,700.5,291.4,2963,98764,2,1
49383,83,700.2,291.5,2963,98766,2,1
49384,83,700.2,291.6,2963,98768,2,1
49385,83,700.2,291.9,2963,98770,2,1
49386,83,700.1,292.2,2963,98772,2,1
49387,83,700.1,292.4,2963,98774,2,1
49388,83,699.8,292.5,2964,98776,2,1
49389,83,699.5,292.3,2964,98778,2,1
49390,83,699.1,292.2,2964,98780,2,1
49391,83,698.8,292.3,2964,98782,2,1
49392,83,698.7,292.4,2964,98784,2,1
49393,83,698.6,292.5,2964,98786,2,1
49394,83,698.5,292.3,2964,98788,2,1
49395,83,698.4,292.1,2964,98790,2,1
49396,83,698.6,291.8,2964,98792,2,1
49397,83,698.8,291.3,2964,98794,2,1
49398,83,698.8,290.7,2964,98796,2,1
49399,83,698.8,290.1,2964,98798,2,1
49400,83,698.9,290.1,2964,98800,2,1
49401,83,699.1,290.3,2964,98802,2,1
49402,83,699.3,290.5,2964,98804,2,1
49403,83,699.5,290.7,2964,98806,2,1
49404,83,699.7,290.8,2965,98808,2,1
49405,83,699.7,291,2965,98810,2,1
49406,83,699.8,291.3,2965,98812,2,1
49407,83,699.7,291.8,2965,98814,2,1
49408,83,699.7,292.4,2965,98816,2,1
49409,83,700.2,293,2965,98818,2,1
49410,83,700.9,293.7,2965,98820,2,1
49411,83,701.6,294.5,2965,98822,2,1
49412,83,702.3,295.2,2965,98824,2,1
49413,83,703,295.8,2965,98826,2,1
49414,83,703.8,295.8,2965,98828,2,1
49415,83,704.3,295.3,2965,98830,2,1
49416,83,704.3,295,2965,98832,2,1
49417,83,704.1,294.9,2965,98834,2,1
49418,83,703.9,294.7,2965,98836,2,1
49419,83,703.6,294.7,2965,98838,2,1
49420,83,703,294.9,2965,98840,2,1
49421,83,702.5,295,2966,98842,2,1
49422,83,702.1,295,2966,98844,2,1
49423,83,701.8,294.9,2966,98846,2,1
49424,83,701.7,294.3,2966,98848,2,1
49425,83,701.8,293.5,2966,98850,2,1
49426,83,702.1,292.7,2966,98852,2,1
49427,83,702.5,292,2966,98854,2,1
49428,83,702.7,291.4,2966,98856,2,1
49429,83,702.5,291,2966,98858,2,1
49430,83,702.2,290.7,2966,98860,2,1
49431,83,701.8,290.5,2966,98862,2,1
49432,83,701.2,290.4,2966,98864,2,1
49433,83,700.5,290.4,2966,98866,2,1
49434,83,699.9,290.5,2966,98868,2,1
49435,83,699.5,290.7,2966,98870,2,1
49436,83,699.6,290.8,2966,98872,2,1
49437,83,699.9,290.8,2966,98874,2,1
49438,83,700.5,290.8,2967,98876,2,1
49439,83,701.2,290.8,2967,98878,2,1
49440,83,701.9,290.7,2967,98880,2,1
49441,83,702.7,290.5,2967,98882,2,1
49442,83,703.4,290.3,2967,98884,2,1
49443,83,704.1,290.1,2967,98886,2,1
49444,83,704.6,289.9,2967,98888,2,1
49445,83,704.8,289.6,2967,98890,2,1
49446,83,704.9,289.4,2967,98892,2,1
49447,83,705,289.1,2967,98894,2,1
49448,83,704.9,288.8,2967,98896,2,1
49449,83,704.8,288.7,2967,98898,2,1
49450,83,704.8,288.9,2967,98900,2,1
49451,83,704.6,289,2967,98902,2,1
49452,83,704.5,289.3,2967,98904,2,1
49453,83,704,289.9,2967,98906,2,1
49454,83,703.6,290.2,2967,98908,2,1
49455,83,703.1,290.7,2968,98910,2,1
49456,83,702.5,291,2968,98912,2,1
49457,83,701.9,291.3,2968,98914,2,1
49458,83,701.4,291.5,2968,98916,2,1
49459,83,701,291.6,2968,98918,2,1
49460,83,700.9,291.5,2968,98920,2,1
49461,83,700.8,291.3,2968,98922,2,1
49462,83,700.6,291.1,2968,98924,2,1
49463,83,700.6,290.9,2968,98926,2,1
49464,83,700.5,290.8,2968,98928,2,1
49465,83,700.4,290.6,2968,98930,2,1
49466,83,700.4,290.4,2968,98932,2,1
49467,83,700.4,290.3,2968,98934,2,1
49468,83,700.5,289.9,2968,98936,2,1
49469,83,700.6,289.6,2968,98938,2,1
49470,83,700.9,289.4,2968,98940,2,1
49471,83,701.3,289.3,2969,98942,2,1
49472,83,701.8,289.2,2969,98944,2,1
49473,83,702.2,289.3,2969,98946,2,1
49474,83,703,289.3,2969,98948,2,1
49475,83,703.9,289.3,2969,98950,2,1
49476,83,704.6,289.3,2969,98952,2,1
49477,83,705.4,289.3,2969,98954,2,1
49478,83,706.1,289.3,2969,98956,2,1
49479,83,706.7,289.3,2969,98958,2,1
49480,83,707.3,289.5,2969,98960,2,1
49481,83,707.1,290.2,2969,98962,2,1
49482,83,706.9,290.7,2969,98964,2,1
49483,83,706.7,291.2,2969,98966,2,1
49484,83,706.3,291.8,2969,98968,2,1
49485,83,705.8,292.4,2969,98970,2,1
49486,83,705.5,292.8,2969,98972,2,1
49487,83,705.2,293,2969,98974,2,1
49488,83,705.1,292.9,2970,98976,2,1
49489,83,705.1,292.8,2970,98978,2,1
49490,83,705,292.6,2970,98980,2,1
49491,83,705,292.3,2970,98982,2,1
49492,83,704.9,292.2,2970,98984,2,1
49493,83,704.8,292.1,2970,98986,2,1
49494,83,704.7,292,2970,98988,2,1
49495,83,704.7,292,2970,98990,2,1
49496,83,704.8,291.9,2970,98992,2,1
49497,83,704.9,291.8,2970,98994,2,1
49498,83,704.9,291.8,2970,98996,2,1
49499,83,704.7,291.9,2970,98998,2,1
49500,83,704.6,291.8,2970,99000,2,1
49501,83,704.5,291.9,2970,99002,2,1
49502,83,704.4,291.8,2970,99004,2,1
49503,83,704.4,290.8,2970,99006,2,1
49504,83,704.3,289.9,2971,99008,2,1
49505,83,704.3,289.1,2971,99010,2,1
49506,83,704.4,288.3,2971,99012,2,1
49507,83,704.5,287.7,2971,99014,2,1
49508,83,704.6,287,2971,99016,2,1
49509,83,704.5,286.4,2971,99018,2,1
49510,83,704.3,286.9,2971,99020,2,1
49511,83,704.2,287.4,2971,99022,2,1
49512,83,704.5,287.9,2971,99024,2,1
49513,83,704.8,288.1,2971,99026,2,1
49514,83,705.2,288.2,2971,99028,2,1
49515,83,705.6,288.3,2971,99030,2,1
49516,83,706.2,288.4,2971,99032,2,1
49517,83,706.7,288.4,2971,99034,2,1
49518,83,707.2,288.3,2971,99036,2,1
49519,83,707.3,288.5,2971,99038,2,1
49520,83,706.9,289.2,2971,99040,2,1
49521,83,706.5,289.8,2972,99042,2,1
49522,83,705.9,290.3,2972,99044,2,1
49523,83,705.3,290.7,2972,99046,2,1
49524,83,704.7,291,2972,99048,2,1
49525,83,704.1,290.9,2972,99050,2,1
49526,83,703.4,290.3,2972,99052,2,1
49527,83,703.2,289.2,2972,99054,2,1
49528,83,703,288.2,2972,99056,2,1
49529,83,702.8,287.1,2972,99058,2,1
49530,83,702.7,286.2,2972,99060,2,1
49531,83,702.4,285.4,2972,99062,2,1
49532,83,702.1,285,2972,99064,2,1
49533,83,702.1,285,2972,99066,2,1
49534,83,702.1,285.1,2972,99068,2,1
49535,83,702.1,285.1,2972,99070,2,1
49536,83,702.1,285.2,2972,99072,2,1
49537,83,702.1,285.2,2972,99074,2,1
49538,83,702.5,285.1,2973,99076,2,1
49539,83,703,284.9,2973,99078,2,1
49540,83,703.4,284.8,2973,99080,2,1
49541,83,703.7,284.6,2973,99082,2,1
49542,83,704.2,284.5,2973,99084,2,1
49543,83,704.7,284.5,2973,99086,2,1
49544,83,705.2,284.5,2973,99088,2,1
49545,83,705.3,284.6,2973,99090,2,1
49546,83,705.5,284.7,2973,99092,2,1
49547,83,705.5,284.9,2973,99094,2,1
49548,83,705.4,285.1,2973,99096,2,1
49549,83,705.3,285.2,2973,99098,2,1
49550,83,705.3,284.6,2973,99100,2,1
49551,83,705.4,283.9,2973,99102,2,1
49552,83,705.5,283.2,2973,99104,2,1
49553,83,705.6,282.6,2973,99106,2,1
49554,83,705.8,282,2974,99108,2,1
49555,83,706,281.6,2974,99110,2,1
49556,83,706.2,281.2,2974,99112,2,1
49557,83,706.2,281.3,2974,99114,2,1
49558,83,706.1,281.2,2974,99116,2,1
49559,83,705.9,281.1,2974,99118,2,1
49560,83,705.6,281.2,2974,99120,2,1
49561,83,705.2,281.2,2974,99122,2,1
49562,83,704.9,281.1,2974,99124,2,1
49563,83,704.6,281.1,2974,99126,2,1
49564,83,704.4,281.1,2974,99128,2,1
49565,83,704.6,280.8,2974,99130,2,1
49566,83,704.9,280.6,2974,99132,2,1
49567,83,705.3,280.5,2974,99134,2,1
49568,83,705.7,280.4,2974,99136,2,1
49569,83,706.1,280.4,2974,99138,2,1
49570,83,706.4,280.3,2974,99140,2,1
49571,83,706.7,280.1,2975,99142,2,1
49572,83,706.5,279.4,2975,99144,2,1
49573,83,706.2,278.1,2975,99146,2,1
49574,83,705.7,275,2975,99148,2,1
49575,83,705.3,271.3,2975,99150,2,1
49576,83,704.9,265.1,2975,99152,2,1
49577,83,704.5,257.4,2975,99154,2,1
49578,83,704.1,249.3,2975,99156,2,1
49579,83,703.7,241.9,2975,99158,2,1
49580,83,702.9,234.5,2975,99160,2,1
49581,83,702.6,227.1,2975,99162,2,1
49582,83,702,220.3,2975,99164,2,1
49583,83,701.3,215.8,2975,99166,2,1
49584,83,700.6,212.8,2975,99168,2,1
49585,83,700.1,210.5,2975,99170,2,1
49586,83,699.7,208.4,2975,99172,2,1
49587,83,699.7,206.8,2975,99174,2,1
49588,83,699.2,207,2976,99176,2,1
49589,83,698.9,207.2,2976,99178,2,1
49590,83,698.7,207.5,2976,99180,2,1
49591,83,698.3,208.4,2976,99182,2,1
49592,83,697.9,209.3,2976,99184,2,1
49593,83,697.6,210.1,2976,99186,2,1
49594,83,697.3,210.6,2976,99188,2,1
49595,83,697.3,210.3,2976,99190,2,1
49596,83,697.5,209.7,2976,99192,2,1
49597,83,697.6,209.2,2976,99194,2,1
49598,83,697.8,208,2976,99196,2,1
49599,83,697.9,206.7,2976,99198,2,1
49600,83,698,205.7,2976,99200,2,1
49601,83,698,204.5,2976,99202,2,1
49602,83,698,204.2,2976,99204,2,1
49603,83,697.9,203.9,2976,99206,2,1
49604,83,697.5,203.8,2977,99208,2,1
49605,83,697.2,203.7,2977,99210,2,1
49606,83,697.1,203.6,2977,99212,2,1
49607,83,697.2,203.7,2977,99214,2,1
49608,83,697.4,203.8,2977,99216,2,1
49609,83,697.5,203.8,2977,99218,2,1
49610,83,697.7,203.9,2977,99220,2,1
49611,83,698.1,203.8,2977,99222,2,1
49612,83,698.4,203.7,2977,99224,2,1
49613,83,698.5,203.7,2977,99226,2,1
49614,83,698.3,203.6,2977,99228,2,1
49615,83,698.1,203.5,2977,99230,2,1
49616,83,697.8,203.6,2977,99232,2,1
49617,83,697.5,203.6,2977,99234,2,1
49618,83,697.2,203.6,2977,99236,2,1
49619,83,696.9,203.6,2977,99238,2,1
49620,83,696.9,203.6,2977,99240,2,1
49621,83,696.9,203.5,2978,99242,2,1
49622,83,697.1,203.7,2978,99244,2,1
49623,83,697.2,203.8,2978,99246,2,1
49624,83,697.4,203.9,2978,99248,2,1
49625,83,697.5,204.3,2978,99250,2,1
49626,83,697.6,204.6,2978,99252,2,1
49627,83,697.7,205.2,2978,99254,2,1
49628,83,697.7,205.9,2978,99256,2,1
49629,83,697.7,206.5,2978,99258,2,1
49630,83,697.7,207,2978,99260,2,1
49631,83,697.8,207.2,2978,99262,2,1
49632,83,697.9,207.2,2978,99264,2,1
49633,83,697.9,207.2,2978,99266,2,1
49634,83,697.9,207,2978,99268,2,1
49635,83,697.7,207,2978,99270,2,1
49636,83,697.5,207,2978,99272,2,1
49637,83,697.3,207.3,2978,99274,2,1
49638,83,697,207.5,2979,99276,2,1
49639,83,696.8,207.7,2979,99278,2,1
49640,83,696.5,208.1,2979,99280,2,1
49641,83,696.1,208.4,2979,99282,2,1
49642,83,695.8,208.7,2979,99284,2,1
49643,83,695.2,208.6,2979,99286,2,1
49644,83,694.6,208.4,2979,99288,2,1
49645,83,694,208.2,2979,99290,2,1
49646,83,693.5,207.7,2979,99292,2,1
49647,83,693,207.2,2979,99294,2,1
49648,83,693.3,206.5,2979,99296,2,1
49649,83,693.7,205.8,2979,99298,2,1
49650,83,694.4,205.2,2979,99300,2,1
49651,83,695.1,204.7,2979,99302,2,1
49652,83,695.7,204.2,2979,99304,2,1
49653,83,696.1,204.1,2979,99306,2,1
49654,83,696.5,204,2980,99308,2,1
49655,83,696.3,204.1,2980,99310,2,1
49656,83,696.2,204,2980,99312,2,1
49657,83,696.3,203.4,2980,99314,2,1
49658,83,696.3,202.8,2980,99316,2,1
49659,83,696.5,202.3,2980,99318,2,1
49660,83,696.8,201.9,2980,99320,2,1
49661,83,697,201.6,2980,99322,2,1
49662,83,697.2,201.2,2980,99324,2,1
49663,83,697.3,201.1,2980,99326,2,1
49664,83,697.2,201.2,2980,99328,2,1
49665,83,697.1,201.2,2980,99330,2,1
49666,83,697,201.4,2980,99332,2,1
49667,83,696.8,201.5,2980,99334,2,1
49668,83,696.6,201.6,2980,99336,2,1
49669,83,696.5,201.8,2980,99338,2,1
49670,83,696.3,202.2,2980,99340,2,1
49671,83,695.9,202.7,2981,99342,2,1
49672,83,695.5,203.2,2981,99344,2,1
49673,83,695.1,203.7,2981,99346,2,1
49674,83,694.6,204.1,2981,99348,2,1
49675,83,694.2,204.1,2981,99350,2,1
49676,83,693.9,203.9,2981,99352,2,1
49677,83,693.6,203.6,2981,99354,2,1
49678,83,693.5,203.2,2981,99356,2,1
49679,83,693.4,202.6,2981,99358,2,1
49680,83,693.3,202.1,2981,99360,2,1
49681,83,693.3,201.7,2981,99362,2,1
49682,83,693.3,201.8,2981,99364,2,1
49683,83,693.2,201.8,2981,99366,2,1
49684,83,693.1,202,2981,99368,2,1
49685,83,692.7,202.3,2981,99370,2,1
49686,83,692.3,202.7,2981,99372,2,1
49687,83,691.9,203.1,2981,99374,2,1
49688,83,691.5,203.6,2982,99376,2,1
49689,83,691.2,203.9,2982,99378,2,1
49690,83,691.1,204.2,2982,99380,2,1
49691,83,691,204.4,2982,99382,2,1
49692,83,691.1,204.5,2982,99384,2,1
49693,83,691.3,204.8,2982,99386,2,1
49694,83,691.5,205.2,2982,99388,2,1
49695,83,691.7,205.5,2982,99390,2,1
49696,83,691.7,205.8,2982,99392,2,1
49697,83,691.5,206.2,2982,99394,2,1
49698,83,691.2,206.3,2982,99396,2,1
49699,83,690.9,206.5,2982,99398,2,1
49700,83,690.5,206.7,2982,99400,2,1
49701,83,690.1,206.8,2982,99402,2,1
49702,83,689.8,206.8,2982,99404,2,1
49703,83,689.7,206.5,2982,99406,2,1
49704,83,689.7,206.3,2982,99408,2,1
49705,83,690.5,206,2983,99410,2,1
49706,83,691.4,205.9,2983,99412,2,1
49707,83,692.3,205.8,2983,99414,2,1
49708,83,693.1,205.3,2983,99416,2,1
49709,83,693.9,204.8,2983,99418,2,1
49710,83,694.4,204.7,2983,99420,2,1
49711,83,695,204.4,2983,99422,2,1
49712,83,695,204.1,2983,99424,2,1
49713,83,694.8,203.9,2983,99426,2,1
49714,83,694.6,203.8,2983,99428,2,1
49715,83,694.4,204.2,2983,99430,2,1
49716,83,694.2,204.7,2983,99432,2,1
49717,83,694.2,205,2983,99434,2,1
49718,83,694,205.4,2983,99436,2,1
49719,83,693.8,205.5,2983,99438,2,1
49720,83,693.6,205.5,2983,99440,2,1
49721,83,693.6,205.4,2984,99442,2,1
49722,83,693.5,205.1,2984,99444,2,1
49723,83,693.4,204.7,2984,99446,2,1
49724,83,693.5,204.5,2984,99448,2,1
49725,83,693.5,204.5,2984,99450,2,1
49726,83,693.4,205.1,2984,99452,2,1
49727,83,693.1,205.5,2984,99454,2,1
49728,83,692.7,205.9,2984,99456,2,1
49729,83,692.4,206.5,2984,99458,2,1
49730,83,692,207.1,2984,99460,2,1
49731,83,691.6,207.5,2984,99462,2,1
49732,83,691.4,207.7,2984,99464,2,1
49733,83,691.2,207.6,2984,99466,2,1
49734,83,691.3,207.3,2984,99468,2,1
49735,83,691.5,206.6,2984,99470,2,1
49736,83,691.7,205.9,2984,99472,2,1
49737,83,691.9,205.2,2984,99474,2,1
49738,83,692.2,204.7,2985,99476,2,1
49739,83,692.4,204.7,2985,99478,2,1
49740,83,692.7,204.3,2985,99480,2,1
49741,83,693,204.3,2985,99482,2,1
49742,83,693,205,2985,99484,2,1
49743,83,693,206,2985,99486,2,1
49744,83,692.9,207.1,2985,99488,2,1
49745,83,692.8,208.3,2985,99490,2,1
49746,83,692.6,209.2,2985,99492,2,1
49747,83,692.4,210.1,2985,99494,2,1
49748,83,692.3,210.8,2985,99496,2,1
49749,83,692.4,211,2985,99498,2,1
49750,83,692.5,210.8,2985,99500,2,1
49751,83,692.7,210.3,2985,99502,2,1
49752,83,692.9,209.5,2985,99504,2,1
49753,83,693,208.8,2985,99506,2,1
49754,83,692.6,208.2,2986,99508,2,1
49755,83,692.1,207.9,2986,99510,2,1
49756,83,691.7,207.6,2986,99512,2,1
49757,83,691,207.4,2986,99514,2,1
49758,83,690.2,207.6,2986,99516,2,1
49759,83,689.6,207.7,2986,99518,2,1
49760,83,689.3,207.7,2986,99520,2,1
49761,83,689.2,207.7,2986,99522,2,1
49762,83,689.3,207.9,2986,99524,2,1
49763,83,689.4,208.4,2986,99526,2,1
49764,83,689.6,208.9,2986,99528,2,1
49765,83,689.8,209.5,2986,99530,2,1
49766,83,690,210.2,2986,99532,2,1
49767,83,690.2,211.1,2986,99534,2,1
49768,83,690.4,211.8,2986,99536,2,1
49769,83,690.7,212.4,2986,99538,2,1
49770,83,691,212.6,2986,99540,2,1
49771,83,691.3,212.9,2987,99542,2,1
49772,83,691.6,213.1,2987,99544,2,1
49773,83,691.7,213.2,2987,99546,2,1
49774,83,691.5,213.3,2987,99548,2,1
49775,83,691.4,213,2987,99550,2,1
49776,83,691.2,212.7,2987,99552,2,1
49777,83,691,212.5,2987,99554,2,1
49778,83,690.8,212.6,2987,99556,2,1
49779,83,690.5,212.9,2987,99558,2,1
49780,83,690.5,213,2987,99560,2,1
49781,83,690.6,213.1,2987,99562,2,1
49782,83,690.7,213.5,2987,99564,2,1
49783,83,690.8,213.7,2987,99566,2,1
49784,83,691,213.4,2987,99568,2,1
49785,83,691.2,213,2987,99570,2,1
49786,83,691.4,212.6,2987,99572,2,1
49787,83,691.9,212.2,2987,99574,2,1
49788,83,693.1,212.1,2988,99576,2,1
49789,83,696.5,212.6,2988,99578,2,1
49790,83,701.8,213.9,2988,99580,2,1
49791,83,710.1,217.1,2988,99582,2,1
49792,83,719,220.8,2988,99584,2,1
49793,83,731,224.4,2988,99586,2,1
49794,83,744,228,2988,99588,2,1
49795,83,757.2,231.6,2988,99590,2,1
49796,83,769.4,235.6,2988,99592,2,1
49797,83,781.1,238.8,2988,99594,2,1
49798,83,790,240.6,2988,99596,2,1
49799,83,798.6,241.7,2988,99598,2,1
49800,83,804,243.1,2988,99600,2,1
49801,83,808.1,244.4,2988,99602,2,1
49802,83,810.8,245.7,2988,99604,2,1
49803,83,812.1,246,2988,99606,2,1
49804,83,812,246.4,2988,99608,2,1
49805,83,811.7,246.8,2989,99610,2,1
49806,83,811.2,247.2,2989,99612,2,1
49807,83,810.8,247.4,2989,99614,2,1
49808,83,810.4,247.5,2989,99616,2,1
49809,83,810.5,247.6,2989,99618,2,1
49810,83,810.6,247.6,2989,99620,2,1
49811,83,810.8,247.7,2989,99622,2,1
49812,83,811,248.3,2989,99624,2,1
49813,83,811.3,249,2989,99626,2,1
49814,83,811.6,249.6,2989,99628,2,1
49815,83,811.9,250.2,2989,99630,2,1
49816,83,812.1,250.8,2989,99632,2,1
49817,83,812.4,251.1,2989,99634,2,1
49818,83,812.7,251.4,2989,99636,2,1
49819,83,812.9,251.1,2989,99638,2,1
49820,83,813,250.5,2989,99640,2,1
49821,83,813.1,250,2990,99642,2,1
49822,83,813.1,249.5,2990,99644,2,1
49823,83,813,248.8,2990,99646,2,1
49824,83,812.8,248.3,2990,99648,2,1
49825,83,812.6,247.8,2990,99650,2,1
49826,83,812.4,247.4,2990,99652,2,1
49827,83,812.2,247.3,2990,99654,2,1
49828,83,812.1,247.2,2990,99656,2,1
49829,83,812,247.1,2990,99658,2,1
49830,83,812,246.9,2990,99660,2,1
49831,83,812.2,246.8,2990,99662,2,1
49832,83,812.4,246.6,2990,99664,2,1
49833,83,812.6,246.6,2990,99666,2,1
49834,83,812.7,246.7,2990,99668,2,1
49835,83,813.1,246.7,2990,99670,2,1
49836,83,813.4,246.4,2990,99672,2,1
49837,83,813.9,245.9,2990,99674,2,1
49838,83,814.2,245.6,2991,99676,2,1
49839,83,814.6,245.4,2991,99678,2,1
49840,83,814.8,245.3,2991,99680,2,1
49841,83,815,245.3,2991,99682,2,1
49842,83,814.9,245.5,2991,99684,2,1
49843,83,814.6,245.8,2991,99686,2,1
49844,83,814.4,246.2,2991,99688,2,1
49845,83,814.2,246.6,2991,99690,2,1
49846,83,814,246.9,2991,99692,2,1
49847,83,813.9,247.1,2991,99694,2,1
49848,83,813.8,247.2,2991,99696,2,1
49849,83,813.8,247.5,2991,99698,2,1
49850,83,813.9,247.7,2991,99700,2,1
49851,83,814,247.9,2991,99702,2,1
49852,83,814.1,248.2,2991,99704,2,1
49853,83,814.1,248.4,2991,99706,2,1
49854,83,814.1,248.6,2991,99708,2,1
49855,83,814.1,248.5,2992,99710,2,1
49856,83,814.1,248.3,2992,99712,2,1
49857,83,814.1,248.1,2992,99714,2,1
49858,83,814,247.7,2992,99716,2,1
49859,83,814,247.2,2992,99718,2,1
49860,83,814.1,246.6,2992,99720,2,1
49861,83,814.2,245.9,2992,99722,2,1
49862,83,814.3,245.4,2992,99724,2,1
49863,83,814.6,245,2992,99726,2,1
49864,83,815.2,244.5,2992,99728,2,1
49865,83,815.9,244.2,2992,99730,2,1
49866,83,816.5,243.7,2992,99732,2,1
49867,83,817.1,243.2,2992,99734,2,1
49868,83,817.6,242.8,2992,99736,2,1
49869,83,818,242.4,2992,99738,2,1
49870,83,818,242.1,2992,99740,2,1
49871,83,817.8,241.9,2993,99742,2,1
49872,83,817.6,241.8,2993,99744,2,1
49873,83,817.3,241.8,2993,99746,2,1
49874,83,817,242.7,2993,99748,2,1
49875,83,816.7,243.6,2993,99750,2,1
49876,83,816.6,244.4,2993,99752,2,1
49877,83,816.4,245.3,2993,99754,2,1
49878,83,816,246.1,2993,99756,2,1
49879,83,815.4,247,2993,99758,2,1
49880,83,814.7,247.7,2993,99760,2,1
49881,83,814.3,247,2993,99762,2,1
49882,83,813.8,246.3,2993,99764,2,1
49883,83,813.4,245.5,2993,99766,2,1
49884,83,813.3,244.6,2993,99768,2,1
49885,83,813.2,243.8,2993,99770,2,1
49886,83,813.6,242.9,2993,99772,2,1
49887,83,813.8,242.1,2993,99774,2,1
49888,83,814,242.1,2994,99776,2,1
49889,83,813.9,242.5,2994,99778,2,1
49890,83,813.7,242.9,2994,99780,2,1
49891,83,813.3,243.4,2994,99782,2,1
49892,83,813.1,244,2994,99784,2,1
49893,83,813.1,245.1,2994,99786,2,1
49894,83,813.2,246.1,2994,99788,2,1
49895,83,813.5,247.2,2994,99790,2,1
49896,83,814.1,247.7,2994,99792,2,1
49897,83,814.8,248.3,2994,99794,2,1
49898,83,815.5,248.7,2994,99796,2,1
49899,83,815.9,249.2,2994,99798,2,1
49900,83,816.1,249.1,2994,99800,2,1
49901,83,816,249.1,2994,99802,2,1
49902,83,815.7,249.1,2994,99804,2,1
49903,83,815.4,249,2994,99806,2,1
49904,83,815,248.8,2994,99808,2,1
49905,83,814.7,248.5,2995,99810,2,1
49906,83,814.5,248.2,2995,99812,2,1
49907,83,814.3,247.2,2995,99814,2,1
49908,83,814.3,246.2,2995,99816,2,1
49909,83,814.5,245.3,2995,99818,2,1
49910,83,814.7,244.4,2995,99820,2,1
49911,83,814.9,243.6,2995,99822,2,1
49912,83,815.1,243,2995,99824,2,1
49913,83,815.5,242.3,2995,99826,2,1
49914,83,815.8,242.5,2995,99828,2,1
49915,83,816.3,242.9,2995,99830,2,1
49916,83,816.7,243.1,2995,99832,2,1
49917,83,817.2,243.4,2995,99834,2,1
49918,83,817.7,243.8,2995,99836,2,1
49919,83,818.2,244.2,2995,99838,2,1
49920,83,818.6,244.7,2995,99840,2,1
49921,83,818.9,245.1,2996,99842,2,1
49922,83,819.1,245.4,2996,99844,2,1
49923,83,819.1,245.7,2996,99846,2,1
49924,83,819.1,245.9,2996,99848,2,1
49925,83,818.7,246.1,2996,99850,2,1
49926,83,818.5,246.6,2996,99852,2,1
49927,83,818.3,247.5,2996,99854,2,1
49928,83,818.3,248.5,2996,99856,2,1
49929,83,818.2,249.5,2996,99858,2,1
49930,83,818.2,250.3,2996,99860,2,1
49931,83,818.3,250.9,2996,99862,2,1
49932,83,818.4,251.5,2996,99864,2,1
49933,83,817.9,251.8,2996,99866,2,1
49934,83,817.4,251.6,2996,99868,2,1
49935,83,816.8,251.5,2996,99870,2,1
49936,83,816.4,251.4,2996,99872,2,1
49937,83,816,251.3,2996,99874,2,1
49938,83,815.7,251.4,2997,99876,2,1
49939,83,815.9,251.9,2997,99878,2,1
49940,83,816.5,252.6,2997,99880,2,1
49941,83,817.1,253.2,2997,99882,2,1
49942,83,817.7,253.9,2997,99884,2,1
49943,83,818.2,254.6,2997,99886,2,1
49944,83,818.8,255.1,2997,99888,2,1
49945,83,819.4,255.7,2997,99890,2,1
49946,83,819.7,255.8,2997,99892,2,1
49947,83,819.9,255.9,2997,99894,2,1
49948,83,820.1,256,2997,99896,2,1
49949,83,820.3,256,2997,99898,2,1
49950,83,820.3,256,2997,99900,2,1
49951,83,820.3,255.9,2997,99902,2,1
49952,83,820.4,255.9,2997,99904,2,1
49953,83,820.5,255.8,2997,99906,2,1
49954,83,820.6,255.6,2997,99908,2,1
49955,83,820.4,255.5,2998,99910,2,1
49956,83,820.1,255.5,2998,99912,2,1
49957,83,819.7,255.5,2998,99914,2,1
49958,83,819.2,255.5,2998,99916,2,1
49959,83,818.7,255.6,2998,99918,2,1
49960,83,818.2,254.9,2998,99920,2,1
49961,83,817.8,254.2,2998,99922,2,1
49962,83,817.8,253.5,2998,99924,2,1
49963,83,818.4,252.7,2998,99926,2,1
49964,83,819,252,2998,99928,2,1
49965,83,819.7,251.4,2998,99930,2,1
49966,83,820.3,250.9,2998,99932,2,1
49967,83,820.9,251.1,2998,99934,2,1
49968,83,821.4,251.3,2998,99936,2,1
49969,83,821.8,251.4,2998,99938,2,1
49970,83,821.7,251.5,2998,99940,2,1
49971,83,821.7,251.5,2999,99942,2,1
49972,83,821.7,251.5,2999,99944,2,1
49973,83,821.9,251.3,2999,99946,2,1
49974,83,822.1,251.1,2999,99948,2,1
49975,83,822.3,250.8,2999,99950,2,1
49976,83,822.5,250.7,2999,99952,2,1
49977,83,822.7,250.7,2999,99954,2,1
49978,83,822.8,250.8,2999,99956,2,1
49979,83,823,250.9,2999,99958,2,1
49980,83,823.2,251,2999,99960,2,1
49981,83,823.4,251.2,2999,99962,2,1
49982,83,823.6,251.3,2999,99964,2,1
49983,83,823.8,251.5,2999,99966,2,1
49984,83,823.8,251.6,2999,99968,2,1
49985,83,823.9,251.7,2999,99970,2,1
49986,83,823.7,251.8,2999,99972,2,1
49987,83,823.5,251.8,2999,99974,2,1
49988,83,823.4,251.8,3000,99976,2,1
49989,83,823.5,251.7,3000,99978,2,1
49990,83,824.4,251.5,3000,99980,2,1
49991,83,826.1,251.1,3000,99982,2,1
49992,83,828.7,250.2,3000,99984,2,1
49993,83,832.3,248.5,3000,99986,2,1
49994,83,837.4,246.3,3000,99988,2,1
49995,83,843.1,243.9,3000,99990,2,1
49996,83,848.9,239.4,3000,99992,2,1
49997,83,854.1,233.8,3000,99994,2,1
49998,83,858.5,228.3,3000,99996,2,1
49999,83,861.9,223.3,3000,99998,2,1
50000,83,864.5,219.1,3000,100000,2,1
50001,83,865.5,215.3,3000,100002,2,1
50002,83,865.8,211.8,3000,100004,2,1
50003,83,865.7,210.6,3000,100006,2,1
50004,83,865.4,210.7,3000,100008,2,1
50005,83,864.8,211.1,3001,100010,2,1
50006,83,864.1,211.5,3001,100012,2,1
50007,83,863.6,212,3001,100014,2,1
50008,83,863,212.4,3001,100016,2,1
50009,83,862.5,212.7,3001,100018,2,1
50010,83,862.1,213.2,3001,100020,2,1
50011,83,862.1,213.5,3001,100022,2,1
50012,83,862.4,213.7,3001,100024,2,1
50013,83,862.9,213.7,3001,100026,2,1
50014,83,863.4,213.5,3001,100028,2,1
50015,83,864.1,212.9,3001,100030,2,1
50016,83,864.6,212.3,3001,100032,2,1
50017,83,865.1,211.7,3001,100034,2,1
50018,83,865.3,211.1,3001,100036,2,1
50019,83,865.6,210.4,3001,100038,2,1
50020,83,865.6,209.9,3001,100040,2,1
50021,83,865.7,209.2,3002,100042,2,1
50022,83,865.8,208.7,3002,100044,2,1
50023,83,865.9,208.3,3002,100046,2,1
50024,83,865.9,207.9,3002,100048,2,1
50025,83,866,207.6,3002,100050,2,1
50026,83,865.7,207.8,3002,100052,2,1
50027,83,865.3,208.2,3002,100054,2,1
50028,83,865,209,3002,100056,2,1
50029,83,865,209.7,3002,100058,2,1
50030,83,865,210.4,3002,100060,2,1
50031,83,865.1,211,3002,100062,2,1
50032,83,865.3,211.3,3002,100064,2,1
50033,83,866.2,211.3,3002,100066,2,1
50034,83,867,211.1,3002,100068,2,1
50035,83,867.9,211,3002,100070,2,1
50036,83,868.4,210.9,3002,100072,2,1
50037,83,868.7,210.9,3002,100074,2,1
50038,83,869,210.8,3003,100076,2,1
50039,83,869.2,210.8,3003,100078,2,1
50040,83,869.2,210.7,3003,100080,2,1
50041,83,869.3,210.5,3003,100082,2,1
50042,83,869.5,210.4,3003,100084,2,1
50043,83,869.7,210.2,3003,100086,2,1
50044,83,870.1,209.8,3003,100088,2,1
50045,83,870.5,209.4,3003,100090,2,1
50046,83,871,208.3,3003,100092,2,1
50047,83,871.5,207.3,3003,100094,2,1
50048,83,871.8,206.7,3003,100096,2,1
50049,83,871.9,206.5,3003,100098,2,1
50050,83,871.9,206.5,3003,100100,2,1
50051,83,872,206.5,3003,100102,2,1
50052,83,872,206.6,3003,100104,2,1
50053,83,872,207.2,3003,100106,2,1
50054,83,872,207.7,3003,100108,2,1
50055,83,872,208.1,3004,100110,2,1
50056,83,872.1,208.2,3004,100112,2,1
50057,83,872.2,208.2,3004,100114,2,1
50058,83,872.4,208.1,3004,100116,2,1
50059,83,872.6,207.9,3004,100118,2,1
50060,83,872.7,207.7,3004,100120,2,1
50061,83,872.8,207.3,3004,100122,2,1
50062,83,872.9,206.8,3004,100124,2,1
50063,83,872.9,206.5,3004,100126,2,1
50064,83,873,206.2,3004,100128,2,1
50065,83,873,206.1,3004,100130,2,1
50066,83,873,206,3004,100132,2,1
50067,83,872.8,206,3004,100134,2,1
50068,83,872.7,206.2,3004,100136,2,1
50069,83,872.6,206.4,3004,100138,2,1
50070,83,872.5,206.8,3004,100140,2,1
50071,83,872.4,207.1,3005,100142,2,1
50072,83,872.4,207.2,3005,100144,2,1
50073,83,872.5,207.1,3005,100146,2,1
50074,83,872.9,206.8,3005,100148,2,1
50075,83,873.2,206.7,3005,100150,2,1
50076,83,873.5,206.6,3005,100152,2,1
50077,83,873.7,206.4,3005,100154,2,1
50078,83,873.8,206.3,3005,100156,2,1
50079,83,873.9,206.1,3005,100158,2,1
50080,83,874.1,206,3005,100160,2,1
50081,83,874.2,206,3005,100162,2,1
50082,83,874.2,206,3005,100164,2,1
50083,83,874.3,205.9,3005,100166,2,1
50084,83,874.4,205.8,3005,100168,2,1
50085,83,874.6,205.6,3005,100170,2,1
50086,83,874.8,205.4,3005,100172,2,1
50087,83,874.9,205.5,3005,100174,2,1
50088,83,874.9,205.5,3006,100176,2,1
50089,83,874.8,205.6,3006,100178,2,1
50090,83,874.8,205.6,3006,100180,2,1
50091,83,874.5,205.5,3006,100182,2,1
50092,83,874.3,205.3,3006,100184,2,1
50093,83,874.1,205.2,3006,100186,2,1
50094,83,873.8,205,3006,100188,2,1
50095,83,873.7,204.9,3006,100190,2,1
50096,83,873.8,204.5,3006,100192,2,1
50097,83,874.2,203.9,3006,100194,2,1
50098,83,874.9,202.6,3006,100196,2,1
50099,83,875.5,201.1,3006,100198,2,1
50100,83,876.3,198.7,3006,100200,2,1
50101,83,877.1,196.1,3006,100202,2,1
50102,83,877.9,193.6,3006,100204,2,1
50103,83,879.2,191.3,3006,100206,2,1
50104,83,880.1,189.6,3006,100208,2,1
50105,83,880.9,188.8,3007,100210,2,1
50106,83,881.6,188.3,3007,100212,2,1
50107,83,882.3,188.7,3007,100214,2,1
50108,83,882.8,189.3,3007,100216,2,1
50109,83,883.3,189.7,3007,100218,2,1
50110,83,883.1,189.9,3007,100220,2,1
50111,83,882.9,189.9,3007,100222,2,1
50112,83,882.7,189.8,3007,100224,2,1
50113,83,882.5,189.7,3007,100226,2,1
50114,83,882.3,189.6,3007,100228,2,1
50115,83,882.2,189.7,3007,100230,2,1
50116,83,882.1,189.9,3007,100232,2,1
50117,83,882.1,190.1,3007,100234,2,1
50118,83,882.4,190.2,3007,100236,2,1
50119,83,882.8,190.2,3007,100238,2,1
50120,83,883.2,190,3007,100240,2,1
50121,83,883.7,189.8,3008,100242,2,1
50122,83,883.5,189.4,3008,100244,2,1
50123,83,883.4,189,3008,100246,2,1
50124,83,883.3,188.9,3008,100248,2,1
50125,83,883.4,189,3008,100250,2,1
50126,83,883.4,189.1,3008,100252,2,1
50127,83,883.4,189.4,3008,100254,2,1
50128,83,883,189.6,3008,100256,2,1
50129,83,883.2,189.7,3008,100258,2,1
50130,83,883.4,189.8,3008,100260,2,1
50131,83,883.3,189.7,3008,100262,2,1
50132,83,882.7,189.9,3008,100264,2,1
50133,83,882.2,190.2,3008,100266,2,1
50134,83,881.8,190.2,3008,100268,2,1
50135,83,881.8,190.2,3008,100270,2,1
50136,83,881.8,190.1,3008,100272,2,1
50137,83,881.9,190.1,3008,100274,2,1
50138,83,882,190,3009,100276,2,1
50139,83,882.1,189.9,3009,100278,2,1
50140,83,882.2,189.5,3009,100280,2,1
50141,83,882.1,189.3,3009,100282,2,1
50142,83,881.9,189.3,3009,100284,2,1
50143,83,881.5,189.6,3009,100286,2,1
50144,83,881,190,3009,100288,2,1
50145,83,880.7,190.3,3009,100290,2,1
50146,83,880.5,190.8,3009,100292,2,1
50147,83,880.4,191.2,3009,100294,2,1
50148,83,880.4,191.6,3009,100296,2,1
50149,83,880.5,191.9,3009,100298,2,1
50150,83,880.5,191.9,3009,100300,2,1
50151,83,880.5,191.7,3009,100302,2,1
50152,83,880.4,191.7,3009,100304,2,1
50153,83,880.2,191.6,3009,100306,2,1
50154,83,880,191.7,3009,100308,2,1
50155,83,879.9,191.8,3010,100310,2,1
50156,83,880.3,192.1,3010,100312,2,1
50157,83,880.8,192.4,3010,100314,2,1
50158,83,881.3,192.7,3010,100316,2,1
50159,83,881.7,192.9,3010,100318,2,1
50160,83,882.3,192.8,3010,100320,2,1
50161,83,882.7,192.6,3010,100322,2,1
50162,83,882.9,192.1,3010,100324,2,1
50163,83,882.5,191.6,3010,100326,2,1
50164,83,882.1,190.6,3010,100328,2,1
50165,83,881.9,189.6,3010,100330,2,1
50166,83,881.6,188.7,3010,100332,2,1
50167,83,881.3,188.5,3010,100334,2,1
50168,83,881,188.3,3010,100336,2,1
50169,83,880.5,188.2,3010,100338,2,1
50170,83,880.4,188.3,3010,100340,2,1
50171,83,880.4,188.7,3011,100342,2,1
50172,83,880.5,189.1,3011,100344,2,1
50173,83,880.5,189.4,3011,100346,2,1
50174,83,880.5,189.4,3011,100348,2,1
50175,83,880.6,189.4,3011,100350,2,1
50176,83,880.5,189.4,3011,100352,2,1
50177,83,880.3,189.2,3011,100354,2,1
50178,83,879.9,189.1,3011,100356,2,1
50179,83,879.5,189.1,3011,100358,2,1
50180,83,879.1,188.8,3011,100360,2,1
50181,83,878.8,188,3011,100362,2,1
50182,83,879.1,187.3,3011,100364,2,1
50183,83,879.8,186.8,3011,100366,2,1
50184,83,880.5,186.5,3011,100368,2,1
50185,83,881.1,186.1,3011,100370,2,1
50186,83,881.7,185.9,3011,100372,2,1
50187,83,882.4,185.9,3011,100374,2,1
50188,83,883,186.3,3012,100376,2,1
50189,83,882.9,186.7,3012,100378,2,1
50190,83,882.7,187.1,3012,100380,2,1
50191,83,882.6,187.4,3012,100382,2,1
50192,83,882.5,187.5,3012,100384,2,1
50193,83,882.7,187.6,3012,100386,2,1
50194,83,882.7,187.8,3012,100388,2,1
50195,83,882.8,188.2,3012,100390,2,1
50196,83,882.8,188.6,3012,100392,2,1
50197,83,883,189,3012,100394,2,1
50198,83,883,189.5,3012,100396,2,1
50199,83,882.9,190.1,3012,100398,2,1
50200,83,882.6,190.6,3012,100400,2,1
50201,83,882.3,191,3012,100402,2,1
50202,83,881.9,191.2,3012,100404,2,1
50203,83,881.7,191.5,3012,100406,2,1
50204,83,881.1,191.4,3012,100408,2,1
50205,83,880.6,191.3,3013,100410,2,1
50206,83,880.1,191.1,3013,100412,2,1
50207,83,879.6,190.9,3013,100414,2,1
50208,83,879.3,190.6,3013,100416,2,1
50209,83,879,190.4,3013,100418,2,1
50210,83,879.2,190.3,3013,100420,2,1
50211,83,879.7,190.4,3013,100422,2,1
50212,83,880.1,190.6,3013,100424,2,1
50213,83,880.6,190.8,3013,100426,2,1
50214,83,881,191.1,3013,100428,2,1
50215,83,881.3,191.3,3013,100430,2,1
50216,83,881.6,191.6,3013,100432,2,1
50217,83,881.4,191.8,3013,100434,2,1
50218,83,881.1,191.9,3013,100436,2,1
50219,83,880.8,192,3013,100438,2,1
50220,83,880.5,192.1,3013,100440,2,1
50221,83,880.2,192.3,3014,100442,2,1
50222,83,880,192.5,3014,100444,2,1
50223,83,879.8,192.7,3014,100446,2,1
50224,83,878.9,192.9,3014,100448,2,1
50225,83,878,193.1,3014,100450,2,1
50226,83,877.3,193.1,3014,100452,2,1
50227,83,876.9,193.1,3014,100454,2,1
50228,83,877,192.9,3014,100456,2,1
50229,83,877.3,192.7,3014,100458,2,1
50230,83,877.5,192.6,3014,100460,2,1
50231,83,878.5,192.3,3014,100462,2,1
50232,83,879.6,191.8,3014,100464,2,1
50233,83,880.4,191.3,3014,100466,2,1
50234,83,881,190.9,3014,100468,2,1
50235,83,881.1,190.4,3014,100470,2,1
50236,83,881.1,190,3014,100472,2,1
50237,83,881.1,189.6,3014,100474,2,1
50238,83,881.2,189.3,3015,100476,2,1
50239,83,881.1,189.5,3015,100478,2,1
50240,83,881.1,189.9,3015,100480,2,1
50241,83,881.1,190.4,3015,100482,2,1
50242,83,881,191,3015,100484,2,1
50243,83,880.9,191.5,3015,100486,2,1
50244,83,880.7,191.9,3015,100488,2,1
50245,83,880.6,191.7,3015,100490,2,1
50246,83,880.5,191.2,3015,100492,2,1
50247,83,880.5,190.8,3015,100494,2,1
50248,83,880.5,190.3,3015,100496,2,1
50249,83,880.5,189.8,3015,100498,2,1
50250,83,880.6,189.4,3015,100500,2,1
50251,83,880.9,188.9,3015,100502,2,1
50252,83,881.2,188.8,3015,100504,2,1
50253,83,881.4,188.6,3015,100506,2,1
50254,83,881.7,188.3,3015,100508,2,1
50255,83,882.1,188.2,3016,100510,2,1
50256,83,882.5,187.9,3016,100512,2,1
50257,83,882.8,188.2,3016,100514,2,1
50258,83,883.1,188.6,3016,100516,2,1
50259,83,883.4,189.4,3016,100518,2,1
50260,83,883.5,190.1,3016,100520,2,1
50261,83,883.6,191.3,3016,100522,2,1
50262,83,883.6,192.3,3016,100524,2,1
50263,83,883.6,193.3,3016,100526,2,1
50264,83,883.6,193.5,3016,100528,2,1
50265,83,883.5,193.1,3016,100530,2,1
50266,83,883.4,192.6,3016,100532,2,1
50267,83,883.3,192,3016,100534,2,1
50268,83,883.4,191.1,3016,100536,2,1
50269,83,883.2,190.3,3016,100538,2,1
50270,83,882.9,189.6,3016,100540,2,1
50271,83,882.8,189.3,3017,100542,2,1
50272,83,882.7,189.5,3017,100544,2,1
50273,83,882.5,189.8,3017,100546,2,1
50274,83,882.5,190.2,3017,100548,2,1
50275,83,882.5,190.7,3017,100550,2,1
50276,83,882.8,191.2,3017,100552,2,1
50277,83,883.1,191.5,3017,100554,2,1
50278,83,883.2,191.9,3017,100556,2,1
50279,83,883.3,192.2,3017,100558,2,1
50280,83,883.3,192.5,3017,100560,2,1
50281,83,883.3,192.7,3017,100562,2,1
50282,83,883.2,192.2,3017,100564,2,1
50283,83,883,191.7,3017,100566,2,1
50284,83,882.8,191.3,3017,100568,2,1
50285,83,882.7,190.9,3017,100570,2,1
50286,83,882.5,190.7,3017,100572,2,1
50287,83,882.2,190.6,3017,100574,2,1
50288,83,882,190.5,3018,100576,2,1
50289,83,881.9,190.7,3018,100578,2,1
50290,83,881.8,191,3018,100580,2,1
50291,83,881.7,191.1,3018,100582,2,1
50292,83,881.8,191,3018,100584,2,1
50293,83,882,191,3018,100586,2,1
50294,83,882.3,190.9,3018,100588,2,1
50295,83,882.7,190.8,3018,100590,2,1
50296,83,883.9,190.8,3018,100592,2,1
50297,83,885.1,190.9,3018,100594,2,1
50298,83,886.1,191.1,3018,100596,2,1
50299,83,886.8,191.6,3018,100598,2,1
50300,83,887.3,192.1,3018,100600,2,1
50301,83,887.4,192.6,3018,100602,2,1
50302,83,887.5,193.2,3018,100604,2,1
50303,83,886.7,193.9,3018,100606,2,1
50304,83,885.9,194.6,3018,100608,2,1
50305,83,885.3,195.4,3019,100610,2,1
50306,83,885,195.6,3019,100612,2,1
50307,83,884.9,195.7,3019,100614,2,1
50308,83,884.9,196,3019,100616,2,1
50309,83,885.1,195.8,3019,100618,2,1
50310,83,885.2,195.7,3019,100620,2,1
50311,83,885.4,195.4,3019,100622,2,1
50312,83,885.4,194.6,3019,100624,2,1
50313,83,885.4,194.1,3019,100626,2,1
50314,83,885.4,193.6,3019,100628,2,1
50315,83,885.5,193.2,3019,100630,2,1
50316,83,885.5,193.3,3019,100632,2,1
50317,83,885.6,193.6,3019,100634,2,1
50318,83,885.6,193.9,3019,100636,2,1
50319,83,885.6,194.6,3019,100638,2,1
50320,83,885.7,195.1,3019,100640,2,1
50321,83,885.7,195.7,3020,100642,2,1
50322,83,885.4,196,3020,100644,2,1
50323,83,884.9,195.4,3020,100646,2,1
50324,83,884.5,194.7,3020,100648,2,1
50325,83,884.4,194,3020,100650,2,1
50326,83,884.7,193.3,3020,100652,2,1
50327,83,884.9,192.7,3020,100654,2,1
50328,83,885.1,192.4,3020,100656,2,1
50329,83,885.2,192.5,3020,100658,2,1
50330,83,885.2,193.2,3020,100660,2,1
50331,83,884.6,194.1,3020,100662,2,1
50332,83,883.6,195,3020,100664,2,1
50333,83,880.6,195.8,3020,100666,2,1
50334,83,877.3,196.5,3020,100668,2,1
50335,83,874,197.2,3020,100670,2,1
50336,83,870.9,197.3,3020,100672,2,1
50337,83,867.3,197.4,3020,100674,2,1
50338,83,864.1,197.1,3021,100676,2,1
50339,83,860.9,196.8,3021,100678,2,1
50340,83,859.2,196.6,3021,100680,2,1
50341,83,857.6,196.9,3021,100682,2,1
50342,83,856.1,197.1,3021,100684,2,1
50343,83,854.6,197.4,3021,100686,2,1
50344,83,854.2,197.4,3021,100688,2,1
50345,83,854,197.4,3021,100690,2,1
50346,83,853.8,199.5,3021,100692,2,1
50347,83,853.4,201.7,3021,100694,2,1
50348,83,852.8,204.2,3021,100696,2,1
50349,83,851.7,207.2,3021,100698,2,1
50350,83,850.5,210.5,3021,100700,2,1
50351,83,847.3,214.4,3021,100702,2,1
50352,83,842.3,218.5,3021,100704,2,1
50353,83,836.7,219.4,3021,100706,2,1
50354,83,828.4,213.9,3021,100708,2,1
50355,83,820.2,208.4,3022,100710,2,1
50356,83,812.8,202,3022,100712,2,1
50357,83,807.5,198.7,3022,100714,2,1
50358,83,802.6,193.8,3022,100716,2,1
50359,83,798.4,186.2,3022,100718,2,1
50360,83,793.5,176.1,3022,100720,2,1
50361,83,793.5,176.1,3022,100722,2,1
50362,83,793.5,176.1,3022,100724,2,1
50363,83,-9999,-9999,3022,100726,2,1
50364,83,-9999,-9999,3022,100728,2,1
50365,83,-9999,-9999,3022,100730,2,1
50366,83,-9999,-9999,3022,100732,2,1
50367,83,-9999,-9999,3022,100734,2,1
50368,83,-9999,-9999,3022,100736,2,1
50369,83,-9999,-9999,3022,100738,2,1
50370,83,-9999,-9999,3022,100740,2,1
50371,83,-9999,-9999,3023,100742,2,1
50372,83,-9999,-9999,3023,100744,2,1
50373,83,-9999,-9999,3023,100746,2,1
50374,83,-9999,-9999,3023,100748,2,1
50375,83,-9999,-9999,3023,100750,2,1
50376,83,-9999,-9999,3023,100752,2,1
50377,83,-9999,-9999,3023,100754,2,1
50378,83,-9999,-9999,3023,100756,2,1
50379,83,-9999,-9999,3023,100758,2,1
50380,83,-9999,-9999,3023,100760,2,1
50381,83,-9999,-9999,3023,100762,2,1
50382,83,-9999,-9999,3023,100764,2,1
50383,83,-9999,-9999,3023,100766,2,1
50384,83,-9999,-9999,3023,100768,2,1
50385,83,-9999,-9999,3023,100770,2,1
50386,83,-9999,-9999,3023,100772,2,1
50387,83,-9999,-9999,3023,100774,2,1
50388,83,-9999,-9999,3024,100776,2,1
50389,83,-9999,-9999,3024,100778,2,1
50390,83,-9999,-9999,3024,100780,2,1
50391,83,-9999,-9999,3024,100782,2,1
50392,83,-9999,-9999,3024,100784,2,1
50393,83,-9999,-9999,3024,100786,2,1
50394,83,-9999,-9999,3024,100788,2,1
50395,83,-9999,-9999,3024,100790,2,1
50396,83,-9999,-9999,3024,100792,2,1
50397,83,-9999,-9999,3024,100794,2,1
50398,83,-9999,-9999,3024,100796,2,1
50399,83,-9999,-9999,3024,100798,2,1
50400,83,-9999,-9999,3024,100800,2,1
50401,83,-9999,-9999,3024,100802,2,1
50402,83,-9999,-9999,3024,100804,2,1
50403,83,-9999,-9999,3024,100806,2,1
50404,83,-9999,-9999,3024,100808,2,1
50405,83,-9999,-9999,3025,100810,2,1
50406,83,-9999,-9999,3025,100812,2,1
50407,83,-9999,-9999,3025,100814,2,1
50408,83,-9999,-9999,3025,100816,2,1
50409,83,-9999,-9999,3025,100818,2,1
50410,83,-9999,-9999,3025,100820,2,1
50411,83,-9999,-9999,3025,100822,2,1
50412,83,-9999,-9999,3025,100824,2,1
50413,83,-9999,-9999,3025,100826,2,1
50414,83,-9999,-9999,3025,100828,2,1
50415,83,-9999,-9999,3025,100830,2,1
50416,83,-9999,-9999,3025,100832,2,1
50417,83,-9999,-9999,3025,100834,2,1
50418,83,-9999,-9999,3025,100836,2,1
50419,83,-9999,-9999,3025,100838,2,1
50420,83,-9999,-9999,3025,100840,2,1
50421,83,-9999,-9999,3026,100842,2,1
50422,83,-9999,-9999,3026,100844,2,1
50423,83,-9999,-9999,3026,100846,2,1
50424,83,-9999,-9999,3026,100848,2,1
50425,83,-9999,-9999,3026,100850,2,1
50426,83,-9999,-9999,3026,100852,2,1
50427,83,-9999,-9999,3026,100854,2,1
50428,83,-9999,-9999,3026,100856,2,1
50429,83,-9999,-9999,3026,100858,2,1
50430,83,-9999,-9999,3026,100860,2,1
50431,83,-9999,-9999,3026,100862,2,1
50432,83,-9999,-9999,3026,100864,2,1
50433,83,-9999,-9999,3026,100866,2,1
50434,83,-9999,-9999,3026,100868,2,1
50435,83,-9999,-9999,3026,100870,2,1
50436,83,-9999,-9999,3026,100872,2,1
50437,83,-9999,-9999,3026,100874,2,1
50438,83,-9999,-9999,3027,100876,2,1
50439,83,-9999,-9999,3027,100878,2,1
50440,83,-9999,-9999,3027,100880,2,1
50441,83,-9999,-9999,3027,100882,2,1
50442,83,-9999,-9999,3027,100884,2,1
50443,83,-9999,-9999,3027,100886,2,1
50444,83,-9999,-9999,3027,100888,2,1
50445,83,-9999,-9999,3027,100890,2,1
50446,83,-9999,-9999,3027,100892,2,1
50447,83,-9999,-9999,3027,100894,2,1
50448,83,-9999,-9999,3027,100896,2,1
50449,83,-9999,-9999,3027,100898,2,1
50450,83,-9999,-9999,3027,100900,2,1
50451,83,-9999,-9999,3027,100902,2,1
50452,83,-9999,-9999,3027,100904,2,1
50453,83,-9999,-9999,3027,100906,2,1
50454,83,-9999,-9999,3027,100908,2,1
50455,83,-9999,-9999,3028,100910,2,1
50456,83,-9999,-9999,3028,100912,2,1
50457,83,-9999,-9999,3028,100914,2,1
50458,83,-9999,-9999,3028,100916,2,1
50459,83,-9999,-9999,3028,100918,2,1
50460,83,-9999,-9999,3028,100920,2,1
50461,83,-9999,-9999,3028,100922,2,1
50462,83,-9999,-9999,3028,100924,2,1
50463,83,-9999,-9999,3028,100926,2,1
50464,83,-9999,-9999,3028,100928,2,1
50465,83,-9999,-9999,3028,100930,2,1
50466,83,-9999,-9999,3028,100932,2,1
50467,83,-9999,-9999,3028,100934,2,1
50468,83,-9999,-9999,3028,100936,2,1
50469,83,-9999,-9999,3028,100938,2,1
50470,83,-9999,-9999,3028,100940,2,1
50471,83,-9999,-9999,3029,100942,2,1
50472,83,-9999,-9999,3029,100944,2,1
50473,83,-9999,-9999,3029,100946,2,1
50474,83,-9999,-9999,3029,100948,2,1
50475,83,-9999,-9999,3029,100950,2,1
50476,83,-9999,-9999,3029,100952,2,1
50477,83,-9999,-9999,3029,100954,2,1
50478,83,-9999,-9999,3029,100956,2,1
50479,83,-9999,-9999,3029,100958,2,1
50480,83,-9999,-9999,3029,100960,2,1
50481,83,-9999,-9999,3029,100962,2,1
50482,83,-9999,-9999,3029,100964,2,1
50483,83,-9999,-9999,3029,100966,2,1
50484,83,-9999,-9999,3029,100968,2,1
50485,83,-9999,-9999,3029,100970,2,1
50486,83,-9999,-9999,3029,100972,2,1
50487,83,-9999,-9999,3029,100974,2,1
50488,83,-9999,-9999,3030,100976,2,1
50489,83,-9999,-9999,3030,100978,2,1
50490,83,-9999,-9999,3030,100980,2,1
50491,83,-9999,-9999,3030,100982,2,1
50492,83,-9999,-9999,3030,100984,2,1
50493,83,-9999,-9999,3030,100986,2,1
50494,83,-9999,-9999,3030,100988,2,1
50495,83,-9999,-9999,3030,100990,2,1
50496,83,-9999,-9999,3030,100992,2,1
50497,83,-9999,-9999,3030,100994,2,1
50498,83,-9999,-9999,3030,100996,2,1
50499,83,-9999,-9999,3030,100998,2,1
50500,83,-9999,-9999,3030,101000,2,1
50501,83,-9999,-9999,3030,101002,2,1
50502,83,-9999,-9999,3030,101004,2,1
50503,83,-9999,-9999,3030,101006,2,1
50504,83,-9999,-9999,3030,101008,2,1
50505,83,-9999,-9999,3031,101010,2,1
50506,83,-9999,-9999,3031,101012,2,1
50507,83,457.6,-9999,3031,101014,2,1
50508,83,457.6,-9999,3031,101016,2,1
50509,83,457.7,-9999,3031,101018,2,1
50510,83,457.8,-9999,3031,101020,2,1
50511,83,457.8,-9999,3031,101022,2,1
50512,83,457.9,-9999,3031,101024,2,1
50513,83,457.9,-9999,3031,101026,2,1
50514,83,458,-9999,3031,101028,2,1
50515,83,458,-9999,3031,101030,2,1
50516,83,458.1,-9999,3031,101032,2,1
50517,83,458.3,-9999,3031,101034,2,1
50518,83,634.7,3.9,3031,101036,2,1
50519,83,843.9,227.3,3031,101038,2,1
50520,83,843.7,227.7,3031,101040,2,1
50521,83,843.6,228.1,3032,101042,2,1
50522,83,842.4,228.7,3032,101044,2,1
50523,83,841.6,229,3032,101046,2,1
50524,83,841.1,229.3,3032,101048,2,1
50525,83,841.5,229.2,3032,101050,2,1
50526,83,841.9,229,3032,101052,2,1
50527,83,842.4,228.9,3032,101054,2,1
50528,83,842.9,228.6,3032,101056,2,1
50529,83,844.6,228.3,3032,101058,2,1
50530,83,846.3,228.1,3032,101060,2,1
50531,83,848,228,3032,101062,2,1
50532,83,848.4,228.2,3032,101064,2,1
50533,83,848.8,228.5,3032,101066,2,1
50534,83,849.2,228.8,3032,101068,2,1
50535,83,849.5,229,3032,101070,2,1
50536,83,849.2,229.9,3032,101072,2,1
50537,83,848.8,230.9,3032,101074,2,1
50538,83,848.4,231.6,3033,101076,2,1
50539,83,848.1,232.3,3033,101078,2,1
50540,83,847.8,233.2,3033,101080,2,1
50541,83,847.6,233.9,3033,101082,2,1
50542,83,847.4,234.5,3033,101084,2,1
50543,83,847.5,234.5,3033,101086,2,1
50544,83,847.7,234.4,3033,101088,2,1
50545,83,847.9,234.3,3033,101090,2,1
50546,83,848.1,234,3033,101092,2,1
50547,83,848,233.9,3033,101094,2,1
50548,83,847.8,233.9,3033,101096,2,1
50549,83,847.6,233.8,3033,101098,2,1
50550,83,847.3,233.9,3033,101100,2,1
50551,83,846.9,234,3033,101102,2,1
50552,83,846.1,234.1,3033,101104,2,1
50553,83,845.4,234.1,3033,101106,2,1
50554,83,844.9,234.1,3033,101108,2,1
50555,83,844.3,234,3034,101110,2,1
50556,83,843.8,234.1,3034,101112,2,1
50557,83,843.3,234.2,3034,101114,2,1
50558,83,842.9,234.2,3034,101116,2,1
50559,83,843,234.3,3034,101118,2,1
50560,83,843.2,234.6,3034,101120,2,1
50561,83,843.5,234.9,3034,101122,2,1
50562,83,844.1,234.9,3034,101124,2,1
50563,83,844.6,234.9,3034,101126,2,1
50564,83,844.9,235.1,3034,101128,2,1
50565,83,845.1,235.2,3034,101130,2,1
50566,83,845.3,235.3,3034,101132,2,1
50567,83,845.3,235.1,3034,101134,2,1
50568,83,845.2,234.4,3034,101136,2,1
50569,83,845,233.7,3034,101138,2,1
50570,83,845,232.9,3034,101140,2,1
50571,83,845.5,232,3035,101142,2,1
50572,83,846,231.4,3035,101144,2,1
50573,83,846.6,231,3035,101146,2,1
50574,83,847.1,230.8,3035,101148,2,1
50575,83,847.6,231.5,3035,101150,2,1
50576,83,847.9,232.2,3035,101152,2,1
50577,83,848.2,232.7,3035,101154,2,1
50578,83,848,233.3,3035,101156,2,1
50579,83,847.7,233.8,3035,101158,2,1
50580,83,847.3,234.1,3035,101160,2,1
50581,83,847,234.1,3035,101162,2,1
50582,83,846.8,233.9,3035,101164,2,1
50583,83,846.7,233.7,3035,101166,2,1
50584,83,846.5,233.6,3035,101168,2,1
50585,83,846.5,233.7,3035,101170,2,1
50586,83,846.5,234.1,3035,101172,2,1
50587,83,846.3,234.3,3035,101174,2,1
50588,83,846.3,234.4,3036,101176,2,1
50589,83,846.1,234.8,3036,101178,2,1
50590,83,845.9,235.2,3036,101180,2,1
50591,83,845.8,235.5,3036,101182,2,1
50592,83,845.7,235.7,3036,101184,2,1
50593,83,845.5,235.6,3036,101186,2,1
50594,83,845.6,235.6,3036,101188,2,1
50595,83,845.6,235.5,3036,101190,2,1
50596,83,845.6,235.7,3036,101192,2,1
50597,83,845.5,236.1,3036,101194,2,1
50598,83,845.4,236.5,3036,101196,2,1
50599,83,845.2,237,3036,101198,2,1
50600,83,844.8,237.7,3036,101200,2,1
50601,83,844.4,238.3,3036,101202,2,1
50602,83,844,238.9,3036,101204,2,1
50603,83,843.6,239.1,3036,101206,2,1
50604,83,843.1,238.9,3036,101208,2,1
50605,83,842.7,238.5,3037,101210,2,1
50606,83,842.2,237.9,3037,101212,2,1
50607,83,842.1,237.1,3037,101214,2,1
50608,83,841.8,236.4,3037,101216,2,1
50609,83,841.8,235.7,3037,101218,2,1
50610,83,841.9,235.2,3037,101220,2,1
50611,83,842.5,235,3037,101222,2,1
50612,83,843.1,235.5,3037,101224,2,1
50613,83,843.7,235.9,3037,101226,2,1
50614,83,844.4,236.1,3037,101228,2,1
50615,83,845.1,236.4,3037,101230,2,1
50616,83,845.8,236.8,3037,101232,2,1
50617,83,846.3,237,3037,101234,2,1
50618,83,846.3,237.5,3037,101236,2,1
50619,83,846.1,237.3,3037,101238,2,1
50620,83,845.9,236.9,3037,101240,2,1
50621,83,845.7,236.6,3038,101242,2,1
50622,83,845.6,236.4,3038,101244,2,1
50623,83,845.5,236.2,3038,101246,2,1
50624,83,845.5,235.6,3038,101248,2,1
50625,83,845.6,235.2,3038,101250,2,1
50626,83,846.1,234.6,3038,101252,2,1
50627,83,846.6,234.1,3038,101254,2,1
50628,83,847.1,233.6,3038,101256,2,1
50629,83,847.3,233.3,3038,101258,2,1
50630,83,847.6,232.9,3038,101260,2,1
50631,83,848,232.6,3038,101262,2,1
50632,83,848.4,232.2,3038,101264,2,1
50633,83,848.6,232.2,3038,101266,2,1
50634,83,848.8,232.1,3038,101268,2,1
50635,83,848.4,232,3038,101270,2,1
50636,83,848.1,231.9,3038,101272,2,1
50637,83,847.9,231.6,3038,101274,2,1
50638,83,847.3,231.9,3039,101276,2,1
50639,83,846.6,232.1,3039,101278,2,1
50640,83,845.9,232.3,3039,101280,2,1
50641,83,845.3,232.2,3039,101282,2,1
50642,83,845.3,231.7,3039,101284,2,1
50643,83,845.2,231,3039,101286,2,1
50644,83,845,230.6,3039,101288,2,1
50645,83,844.9,229.8,3039,101290,2,1
50646,83,845.6,228.9,3039,101292,2,1
50647,83,846.4,228,3039,101294,2,1
50648,83,847.2,227.4,3039,101296,2,1
50649,83,847.9,227.5,3039,101298,2,1
50650,83,848.5,228,3039,101300,2,1
50651,83,849,228.7,3039,101302,2,1
50652,83,849.4,229,3039,101304,2,1
50653,83,849.3,229.2,3039,101306,2,1
50654,83,849.1,229.6,3039,101308,2,1
50655,83,848.8,230.1,3040,101310,2,1
50656,83,848.4,230.2,3040,101312,2,1
50657,83,848.1,230.2,3040,101314,2,1
50658,83,848,229.6,3040,101316,2,1
50659,83,848.3,228.7,3040,101318,2,1
50660,83,848.6,228.1,3040,101320,2,1
50661,83,848.8,227.6,3040,101322,2,1
50662,83,849.1,227.2,3040,101324,2,1
50663,83,849.4,226.8,3040,101326,2,1
50664,83,850,226.6,3040,101328,2,1
50665,83,850.7,226.5,3040,101330,2,1
50666,83,851.2,226.3,3040,101332,2,1
50667,83,851.7,226.2,3040,101334,2,1
50668,83,852.2,226,3040,101336,2,1
50669,83,852.6,225.8,3040,101338,2,1
50670,83,853.1,225.4,3040,101340,2,1
50671,83,853.4,225,3041,101342,2,1
50672,83,853.6,224.5,3041,101344,2,1
50673,83,853.8,223.8,3041,101346,2,1
50674,83,854,223.5,3041,101348,2,1
50675,83,854.2,223,3041,101350,2,1
50676,83,854.3,222.7,3041,101352,2,1
50677,83,854.5,222.5,3041,101354,2,1
50678,83,854.6,222.1,3041,101356,2,1
50679,83,854.8,221.8,3041,101358,2,1
50680,83,854.9,221.5,3041,101360,2,1
50681,83,855.1,221.6,3041,101362,2,1
50682,83,855.2,221.8,3041,101364,2,1
50683,83,855.5,222,3041,101366,2,1
50684,83,856,221.9,3041,101368,2,1
50685,83,856.9,221.7,3041,101370,2,1
50686,83,857.8,221.4,3041,101372,2,1
50687,83,858.8,221.2,3041,101374,2,1
50688,83,859.9,220.4,3042,101376,2,1
50689,83,861,219.3,3042,101378,2,1
50690,83,862.2,218.1,3042,101380,2,1
50691,83,863.1,216.9,3042,101382,2,1
50692,83,863.7,216.1,3042,101384,2,1
50693,83,864.2,215.5,3042,101386,2,1
50694,83,864.4,215.4,3042,101388,2,1
50695,83,864.5,215.6,3042,101390,2,1
50696,83,864.7,215.6,3042,101392,2,1
50697,83,864.6,215.9,3042,101394,2,1
50698,83,864.5,216.3,3042,101396,2,1
50699,83,864.5,216.5,3042,101398,2,1
50700,83,864.4,216.4,3042,101400,2,1
50701,83,864.3,216.2,3042,101402,2,1
50702,83,864.2,215.5,3042,101404,2,1
50703,83,864,214.8,3042,101406,2,1
50704,83,863.9,214,3042,101408,2,1
50705,83,863.6,213.4,3043,101410,2,1
50706,83,863.3,212.9,3043,101412,2,1
50707,83,863.1,212.3,3043,101414,2,1
50708,83,862.9,211.6,3043,101416,2,1
50709,83,862.7,211.8,3043,101418,2,1
50710,83,862.6,212.1,3043,101420,2,1
50711,83,862.7,212.3,3043,101422,2,1
50712,83,863,212.2,3043,101424,2,1
50713,83,863.3,212.2,3043,101426,2,1
50714,83,863.8,212.3,3043,101428,2,1
50715,83,864.4,212.4,3043,101430,2,1
50716,83,864.9,212.3,3043,101432,2,1
50717,83,866,212.9,3043,101434,2,1
50718,83,866.9,213.4,3043,101436,2,1
50719,83,867.7,213.8,3043,101438,2,1
50720,83,868.3,214.3,3043,101440,2,1
50721,83,868.4,214.7,3044,101442,2,1
50722,83,868.6,215,3044,101444,2,1
50723,83,868.7,215.3,3044,101446,2,1
50724,83,868.2,214.8,3044,101448,2,1
50725,83,867.7,214.1,3044,101450,2,1
50726,83,867.4,213.2,3044,101452,2,1
50727,83,867.2,212.3,3044,101454,2,1
50728,83,867.4,211.7,3044,101456,2,1
50729,83,867.5,211,3044,101458,2,1
50730,83,867.8,210.6,3044,101460,2,1
50731,83,868.1,210.6,3044,101462,2,1
50732,83,868.3,210.6,3044,101464,2,1
50733,83,868.8,210.5,3044,101466,2,1
50734,83,869.3,210.5,3044,101468,2,1
50735,83,869.8,210.4,3044,101470,2,1
50736,83,870.2,210.3,3044,101472,2,1
50737,83,870.7,210.2,3044,101474,2,1
50738,83,871.5,209.6,3045,101476,2,1
50739,83,872.1,209.2,3045,101478,2,1
50740,83,872.6,208.9,3045,101480,2,1
50741,83,873,208.5,3045,101482,2,1
50742,83,873.3,208.3,3045,101484,2,1
50743,83,873.3,208.4,3045,101486,2,1
50744,83,873.1,208.4,3045,101488,2,1
50745,83,872.8,208.6,3045,101490,2,1
50746,83,872.5,208.6,3045,101492,2,1
50747,83,872.3,208.8,3045,101494,2,1
50748,83,872.3,209,3045,101496,2,1
50749,83,872.3,209,3045,101498,2,1
50750,83,872.6,209.2,3045,101500,2,1
50751,83,872.9,209.3,3045,101502,2,1
50752,83,873,209.6,3045,101504,2,1
50753,83,873,209.8,3045,101506,2,1
50754,83,871.8,210,3045,101508,2,1
50755,83,870.5,210.9,3046,101510,2,1
50756,83,869.1,211.8,3046,101512,2,1
50757,83,867.9,212.4,3046,101514,2,1
50758,83,866.9,213.1,3046,101516,2,1
50759,83,866,213.7,3046,101518,2,1
50760,83,865.3,214.4,3046,101520,2,1
50761,83,865.7,214.8,3046,101522,2,1
50762,83,866.2,214.5,3046,101524,2,1
50763,83,866.4,214.3,3046,101526,2,1
50764,83,866.5,214,3046,101528,2,1
50765,83,866.4,213.7,3046,101530,2,1
50766,83,866.2,213.3,3046,101532,2,1
50767,83,866.1,213,3046,101534,2,1
50768,83,865.9,212.9,3046,101536,2,1
50769,83,865.7,213.1,3046,101538,2,1
50770,83,865.9,213.2,3046,101540,2,1
50771,83,866.1,213.5,3047,101542,2,1
50772,83,866.2,213.8,3047,101544,2,1
50773,83,866.3,214.3,3047,101546,2,1
50774,83,866.5,214.7,3047,101548,2,1
50775,83,866.8,214.9,3047,101550,2,1
50776,83,867.1,215,3047,101552,2,1
50777,83,867.3,214.9,3047,101554,2,1
50778,83,867.5,214.5,3047,101556,2,1
50779,83,867.7,214.2,3047,101558,2,1
50780,83,868,213.9,3047,101560,2,1
50781,83,868.1,213.8,3047,101562,2,1
50782,83,868.1,213.9,3047,101564,2,1
50783,83,868.2,214.4,3047,101566,2,1
50784,83,868.2,215,3047,101568,2,1
50785,83,868.3,215.7,3047,101570,2,1
50786,83,868.4,216.4,3047,101572,2,1
50787,83,868.5,216.9,3047,101574,2,1
50788,83,868.6,217.4,3048,101576,2,1
50789,83,868.7,217.6,3048,101578,2,1
50790,83,869,217.3,3048,101580,2,1
50791,83,869.2,216.9,3048,101582,2,1
50792,83,869.5,216.7,3048,101584,2,1
50793,83,869.7,217,3048,101586,2,1
50794,83,869.9,217.3,3048,101588,2,1
50795,83,870.1,217.9,3048,101590,2,1
50796,83,870.3,218.9,3048,101592,2,1
50797,83,870.4,220.1,3048,101594,2,1
50798,83,870.5,221.3,3048,101596,2,1
50799,83,869.8,222.6,3048,101598,2,1
50800,83,869,223.8,3048,101600,2,1
50801,83,868.3,224.7,3048,101602,2,1
50802,83,867.7,225.6,3048,101604,2,1
50803,83,867.1,225.9,3048,101606,2,1
50804,83,866.6,226.2,3049,101608,2,1
50805,83,866.1,226.5,3049,101610,2,1
50806,83,866.6,226.6,3049,101612,2,1
50807,83,867.5,226.4,3049,101614,2,1
50808,83,868.4,226.4,3049,101616,2,1
50809,83,869.2,226.5,3049,101618,2,1
50810,83,869.7,227.7,3049,101620,2,1
50811,83,870.3,228.6,3049,101622,2,1
50812,83,870.7,229.6,3049,101624,2,1
50813,83,870.9,230.6,3049,101626,2,1
50814,83,870.9,231.1,3049,101628,2,1
50815,83,870.7,231.7,3049,101630,2,1
50816,83,870.5,232.3,3049,101632,2,1
50817,83,870.4,231.8,3049,101634,2,1
50818,83,870.3,231.3,3049,101636,2,1
50819,83,870.3,230.8,3049,101638,2,1
50820,83,870.7,230.3,3049,101640,2,1
50821,83,871.1,230.1,3050,101642,2,1
50822,83,871.5,229.7,3050,101644,2,1
50823,83,872.1,229.4,3050,101646,2,1
50824,83,872.6,229.1,3050,101648,2,1
50825,83,873.1,228.7,3050,101650,2,1
50826,83,873.5,228.7,3050,101652,2,1
50827,83,873.6,228.8,3050,101654,2,1
50828,83,873.7,228.8,3050,101656,2,1
50829,83,873.7,229,3050,101658,2,1
50830,83,873.8,229.2,3050,101660,2,1
50831,83,873.9,229.1,3050,101662,2,1
50832,83,874.1,229.1,3050,101664,2,1
50833,83,874.5,229,3050,101666,2,1
50834,83,875,229.2,3050,101668,2,1
50835,83,875.4,229.4,3050,101670,2,1
50836,83,875.8,229.7,3050,101672,2,1
50837,83,875.7,230.2,3050,101674,2,1
50838,83,875.3,230.8,3051,101676,2,1
50839,83,875,231.2,3051,101678,2,1
50840,83,874.3,231.9,3051,101680,2,1
50841,83,873.5,232.3,3051,101682,2,1
50842,83,872.8,232.8,3051,101684,2,1
50843,83,872,233.4,3051,101686,2,1
50844,83,872,233.8,3051,101688,2,1
50845,83,872.1,234.1,3051,101690,2,1
50846,83,872.3,234.3,3051,101692,2,1
50847,83,872.4,234.3,3051,101694,2,1
50848,83,872.5,234.2,3051,101696,2,1
50849,83,872.7,234.1,3051,101698,2,1
50850,83,872.8,233.9,3051,101700,2,1
50851,83,872.7,233.9,3051,101702,2,1
50852,83,872.5,233.5,3051,101704,2,1
50853,83,872.3,233.4,3051,101706,2,1
50854,83,872,233.4,3052,101708,2,1
50855,83,871,233.7,3052,101710,2,1
50856,83,870,234.2,3052,101712,2,1
50857,83,869,234.7,3052,101714,2,1
50858,83,868.1,235.3,3052,101716,2,1
50859,83,867.3,235.8,3052,101718,2,1
50860,83,866.7,236.1,3052,101720,2,1
50861,83,866.3,235.8,3052,101722,2,1
50862,83,866.9,235.2,3052,101724,2,1
50863,83,868,234.4,3052,101726,2,1
50864,83,869.1,233.5,3052,101728,2,1
50865,83,870.2,232.5,3052,101730,2,1
50866,83,871.2,231.6,3052,101732,2,1
50867,83,872.2,230.7,3052,101734,2,1
50868,83,872.8,230.5,3052,101736,2,1
50869,83,873.1,230.2,3052,101738,2,1
50870,83,872.9,230.3,3052,101740,2,1
50871,83,872.7,230.6,3053,101742,2,1
50872,83,872.5,231.3,3053,101744,2,1
50873,83,872.1,232.1,3053,101746,2,1
50874,83,871.4,232.9,3053,101748,2,1
50875,83,870.7,233.8,3053,101750,2,1
50876,83,870.2,234.7,3053,101752,2,1
50877,83,869.7,235.2,3053,101754,2,1
50878,83,869.2,236.2,3053,101756,2,1
50879,83,868.8,236.6,3053,101758,2,1
50880,83,868.2,236.8,3053,101760,2,1
50881,83,868.1,237.1,3053,101762,2,1
50882,83,867.9,237.2,3053,101764,2,1
50883,83,867.7,237.2,3053,101766,2,1
50884,83,867.4,237.2,3053,101768,2,1
50885,83,867.1,236.8,3053,101770,2,1
50886,83,866.7,236.4,3053,101772,2,1
50887,83,866.5,236.2,3053,101774,2,1
50888,83,866.3,236.1,3054,101776,2,1
50889,83,866.2,236,3054,101778,2,1
50890,83,866.1,235.8,3054,101780,2,1
50891,83,866.2,235.7,3054,101782,2,1
50892,83,866.3,235.2,3054,101784,2,1
50893,83,866.6,234.7,3054,101786,2,1
50894,83,866.9,234.1,3054,101788,2,1
50895,83,867.2,233.5,3054,101790,2,1
50896,83,867.5,232.9,3054,101792,2,1
50897,83,867.7,232.4,3054,101794,2,1
50898,83,867.7,231.9,3054,101796,2,1
50899,83,868.1,231.8,3054,101798,2,1
50900,83,868.4,231.9,3054,101800,2,1
50901,83,868.7,232.1,3054,101802,2,1
50902,83,868.9,232.3,3054,101804,2,1
50903,83,869.1,232.5,3054,101806,2,1
50904,83,869.2,232.8,3054,101808,2,1
50905,83,869.4,232.9,3055,101810,2,1
50906,83,869.3,233.1,3055,101812,2,1
50907,83,869.3,233.2,3055,101814,2,1
50908,83,869.2,233.2,3055,101816,2,1
50909,83,869,233.3,3055,101818,2,1
50910,83,868.4,233.2,3055,101820,2,1
50911,83,867.8,233.2,3055,101822,2,1
50912,83,867.2,233.1,3055,101824,2,1
50913,83,866.8,233,3055,101826,2,1
50914,83,866.2,233,3055,101828,2,1
50915,83,865.8,232.9,3055,101830,2,1
50916,83,865.5,232.7,3055,101832,2,1
50917,83,865.7,232.6,3055,101834,2,1
50918,83,866,232.1,3055,101836,2,1
50919,83,866.3,231.3,3055,101838,2,1
50920,83,866.5,230.4,3055,101840,2,1
50921,83,866.7,229.4,3056,101842,2,1
50922,83,866.9,228.2,3056,101844,2,1
50923,83,867.1,227.1,3056,101846,2,1
50924,83,867.4,225.9,3056,101848,2,1
50925,83,867.6,224.9,3056,101850,2,1
50926,83,867.8,224.4,3056,101852,2,1
50927,83,867.9,224.2,3056,101854,2,1
50928,83,868,224,3056,101856,2,1
50929,83,868,224.2,3056,101858,2,1
50930,83,868,224.4,3056,101860,2,1
50931,83,868,224.6,3056,101862,2,1
50932,83,868,224.8,3056,101864,2,1
50933,83,868,225.1,3056,101866,2,1
50934,83,867.9,225.8,3056,101868,2,1
50935,83,867.9,226.6,3056,101870,2,1
50936,83,867.9,227.1,3056,101872,2,1
50937,83,867.7,227.6,3056,101874,2,1
50938,83,867.7,227.8,3057,101876,2,1
50939,83,867.6,227.8,3057,101878,2,1
50940,83,867.5,227.8,3057,101880,2,1
50941,83,867.2,227.1,3057,101882,2,1
50942,83,867,226.4,3057,101884,2,1
50943,83,866.9,225.8,3057,101886,2,1
50944,83,866.8,225.2,3057,101888,2,1
50945,83,866.5,225,3057,101890,2,1
50946,83,866.2,224.8,3057,101892,2,1
50947,83,865.7,224.8,3057,101894,2,1
50948,83,864.9,225,3057,101896,2,1
50949,83,864,225.2,3057,101898,2,1
50950,83,863.1,225.3,3057,101900,2,1
50951,83,862.3,225.5,3057,101902,2,1
50952,83,861.9,225.2,3057,101904,2,1
50953,83,861.8,224.9,3057,101906,2,1
50954,83,861.8,224.4,3058,101908,2,1
50955,83,862.5,223.8,3058,101910,2,1
50956,83,863.3,223.3,3058,101912,2,1
50957,83,864.1,222.9,3058,101914,2,1
50958,83,864.8,222.6,3058,101916,2,1
50959,83,865.3,223,3058,101918,2,1
50960,83,865.6,223.4,3058,101920,2,1
50961,83,866,223.8,3058,101922,2,1
50962,83,866.2,224.6,3058,101924,2,1
50963,83,866.3,225.4,3058,101926,2,1
50964,83,866.4,226.3,3058,101928,2,1
50965,83,866.4,227.3,3058,101930,2,1
50966,83,867.1,228,3058,101932,2,1
50967,83,867.8,228.5,3058,101934,2,1
50968,83,868.5,229,3058,101936,2,1
50969,83,869.1,229.3,3058,101938,2,1
50970,83,869.8,229.4,3058,101940,2,1
50971,83,869.8,229.4,3059,101942,2,1
50972,83,869.8,229.5,3059,101944,2,1
50973,83,869.1,229.5,3059,101946,2,1
50974,83,868.3,229.5,3059,101948,2,1
50975,83,867.5,229.7,3059,101950,2,1
50976,83,866.8,230.1,3059,101952,2,1
50977,83,866.1,230.4,3059,101954,2,1
50978,83,866,230.9,3059,101956,2,1
50979,83,865.8,231.4,3059,101958,2,1
50980,83,865.6,232.5,3059,101960,2,1
50981,83,865.5,233.3,3059,101962,2,1
50982,83,865.3,234.2,3059,101964,2,1
50983,83,865.1,234.7,3059,101966,2,1
50984,83,865,235,3059,101968,2,1
50985,83,865.1,235.1,3059,101970,2,1
50986,83,865.4,235.1,3059,101972,2,1
50987,83,865.8,234.6,3059,101974,2,1
50988,83,866.3,234.2,3060,101976,2,1
50989,83,866.7,233.7,3060,101978,2,1
50990,83,867.1,233.4,3060,101980,2,1
50991,83,867.4,233.2,3060,101982,2,1
50992,83,867.4,233.3,3060,101984,2,1
50993,83,867.3,233.4,3060,101986,2,1
50994,83,866.5,233.5,3060,101988,2,1
50995,83,865.6,233.7,3060,101990,2,1
50996,83,864.8,233.7,3060,101992,2,1
50997,83,863.9,233.7,3060,101994,2,1
50998,83,862.8,233.8,3060,101996,2,1
50999,83,861.9,233.8,3060,101998,2,1
51000,83,860.8,233.8,3060,102000,2,1
51001,83,860.4,233.9,3060,102002,2,1
51002,83,860,233.9,3060,102004,2,1
51003,83,859.6,234.3,3060,102006,2,1
51004,83,859.4,234.6,3060,102008,2,1
51005,83,859.4,235.1,3061,102010,2,1
51006,83,859.4,235.6,3061,102012,2,1
51007,83,859.6,236.1,3061,102014,2,1
51008,83,860,236.8,3061,102016,2,1
51009,83,860.4,237.4,3061,102018,2,1
51010,83,860.9,237.5,3061,102020,2,1
51011,83,861.3,237.3,3061,102022,2,1
51012,83,861.6,237.1,3061,102024,2,1
51013,83,861.7,236.8,3061,102026,2,1
51014,83,861.8,236.5,3061,102028,2,1
51015,83,861.3,236.3,3061,102030,2,1
51016,83,860.6,236.3,3061,102032,2,1
51017,83,859.9,236.4,3061,102034,2,1
51018,83,859.3,236.5,3061,102036,2,1
51019,83,859.1,236.4,3061,102038,2,1
51020,83,858.9,236.3,3061,102040,2,1
51021,83,858.7,236.3,3062,102042,2,1
51022,83,858.6,236.2,3062,102044,2,1
51023,83,858.8,236,3062,102046,2,1
51024,83,858.9,235.9,3062,102048,2,1
51025,83,858.2,236.3,3062,102050,2,1
51026,83,857.3,236.9,3062,102052,2,1
51027,83,856.5,237.6,3062,102054,2,1
51028,83,855.8,238.3,3062,102056,2,1
51029,83,855.4,239,3062,102058,2,1
51030,83,855.1,239.7,3062,102060,2,1
51031,83,854.9,240.2,3062,102062,2,1
51032,83,855.4,240.5,3062,102064,2,1
51033,83,855.8,241,3062,102066,2,1
51034,83,856,241.8,3062,102068,2,1
51035,83,855.8,242.8,3062,102070,2,1
51036,83,855.6,243.9,3062,102072,2,1
51037,83,855.3,244.8,3062,102074,2,1
51038,83,854.8,245.7,3063,102076,2,1
51039,83,854.3,246.6,3063,102078,2,1
51040,83,853.8,247.3,3063,102080,2,1
51041,83,853.6,247.5,3063,102082,2,1
51042,83,853.9,247.7,3063,102084,2,1
51043,83,854.1,247.8,3063,102086,2,1
51044,83,854.4,247.8,3063,102088,2,1
51045,83,854.7,247.5,3063,102090,2,1
51046,83,854.8,246.9,3063,102092,2,1
51047,83,854.9,246.3,3063,102094,2,1
51048,83,854.9,245.7,3063,102096,2,1
51049,83,854.6,245,3063,102098,2,1
51050,83,854.2,244.4,3063,102100,2,1
51051,83,853.7,244.6,3063,102102,2,1
51052,83,853.2,245,3063,102104,2,1
51053,83,852.9,246,3063,102106,2,1
51054,83,852.8,246.9,3063,102108,2,1
51055,83,852.8,248.4,3064,102110,2,1
51056,83,852.8,249.7,3064,102112,2,1
51057,83,852.8,251.2,3064,102114,2,1
51058,83,853,251.7,3064,102116,2,1
51059,83,853.2,252.1,3064,102118,2,1
51060,83,853.3,252.3,3064,102120,2,1
51061,83,853.3,252.4,3064,102122,2,1
51062,83,853.4,251.6,3064,102124,2,1
51063,83,853.6,250.7,3064,102126,2,1
51064,83,854,250,3064,102128,2,1
51065,83,854.4,249.4,3064,102130,2,1
51066,83,854.9,248.9,3064,102132,2,1
51067,83,855.4,248.5,3064,102134,2,1
51068,83,855.6,248.2,3064,102136,2,1
51069,83,855.3,248.4,3064,102138,2,1
51070,83,854.6,248.5,3064,102140,2,1
51071,83,853.8,248.6,3065,102142,2,1
51072,83,852.9,249,3065,102144,2,1
51073,83,851.7,249.6,3065,102146,2,1
51074,83,850.6,250.4,3065,102148,2,1
51075,83,849.7,251.1,3065,102150,2,1
51076,83,849.4,251.8,3065,102152,2,1
51077,83,849.3,251.9,3065,102154,2,1
51078,83,849.4,252,3065,102156,2,1
51079,83,849.9,251.5,3065,102158,2,1
51080,83,850.4,250.6,3065,102160,2,1
51081,83,850.9,249.8,3065,102162,2,1
51082,83,852.1,248.9,3065,102164,2,1
51083,83,853.3,247.9,3065,102166,2,1
51084,83,854.6,247.7,3065,102168,2,1
51085,83,855.8,247.6,3065,102170,2,1
51086,83,856.8,247.8,3065,102172,2,1
51087,83,857.7,248.1,3065,102174,2,1
51088,83,858.5,248.9,3066,102176,2,1
51089,83,858.5,249.6,3066,102178,2,1
51090,83,858.6,250.4,3066,102180,2,1
51091,83,858.3,251.1,3066,102182,2,1
51092,83,858,251.7,3066,102184,2,1
51093,83,857.7,252.1,3066,102186,2,1
51094,83,857.2,251.8,3066,102188,2,1
51095,83,856.4,251.2,3066,102190,2,1
51096,83,855.6,250.4,3066,102192,2,1
51097,83,855,249.5,3066,102194,2,1
51098,83,854.3,248.6,3066,102196,2,1
51099,83,853.8,247.8,3066,102198,2,1
51100,83,853.2,247.2,3066,102200,2,1
51101,83,852.9,247.2,3066,102202,2,1
51102,83,852.9,247.4,3066,102204,2,1
51103,83,852.9,247.7,3066,102206,2,1
51104,83,852.9,248,3067,102208,2,1
51105,83,852.9,248.3,3067,102210,2,1
51106,83,852.9,248.5,3067,102212,2,1
51107,83,852.8,248.7,3067,102214,2,1
51108,83,852.6,248.9,3067,102216,2,1
51109,83,852.4,248.9,3067,102218,2,1
51110,83,852.2,248.8,3067,102220,2,1
51111,83,852.2,248.6,3067,102222,2,1
51112,83,852.4,248.5,3067,102224,2,1
51113,83,852.6,248.5,3067,102226,2,1
51114,83,852.9,248.4,3067,102228,2,1
51115,83,853.3,248.4,3067,102230,2,1
51116,83,853.8,248.2,3067,102232,2,1
51117,83,854.2,248,3067,102234,2,1
51118,83,854.4,247.9,3067,102236,2,1
51119,83,854.4,247.7,3067,102238,2,1
51120,83,853.3,247.7,3067,102240,2,1
51121,83,852.2,247.6,3068,102242,2,1
51122,83,851.1,247.7,3068,102244,2,1
51123,83,850,247.8,3068,102246,2,1
51124,83,849.2,247.9,3068,102248,2,1
51125,83,848.9,248,3068,102250,2,1
51126,83,848.7,248.1,3068,102252,2,1
51127,83,849.5,248.2,3068,102254,2,1
51128,83,850.3,248.3,3068,102256,2,1
51129,83,851.1,248.4,3068,102258,2,1
51130,83,851.7,248.6,3068,102260,2,1
51131,83,852.2,248.4,3068,102262,2,1
51132,83,851.9,248.4,3068,102264,2,1
51133,83,851.6,248.4,3068,102266,2,1
51134,83,851.1,248.2,3068,102268,2,1
51135,83,850.6,247.9,3068,102270,2,1
51136,83,849.9,247.7,3068,102272,2,1
51137,83,849.2,247.8,3068,102274,2,1
51138,83,848.7,247.9,3069,102276,2,1
51139,83,848.2,248,3069,102278,2,1
51140,83,847.6,248.6,3069,102280,2,1
51141,83,847.3,249.3,3069,102282,2,1
51142,83,847.2,250,3069,102284,2,1
51143,83,847.2,250.5,3069,102286,2,1
51144,83,847.2,251,3069,102288,2,1
51145,83,847.2,250.7,3069,102290,2,1
51146,83,847.4,250.4,3069,102292,2,1
51147,83,847.6,249.7,3069,102294,2,1
51148,83,847.8,248.8,3069,102296,2,1
51149,83,847.7,248.1,3069,102298,2,1
51150,83,847.4,247.5,3069,102300,2,1
51151,83,847,247.2,3069,102302,2,1
51152,83,846.2,247.4,3069,102304,2,1
51153,83,845.4,247.6,3069,102306,2,1
51154,83,844.5,248.1,3070,102308,2,1
51155,83,843.7,248.6,3070,102310,2,1
51156,83,842.9,249,3070,102312,2,1
51157,83,843.2,249.2,3070,102314,2,1
51158,83,843.7,249.4,3070,102316,2,1
51159,83,844.5,249.6,3070,102318,2,1
51160,83,845.3,250.2,3070,102320,2,1
51161,83,846,250.8,3070,102322,2,1
51162,83,846.7,251.4,3070,102324,2,1
51163,83,847.4,251.7,3070,102326,2,1
51164,83,846.9,252,3070,102328,2,1
51165,83,846.5,252.2,3070,102330,2,1
51166,83,845.9,252.3,3070,102332,2,1
51167,83,845.5,252,3070,102334,2,1
51168,83,845.1,252,3070,102336,2,1
51169,83,844.6,251.9,3070,102338,2,1
51170,83,844.2,251.6,3070,102340,2,1
51171,83,844.3,251.4,3071,102342,2,1
51172,83,844.4,251.2,3071,102344,2,1
51173,83,844.5,251,3071,102346,2,1
51174,83,844.5,250.9,3071,102348,2,1
51175,83,844.4,250.8,3071,102350,2,1
51176,83,844.3,251.1,3071,102352,2,1
51177,83,844.1,251.1,3071,102354,2,1
51178,83,843.7,251.2,3071,102356,2,1
51179,83,843.3,251.1,3071,102358,2,1
51180,83,842.8,251.1,3071,102360,2,1
51181,83,842.6,251.4,3071,102362,2,1
51182,83,842.4,251.4,3071,102364,2,1
51183,83,842.3,251.5,3071,102366,2,1
51184,83,842.3,251.8,3071,102368,2,1
51185,83,842.5,252.1,3071,102370,2,1
51186,83,842.6,252.5,3071,102372,2,1
51187,83,842.7,252.9,3072,102374,2,1
51188,83,842.6,253.3,3072,102376,2,1
51189,83,842.6,253.6,3072,102378,2,1
51190,83,842.6,253.8,3072,102380,2,1
51191,83,842.7,254,3072,102382,2,1
51192,83,842.8,254.6,3072,102384,2,1
51193,83,842.9,256.8,3072,102386,2,1
51194,83,843.3,259.7,3072,102388,2,1
51195,83,844.8,264.9,3072,102390,2,1
51196,83,846.6,272.6,3072,102392,2,1
51197,83,848.4,284.7,3072,102394,2,1
51198,83,852.7,301.3,3072,102396,2,1
51199,83,858.1,322.4,3072,102398,2,1
51200,83,864,346.5,3072,102400,2,1
51201,83,870.4,374.2,3072,102402,2,1
51202,83,876.9,403.5,3072,102404,2,1
51203,83,883.2,433.9,3072,102406,2,1
51204,83,891.2,461,3073,102408,2,1
51205,83,896.7,483.4,3073,102410,2,1
51206,83,901.3,502.7,3073,102412,2,1
51207,83,905.4,518.9,3073,102414,2,1
51208,83,908.5,531,3073,102416,2,1
51209,83,910.7,539.8,3073,102418,2,1
51210,83,912.7,544.8,3073,102420,2,1
51211,83,912.7,548.6,3073,102422,2,1
51212,83,912.8,551.9,3073,102424,2,1
51213,83,912.7,552.7,3073,102426,2,1
51214,83,912.5,552.2,3073,102428,2,1
51215,83,913.1,551.5,3073,102430,2,1
51216,83,913.6,551,3073,102432,2,1
51217,83,914.6,551.7,3073,102434,2,1
51218,83,915.8,553.9,3073,102436,2,1
51219,83,917.1,556.5,3073,102438,2,1
51220,83,918.5,561.2,3073,102440,2,1
51221,83,919.8,565.8,3074,102442,2,1
51222,83,920.3,570.3,3074,102444,2,1
51223,83,920.6,574.2,3074,102446,2,1
51224,83,920.5,576.3,3074,102448,2,1
51225,83,920.2,576.8,3074,102450,2,1
51226,83,919.7,577.3,3074,102452,2,1
51227,83,919.4,576,3074,102454,2,1
51228,83,919.1,574.5,3074,102456,2,1
51229,83,919.1,573.1,3074,102458,2,1
51230,83,919.5,571.8,3074,102460,2,1
51231,83,920,571,3074,102462,2,1
51232,83,920.6,570.4,3074,102464,2,1
51233,83,920.4,569.9,3074,102466,2,1
51234,83,920.2,569.6,3074,102468,2,1
51235,83,919.9,569.4,3074,102470,2,1
51236,83,919.4,569.4,3074,102472,2,1
51237,83,918.7,569.3,3075,102474,2,1
51238,83,918.1,569.3,3075,102476,2,1
51239,83,917.4,569.5,3075,102478,2,1
51240,83,917.7,569.6,3075,102480,2,1
51241,83,918,569.8,3075,102482,2,1
51242,83,918.2,569.9,3075,102484,2,1
51243,83,918.5,570,3075,102486,2,1
51244,83,918.7,570.1,3075,102488,2,1
51245,83,918.9,570.1,3075,102490,2,1
51246,83,919.2,570.3,3075,102492,2,1
51247,83,919.2,570.5,3075,102494,2,1
51248,83,919.1,570.7,3075,102496,2,1
51249,83,918.9,571.4,3075,102498,2,1
51250,83,918.6,572.2,3075,102500,2,1
51251,83,917.9,572.9,3075,102502,2,1
51252,83,917.3,573.6,3075,102504,2,1
51253,83,916.7,574.4,3075,102506,2,1
51254,83,916.7,575,3076,102508,2,1
51255,83,916.7,575.6,3076,102510,2,1
51256,83,916.7,576,3076,102512,2,1
51257,83,916.7,576.7,3076,102514,2,1
51258,83,917.1,577.3,3076,102516,2,1
51259,83,917.4,577.9,3076,102518,2,1
51260,83,917.9,577.7,3076,102520,2,1
51261,83,918.1,577.4,3076,102522,2,1
51262,83,918.4,577.1,3076,102524,2,1
51263,83,918.8,575.6,3076,102526,2,1
51264,83,919.2,574,3076,102528,2,1
51265,83,919.5,572.2,3076,102530,2,1
51266,83,919.6,570.8,3076,102532,2,1
51267,83,919.6,570,3076,102534,2,1
51268,83,919.7,569.7,3076,102536,2,1
51269,83,918.4,569.5,3076,102538,2,1
51270,83,917.1,570.4,3076,102540,2,1
51271,83,915.7,571.3,3077,102542,2,1
51272,83,914.5,572.4,3077,102544,2,1
51273,83,913.3,573.3,3077,102546,2,1
51274,83,912.6,574.2,3077,102548,2,1
51275,83,911.8,574.6,3077,102550,2,1
51276,83,912.4,575,3077,102552,2,1
51277,83,912.5,575.6,3077,102554,2,1
51278,83,912.6,576.3,3077,102556,2,1
51279,83,912.7,577,3077,102558,2,1
51280,83,912.8,577.6,3077,102560,2,1
51281,83,912.5,578.3,3077,102562,2,1
51282,83,912.1,578.8,3077,102564,2,1
51283,83,911.4,578.7,3077,102566,2,1
51284,83,911.1,578.2,3077,102568,2,1
51285,83,909.8,576,3077,102570,2,1
51286,83,908.4,572.2,3077,102572,2,1
51287,83,905.2,566.4,3078,102574,2,1
51288,83,901.9,557.8,3078,102576,2,1
51289,83,896.7,546.2,3078,102578,2,1
51290,83,890.5,531.8,3078,102580,2,1
51291,83,884.5,516.3,3078,102582,2,1
51292,83,878.3,501.2,3078,102584,2,1
51293,83,872.2,487,3078,102586,2,1
51294,83,867.5,474.9,3078,102588,2,1
51295,83,862.8,465.6,3078,102590,2,1
51296,83,860.1,459.4,3078,102592,2,1
51297,83,856.9,456.7,3078,102594,2,1
51298,83,853.8,455.2,3078,102596,2,1
51299,83,851.9,454.8,3078,102598,2,1
51300,83,849.8,455.2,3078,102600,2,1
51301,83,847.8,455.7,3078,102602,2,1
51302,83,845.9,456.2,3078,102604,2,1
51303,83,843.9,456.8,3078,102606,2,1
51304,83,843.5,457.3,3079,102608,2,1
51305,83,843,457.7,3079,102610,2,1
51306,83,842.3,457.9,3079,102612,2,1
51307,83,841.8,457.7,3079,102614,2,1
51308,83,841.5,457.4,3079,102616,2,1
51309,83,841.2,457.1,3079,102618,2,1
51310,83,840.8,456.7,3079,102620,2,1
51311,83,840.6,456.2,3079,102622,2,1
51312,83,840.3,455.6,3079,102624,2,1
51313,83,840.3,455.2,3079,102626,2,1
51314,83,840.2,455.1,3079,102628,2,1
51315,83,840.2,455,3079,102630,2,1
51316,83,840.7,454.7,3079,102632,2,1
51317,83,841.2,454.4,3079,102634,2,1
51318,83,841.8,454,3079,102636,2,1
51319,83,842.3,453.4,3079,102638,2,1
51320,83,842.6,452.9,3079,102640,2,1
51321,83,842.8,452.3,3080,102642,2,1
51322,83,842.5,451.8,3080,102644,2,1
51323,83,841.7,451.4,3080,102646,2,1
51324,83,840.9,451.1,3080,102648,2,1
51325,83,840,451.7,3080,102650,2,1
51326,83,839.2,452.7,3080,102652,2,1
51327,83,838.7,453.6,3080,102654,2,1
51328,83,838.2,454.5,3080,102656,2,1
51329,83,838.3,455.4,3080,102658,2,1
51330,83,838.3,456.2,3080,102660,2,1
51331,83,838.6,456.8,3080,102662,2,1
51332,83,838.9,456.5,3080,102664,2,1
51333,83,839.5,455.5,3080,102666,2,1
51334,83,840,454.6,3080,102668,2,1
51335,83,840.4,453.8,3080,102670,2,1
51336,83,840.9,453.1,3080,102672,2,1
51337,83,841.3,452.6,3081,102674,2,1
51338,83,841.6,452.7,3081,102676,2,1
51339,83,841.9,453,3081,102678,2,1
51340,83,841.9,453.7,3081,102680,2,1
51341,83,842,454.2,3081,102682,2,1
51342,83,841.9,454.4,3081,102684,2,1
51343,83,841.7,454.5,3081,102686,2,1
51344,83,841.3,454.2,3081,102688,2,1
51345,83,840.8,454,3081,102690,2,1
51346,83,840.4,453.8,3081,102692,2,1
51347,83,839.8,453.7,3081,102694,2,1
51348,83,839.5,453.7,3081,102696,2,1
51349,83,839.7,453.7,3081,102698,2,1
51350,83,840.2,453.6,3081,102700,2,1
51351,83,840.8,453.5,3081,102702,2,1
51352,83,841.3,453.4,3081,102704,2,1
51353,83,841.8,453.1,3081,102706,2,1
51354,83,842.3,452.7,3082,102708,2,1
51355,83,842.8,452.5,3082,102710,2,1
51356,83,842.8,452.5,3082,102712,2,1
51357,83,842.8,453.1,3082,102714,2,1
51358,83,842.8,453.8,3082,102716,2,1
51359,83,842.9,454.2,3082,102718,2,1
51360,83,842.9,454.8,3082,102720,2,1
51361,83,842.6,455.1,3082,102722,2,1
51362,83,842.2,455.2,3082,102724,2,1
51363,83,841.5,455.3,3082,102726,2,1
51364,83,840.8,454.7,3082,102728,2,1
51365,83,840,454.1,3082,102730,2,1
51366,83,839.4,453.6,3082,102732,2,1
51367,83,838.8,453.2,3082,102734,2,1
51368,83,838.7,453.2,3082,102736,2,1
51369,83,838.6,453.3,3082,102738,2,1
51370,83,839,453.4,3082,102740,2,1
51371,83,839.5,453.5,3083,102742,2,1
51372,83,840.1,453.6,3083,102744,2,1
51373,83,840.6,453.7,3083,102746,2,1
51374,83,841,453.7,3083,102748,2,1
51375,83,841.1,453.9,3083,102750,2,1
51376,83,841.1,454,3083,102752,2,1
51377,83,841,453.9,3083,102754,2,1
51378,83,840.6,453.8,3083,102756,2,1
51379,83,840.3,453.6,3083,102758,2,1
51380,83,839.9,453.4,3083,102760,2,1
51381,83,839.5,453.4,3083,102762,2,1
51382,83,839.2,453.4,3083,102764,2,1
51383,83,839.1,453.6,3083,102766,2,1
51384,83,839.2,454,3083,102768,2,1
51385,83,839.4,454.4,3083,102770,2,1
51386,83,839.6,455,3083,102772,2,1
51387,83,839.9,455.7,3084,102774,2,1
51388,83,840.4,456.2,3084,102776,2,1
51389,83,840.7,456.7,3084,102778,2,1
51390,83,841.1,457.1,3084,102780,2,1
51391,83,841.3,457.5,3084,102782,2,1
51392,83,841.3,458,3084,102784,2,1
51393,83,841.4,458.5,3084,102786,2,1
51394,83,841.6,458.7,3084,102788,2,1
51395,83,841.8,458.9,3084,102790,2,1
51396,83,842.4,459,3084,102792,2,1
51397,83,843,459,3084,102794,2,1
51398,83,843.5,459,3084,102796,2,1
51399,83,843.9,458.8,3084,102798,2,1
51400,83,844.4,458.5,3084,102800,2,1
51401,83,844.7,458.1,3084,102802,2,1
51402,83,844.9,457.8,3084,102804,2,1
51403,83,844.7,457.4,3084,102806,2,1
51404,83,844.7,456.9,3085,102808,2,1
51405,83,844.8,456.2,3085,102810,2,1
51406,83,844.9,455.5,3085,102812,2,1
51407,83,845.1,455.1,3085,102814,2,1
51408,83,845.2,454.8,3085,102816,2,1
51409,83,845.2,454.6,3085,102818,2,1
51410,83,845.2,454.5,3085,102820,2,1
51411,83,844.9,454.4,3085,102822,2,1
51412,83,844.4,454.7,3085,102824,2,1
51413,83,843.9,454.6,3085,102826,2,1
51414,83,843.4,454.4,3085,102828,2,1
51415,83,842.9,454.2,3085,102830,2,1
51416,83,842.5,454.1,3085,102832,2,1
51417,83,842.1,453.8,3085,102834,2,1
51418,83,841.9,453.8,3085,102836,2,1
51419,83,841.8,453.7,3085,102838,2,1
51420,83,841.7,453.9,3085,102840,2,1
51421,83,841.6,454,3086,102842,2,1
51422,83,841.6,453.8,3086,102844,2,1
51423,83,841.8,453.2,3086,102846,2,1
51424,83,841.9,452.7,3086,102848,2,1
51425,83,842.1,452.1,3086,102850,2,1
51426,83,842.4,451.6,3086,102852,2,1
51427,83,843.2,451.1,3086,102854,2,1
51428,83,843.9,450.6,3086,102856,2,1
51429,83,844.7,450.5,3086,102858,2,1
51430,83,845.4,450.5,3086,102860,2,1
51431,83,845.9,450.5,3086,102862,2,1
51432,83,846.1,450.5,3086,102864,2,1
51433,83,845.4,450.7,3086,102866,2,1
51434,83,844.3,450.9,3086,102868,2,1
51435,83,843.1,451.2,3086,102870,2,1
51436,83,841.9,451.6,3086,102872,2,1
51437,83,840.6,452,3087,102874,2,1
51438,83,839.6,452,3087,102876,2,1
51439,83,838.9,452,3087,102878,2,1
51440,83,838.9,451.5,3087,102880,2,1
51441,83,839.1,450.8,3087,102882,2,1
51442,83,839.4,450.1,3087,102884,2,1
51443,83,840.3,449.2,3087,102886,2,1
51444,83,841.1,448.9,3087,102888,2,1
51445,83,841.9,448.9,3087,102890,2,1
51446,83,842.6,448.9,3087,102892,2,1
51447,83,843.4,449.3,3087,102894,2,1
51448,83,844,450,3087,102896,2,1
51449,83,844.5,450.6,3087,102898,2,1
51450,83,844.7,451.2,3087,102900,2,1
51451,83,844.7,451.3,3087,102902,2,1
51452,83,844.5,451.2,3087,102904,2,1
51453,83,844.4,451.1,3087,102906,2,1
51454,83,844.1,451,3088,102908,2,1
51455,83,843.8,450.8,3088,102910,2,1
51456,83,843.3,450.5,3088,102912,2,1
51457,83,842.8,450.3,3088,102914,2,1
51458,83,842.4,450.4,3088,102916,2,1
51459,83,842,450.7,3088,102918,2,1
51460,83,841.7,451.3,3088,102920,2,1
51461,83,841.4,451.9,3088,102922,2,1
51462,83,841.2,452.5,3088,102924,2,1
51463,83,841.1,453.1,3088,102926,2,1
51464,83,840.9,453.7,3088,102928,2,1
51465,83,840.8,454.3,3088,102930,2,1
51466,83,840.7,454.4,3088,102932,2,1
51467,83,840.5,454.5,3088,102934,2,1
51468,83,840.3,454.7,3088,102936,2,1
51469,83,840.2,454.8,3088,102938,2,1
51470,83,840,454.9,3088,102940,2,1
51471,83,839.9,455,3089,102942,2,1
51472,83,839.7,455,3089,102944,2,1
51473,83,839.4,455.4,3089,102946,2,1
51474,83,839.1,455.7,3089,102948,2,1
51475,83,838.9,455.7,3089,102950,2,1
51476,83,838.6,455.9,3089,102952,2,1
51477,83,838.3,456.1,3089,102954,2,1
51478,83,838.1,456.6,3089,102956,2,1
51479,83,838,457,3089,102958,2,1
51480,83,838,457.3,3089,102960,2,1
51481,83,838.1,457.7,3089,102962,2,1
51482,83,838.1,458,3089,102964,2,1
51483,83,838.2,458,3089,102966,2,1
51484,83,838.3,458,3089,102968,2,1
51485,83,838.4,457.7,3089,102970,2,1
51486,83,838.6,457.5,3089,102972,2,1
51487,83,838.7,457.2,3090,102974,2,1
51488,83,838.8,456.9,3090,102976,2,1
51489,83,838.8,456.8,3090,102978,2,1
51490,83,838.7,456.7,3090,102980,2,1
51491,83,838.7,456.7,3090,102982,2,1
51492,83,838.5,456.7,3090,102984,2,1
51493,83,838.2,456.8,3090,102986,2,1
51494,83,838.1,456.8,3090,102988,2,1
51495,83,838,456.9,3090,102990,2,1
51496,83,838.2,456.8,3090,102992,2,1
51497,83,838.5,456.8,3090,102994,2,1
51498,83,838.3,456.4,3090,102996,2,1
51499,83,836.6,456.2,3090,102998,2,1
51500,83,833.3,453.9,3090,103000,2,1
51501,83,829.8,451.2,3090,103002,2,1
51502,83,824.4,447.2,3090,103004,2,1
51503,83,817.1,440.9,3090,103006,2,1
51504,83,808,433.4,3091,103008,2,1
51505,83,799.3,425.5,3091,103010,2,1
51506,83,790.8,416.8,3091,103012,2,1
51507,83,782.6,410.2,3091,103014,2,1
51508,83,773.5,404.2,3091,103016,2,1
51509,83,766.4,399.5,3091,103018,2,1
51510,83,760.6,397.2,3091,103020,2,1
51511,83,756.6,396.2,3091,103022,2,1
51512,83,752.5,395.8,3091,103024,2,1
51513,83,749.6,396.1,3091,103026,2,1
51514,83,748,396.3,3091,103028,2,1
51515,83,747.2,396.5,3091,103030,2,1
51516,83,746.4,396.8,3091,103032,2,1
51517,83,746,397.1,3091,103034,2,1
51518,83,745.6,397.4,3091,103036,2,1
51519,83,745.3,397.7,3091,103038,2,1
51520,83,745.1,398,3091,103040,2,1
51521,83,744.8,398.2,3092,103042,2,1
51522,83,743.8,398.5,3092,103044,2,1
51523,83,742.9,398.7,3092,103046,2,1
51524,83,742,398.5,3092,103048,2,1
51525,83,741.1,398.2,3092,103050,2,1
51526,83,740,397.9,3092,103052,2,1
51527,83,739,397.6,3092,103054,2,1
51528,83,738.2,397.4,3092,103056,2,1
51529,83,738,396.9,3092,103058,2,1
51530,83,737.9,396.6,3092,103060,2,1
51531,83,738.2,396.6,3092,103062,2,1
51532,83,738.6,396.7,3092,103064,2,1
51533,83,739.3,397.1,3092,103066,2,1
51534,83,739.9,397.4,3092,103068,2,1
51535,83,740.5,397.7,3092,103070,2,1
51536,83,741.3,397.9,3092,103072,2,1
51537,83,742,398,3093,103074,2,1
51538,83,742.5,398,3093,103076,2,1
51539,83,742.9,398,3093,103078,2,1
51540,83,743.3,397.7,3093,103080,2,1
51541,83,743.6,397.4,3093,103082,2,1
51542,83,743.8,397.2,3093,103084,2,1
51543,83,743.6,397.1,3093,103086,2,1
51544,83,743.2,397.2,3093,103088,2,1
51545,83,742.7,397.3,3093,103090,2,1
51546,83,742.3,397.3,3093,103092,2,1
51547,83,741.9,397.2,3093,103094,2,1
51548,83,741.5,397.2,3093,103096,2,1
51549,83,741.3,397.2,3093,103098,2,1
51550,83,741.4,397.2,3093,103100,2,1
51551,83,741.6,397.4,3093,103102,2,1
51552,83,742,397.5,3093,103104,2,1
51553,83,742.4,397.7,3093,103106,2,1
51554,83,742.6,397.9,3094,103108,2,1
51555,83,742.9,398.2,3094,103110,2,1
51556,83,743.1,398.4,3094,103112,2,1
51557,83,743.2,398.5,3094,103114,2,1
51558,83,743.4,398.4,3094,103116,2,1
51559,83,743.3,398.4,3094,103118,2,1
51560,83,743.2,398.3,3094,103120,2,1
51561,83,743.1,398.2,3094,103122,2,1
51562,83,743.2,397.9,3094,103124,2,1
51563,83,743.3,397.7,3094,103126,2,1
51564,83,743.5,397.5,3094,103128,2,1
51565,83,743.6,397.7,3094,103130,2,1
51566,83,743.8,397.9,3094,103132,2,1
51567,83,744,398,3094,103134,2,1
51568,83,744.2,398,3094,103136,2,1
51569,83,744.4,397.8,3094,103138,2,1
51570,83,744.4,397.6,3094,103140,2,1
51571,83,744.5,397.5,3095,103142,2,1
51572,83,745.5,397.2,3095,103144,2,1
51573,83,747.8,396.8,3095,103146,2,1
51574,83,750.2,396.6,3095,103148,2,1
51575,83,755.8,396.2,3095,103150,2,1
51576,83,764.6,395.8,3095,103152,2,1
51577,83,777.3,394.4,3095,103154,2,1
51578,83,794,392.2,3095,103156,2,1
51579,83,813.2,389.2,3095,103158,2,1
51580,83,835.4,385.9,3095,103160,2,1
51581,83,860.2,382.1,3095,103162,2,1
51582,83,884.2,378.3,3095,103164,2,1
51583,83,908.3,374.5,3095,103166,2,1
51584,83,930.3,371.9,3095,103168,2,1
51585,83,948.3,370.7,3095,103170,2,1
51586,83,962.9,370.6,3095,103172,2,1
51587,83,973.4,370.9,3096,103174,2,1
51588,83,980.7,371.3,3096,103176,2,1
51589,83,985.5,371.9,3096,103178,2,1
51590,83,986.7,372.4,3096,103180,2,1
51591,83,986.2,372.7,3096,103182,2,1
51592,83,985.5,372.3,3096,103184,2,1
51593,83,984.6,372.1,3096,103186,2,1
51594,83,984,371.8,3096,103188,2,1
51595,83,984.2,371.5,3096,103190,2,1
51596,83,985.8,371.3,3096,103192,2,1
51597,83,988,371.7,3096,103194,2,1
51598,83,991,372,3096,103196,2,1
51599,83,994.1,372.3,3096,103198,2,1
51600,83,997.1,372.5,3096,103200,2,1
51601,83,999.9,372.7,3096,103202,2,1
51602,83,1001.9,372.9,3096,103204,2,1
51603,83,1001.6,373.1,3096,103206,2,1
51604,83,1000.8,372.9,3097,103208,2,1
51605,83,999.3,372.7,3097,103210,2,1
51606,83,997.7,372.5,3097,103212,2,1
51607,83,996.1,372.4,3097,103214,2,1
51608,83,994.7,372.4,3097,103216,2,1
51609,83,993.2,372.4,3097,103218,2,1
51610,83,993.1,372.5,3097,103220,2,1
51611,83,993,372.8,3097,103222,2,1
51612,83,993,373.3,3097,103224,2,1
51613,83,993.3,373.8,3097,103226,2,1
51614,83,993.9,374.2,3097,103228,2,1
51615,83,994.6,374.7,3097,103230,2,1
51616,83,995.2,375.1,3097,103232,2,1
51617,83,995.8,375.4,3097,103234,2,1
51618,83,996.2,375.8,3097,103236,2,1
51619,83,996.6,375.9,3097,103238,2,1
51620,83,996.8,376,3097,103240,2,1
51621,83,996.7,376.3,3098,103242,2,1
51622,83,996.5,376.5,3098,103244,2,1
51623,83,996.3,376.8,3098,103246,2,1
51624,83,996.2,377.1,3098,103248,2,1
51625,83,996,377.4,3098,103250,2,1
51626,83,995.6,377.7,3098,103252,2,1
51627,83,995.3,377.8,3098,103254,2,1
51628,83,995,377.9,3098,103256,2,1
51629,83,994.7,377.9,3098,103258,2,1
51630,83,994.3,378,3098,103260,2,1
51631,83,994,378.1,3098,103262,2,1
51632,83,993.7,378.3,3098,103264,2,1
51633,83,993.7,378.4,3098,103266,2,1
51634,83,993.6,378.4,3098,103268,2,1
51635,83,993.5,378.5,3098,103270,2,1
51636,83,993.4,378.5,3098,103272,2,1
51637,83,993.2,378.6,3099,103274,2,1
51638,83,992.9,378.6,3099,103276,2,1
51639,83,992.6,378.7,3099,103278,2,1
51640,83,992.4,378.7,3099,103280,2,1
51641,83,992.1,378.7,3099,103282,2,1
51642,83,991.8,378.7,3099,103284,2,1
51643,83,991.5,378.7,3099,103286,2,1
51644,83,991.3,378.5,3099,103288,2,1
51645,83,991.1,378.4,3099,103290,2,1
51646,83,990.9,378.3,3099,103292,2,1
51647,83,990.7,378.4,3099,103294,2,1
51648,83,990.6,378.4,3099,103296,2,1
51649,83,991,378.5,3099,103298,2,1
51650,83,991.5,378.6,3099,103300,2,1
51651,83,992,378.6,3099,103302,2,1
51652,83,993.1,378.5,3099,103304,2,1
51653,83,994.1,378.2,3099,103306,2,1
51654,83,997.1,376.8,3100,103308,2,1
51655,83,1001.4,374.5,3100,103310,2,1
51656,83,1006.9,368.8,3100,103312,2,1
51657,83,1012.4,360.3,3100,103314,2,1
51658,83,1018.8,349.8,3100,103316,2,1
51659,83,1024.7,338.4,3100,103318,2,1
51660,83,1030.7,327.3,3100,103320,2,1
51661,83,1034.6,317.2,3100,103322,2,1
51662,83,1036.9,308.1,3100,103324,2,1
51663,83,1036.6,303.1,3100,103326,2,1
51664,83,1036.2,301.9,3100,103328,2,1
51665,83,1034.8,303.4,3100,103330,2,1
51666,83,1033.4,307.3,3100,103332,2,1
51667,83,1031.8,311.3,3100,103334,2,1
51668,83,1030.3,315.3,3100,103336,2,1
51669,83,1029.1,319.3,3100,103338,2,1
51670,83,1028.8,322.1,3100,103340,2,1
51671,83,1028.6,323.1,3101,103342,2,1
51672,83,1029,323.4,3101,103344,2,1
51673,83,1029.5,321.6,3101,103346,2,1
51674,83,1030.2,319.6,3101,103348,2,1
51675,83,1031.2,317,3101,103350,2,1
51676,83,1032.4,314.4,3101,103352,2,1
51677,83,1033.8,312.2,3101,103354,2,1
51678,83,1035.1,310.7,3101,103356,2,1
51679,83,1036.1,309.2,3101,103358,2,1
51680,83,1036.7,308.8,3101,103360,2,1
51681,83,1037.2,308.5,3101,103362,2,1
51682,83,1037.7,308.5,3101,103364,2,1
51683,83,1037.8,308.8,3101,103366,2,1
51684,83,1037.8,309.4,3101,103368,2,1
51685,83,1037.8,309.9,3101,103370,2,1
51686,83,1037.7,310.3,3101,103372,2,1
51687,83,1037.7,310.8,3102,103374,2,1
51688,83,1037.8,311.2,3102,103376,2,1
51689,83,1037.8,311.5,3102,103378,2,1
51690,83,1037.8,311,3102,103380,2,1
51691,83,1037.9,310.1,3102,103382,2,1
51692,83,1037.9,309.2,3102,103384,2,1
51693,83,1037.8,308.8,3102,103386,2,1
51694,83,1037.7,308.5,3102,103388,2,1
51695,83,1037.6,308.1,3102,103390,2,1
51696,83,1037.6,307.8,3102,103392,2,1
51697,83,1037.8,308.1,3102,103394,2,1
51698,83,1038,308.4,3102,103396,2,1
51699,83,1038.2,308.7,3102,103398,2,1
51700,83,1038.3,308.6,3102,103400,2,1
51701,83,1038.5,308.4,3102,103402,2,1
51702,83,1038.6,308.3,3102,103404,2,1
51703,83,1038.4,308.3,3102,103406,2,1
51704,83,1038.1,308.5,3103,103408,2,1
51705,83,1037.7,308.6,3103,103410,2,1
51706,83,1037.4,308.8,3103,103412,2,1
51707,83,1037.1,308.9,3103,103414,2,1
51708,83,1036.9,308.9,3103,103416,2,1
51709,83,1036.7,308.6,3103,103418,2,1
51710,83,1036.6,308.2,3103,103420,2,1
51711,83,1036.5,307.8,3103,103422,2,1
51712,83,1036.6,307.3,3103,103424,2,1
51713,83,1036.7,306.9,3103,103426,2,1
51714,83,1036.7,306.6,3103,103428,2,1
51715,83,1036.8,306.4,3103,103430,2,1
51716,83,1036.9,306.5,3103,103432,2,1
51717,83,1036.9,306.7,3103,103434,2,1
51718,83,1036.5,307,3103,103436,2,1
51719,83,1036.1,307.3,3103,103438,2,1
51720,83,1035.2,307.8,3103,103440,2,1
51721,83,1034.4,308.2,3104,103442,2,1
51722,83,1033.5,308.7,3104,103444,2,1
51723,83,1032.7,309.4,3104,103446,2,1
51724,83,1032,309.9,3104,103448,2,1
51725,83,1031.7,310.5,3104,103450,2,1
51726,83,1031.6,310.7,3104,103452,2,1
51727,83,1031.9,310.9,3104,103454,2,1
51728,83,1032.2,311.1,3104,103456,2,1
51729,83,1032.6,311.2,3104,103458,2,1
51730,83,1032.8,311.3,3104,103460,2,1
51731,83,1033.1,311.2,3104,103462,2,1
51732,83,1033.4,311,3104,103464,2,1
51733,83,1033.7,310.5,3104,103466,2,1
51734,83,1034.2,310,3104,103468,2,1
51735,83,1034.6,309.3,3104,103470,2,1
51736,83,1035,308.6,3104,103472,2,1
51737,83,1035.4,307.9,3105,103474,2,1
51738,83,1035.7,307.5,3105,103476,2,1
51739,83,1035.9,307.3,3105,103478,2,1
51740,83,1035.8,307.4,3105,103480,2,1
51741,83,1035.5,307.6,3105,103482,2,1
51742,83,1035.1,307.8,3105,103484,2,1
51743,83,1034.9,307.8,3105,103486,2,1
51744,83,1034.9,307.8,3105,103488,2,1
51745,83,1035,307.8,3105,103490,2,1
51746,83,1035.1,308.2,3105,103492,2,1
51747,83,1035.2,308.6,3105,103494,2,1
51748,83,1035.4,309,3105,103496,2,1
51749,83,1035.7,309.4,3105,103498,2,1
51750,83,1035.9,309.9,3105,103500,2,1
51751,83,1035.9,310.1,3105,103502,2,1
51752,83,1035.9,310.2,3105,103504,2,1
51753,83,1036,309.8,3105,103506,2,1
51754,83,1036.2,309.4,3106,103508,2,1
51755,83,1036.4,308.9,3106,103510,2,1
51756,83,1036.6,308.5,3106,103512,2,1
51757,83,1036.7,308.1,3106,103514,2,1
51758,83,1036.8,307.9,3106,103516,2,1
51759,83,1036.9,307.8,3106,103518,2,1
51760,83,1037.1,307.7,3106,103520,2,1
51761,83,1037.1,307.7,3106,103522,2,1
51762,83,1037,307.7,3106,103524,2,1
51763,83,1036.9,307.8,3106,103526,2,1
51764,83,1036.9,307.8,3106,103528,2,1
51765,83,1036.9,307.9,3106,103530,2,1
51766,83,1036.9,307.9,3106,103532,2,1
51767,83,1036.7,307.9,3106,103534,2,1
51768,83,1036.7,308,3106,103536,2,1
51769,83,1036.7,308.2,3106,103538,2,1
51770,83,1036.8,308.2,3106,103540,2,1
51771,83,1037,308,3107,103542,2,1
51772,83,1037.1,307.6,3107,103544,2,1
51773,83,1037.2,307.1,3107,103546,2,1
51774,83,1037.3,306.5,3107,103548,2,1
51775,83,1037.4,305.9,3107,103550,2,1
51776,83,1037.4,305.3,3107,103552,2,1
51777,83,1037.5,304.9,3107,103554,2,1
51778,83,1037.7,304.6,3107,103556,2,1
51779,83,1037.9,304.6,3107,103558,2,1
51780,83,1038.3,304.7,3107,103560,2,1
51781,83,1038.7,304.9,3107,103562,2,1
51782,83,1039.3,305.1,3107,103564,2,1
51783,83,1039.7,305.2,3107,103566,2,1
51784,83,1039.8,304.6,3107,103568,2,1
51785,83,1039.3,304.1,3107,103570,2,1
51786,83,1038,302.1,3107,103572,2,1
51787,83,1036.4,299.3,3108,103574,2,1
51788,83,1033.1,295,3108,103576,2,1
51789,83,1028.2,289.1,3108,103578,2,1
51790,83,1023.1,281.5,3108,103580,2,1
51791,83,1018.2,272.2,3108,103582,2,1
51792,83,1014,262.9,3108,103584,2,1
51793,83,1010.6,254.9,3108,103586,2,1
51794,83,1005.6,248,3108,103588,2,1
51795,83,1002.5,242.5,3108,103590,2,1
51796,83,1000.5,238.9,3108,103592,2,1
51797,83,998.7,237.1,3108,103594,2,1
51798,83,996.8,237.6,3108,103596,2,1
51799,83,995,238.5,3108,103598,2,1
51800,83,992.3,239.4,3108,103600,2,1
51801,83,991.3,240.1,3108,103602,2,1
51802,83,990.3,240.7,3108,103604,2,1
51803,83,989.5,241.1,3108,103606,2,1
51804,83,989,241.4,3109,103608,2,1
51805,83,988.7,241.5,3109,103610,2,1
51806,83,988.7,241.2,3109,103612,2,1
51807,83,989.4,240.9,3109,103614,2,1
51808,83,990,240.5,3109,103616,2,1
51809,83,990.5,240.1,3109,103618,2,1
51810,83,990.9,239.7,3109,103620,2,1
51811,83,991,239.3,3109,103622,2,1
51812,83,990.9,238.9,3109,103624,2,1
51813,83,990.5,238.6,3109,103626,2,1
51814,83,990.1,238.3,3109,103628,2,1
51815,83,989.9,238.1,3109,103630,2,1
51816,83,989.5,238.1,3109,103632,2,1
51817,83,989.2,238.1,3109,103634,2,1
51818,83,989,238.4,3109,103636,2,1
51819,83,988.9,239,3109,103638,2,1
51820,83,988.8,239.5,3109,103640,2,1
51821,83,988.7,240.2,3110,103642,2,1
51822,83,988.7,240.9,3110,103644,2,1
51823,83,988.7,241.5,3110,103646,2,1
51824,83,988.7,242,3110,103648,2,1
51825,83,988.8,242.1,3110,103650,2,1
51826,83,989,242,3110,103652,2,1
51827,83,989.2,241.9,3110,103654,2,1
51828,83,989.4,241.6,3110,103656,2,1
51829,83,989.7,241.2,3110,103658,2,1
51830,83,989.9,240.8,3110,103660,2,1
51831,83,990.1,240.4,3110,103662,2,1
51832,83,990.2,240.2,3110,103664,2,1
51833,83,990.1,240,3110,103666,2,1
51834,83,990,239.9,3110,103668,2,1
51835,83,989.8,239.6,3110,103670,2,1
51836,83,989.8,239.2,3110,103672,2,1
51837,83,990,238.8,3111,103674,2,1
51838,83,990.2,238.4,3111,103676,2,1
51839,83,990.4,238.1,3111,103678,2,1
51840,83,990.5,238,3111,103680,2,1
51841,83,990.6,237.9,3111,103682,2,1
51842,83,990.7,237.7,3111,103684,2,1
51843,83,990.9,237.6,3111,103686,2,1
51844,83,990.8,237.5,3111,103688,2,1
51845,83,990.8,237.5,3111,103690,2,1
51846,83,990.7,237.7,3111,103692,2,1
51847,83,990.5,237.8,3111,103694,2,1
51848,83,990.4,237.9,3111,103696,2,1
51849,83,990.3,237.8,3111,103698,2,1
51850,83,990.1,238,3111,103700,2,1
51851,83,989.7,238.6,3111,103702,2,1
51852,83,989.3,239.2,3111,103704,2,1
51853,83,988.8,239.7,3111,103706,2,1
51854,83,988.4,240.1,3112,103708,2,1
51855,83,988.2,240.6,3112,103710,2,1
51856,83,987.8,241.2,3112,103712,2,1
51857,83,987.6,241.6,3112,103714,2,1
51858,83,987.6,242,3112,103716,2,1
51859,83,988,242.2,3112,103718,2,1
51860,83,988.4,242.3,3112,103720,2,1
51861,83,988.7,242.5,3112,103722,2,1
51862,83,989.1,242.5,3112,103724,2,1
51863,83,989.6,242.6,3112,103726,2,1
51864,83,990,242.5,3112,103728,2,1
51865,83,990.5,242.5,3112,103730,2,1
51866,83,990.7,242.4,3112,103732,2,1
51867,83,990.9,242.3,3112,103734,2,1
51868,83,991.1,242.2,3112,103736,2,1
51869,83,991.4,242.1,3112,103738,2,1
51870,83,991.8,241.7,3112,103740,2,1
51871,83,992.2,241,3113,103742,2,1
51872,83,992.6,240.3,3113,103744,2,1
51873,83,993.1,239.5,3113,103746,2,1
51874,83,993.4,238.8,3113,103748,2,1
51875,83,993.4,238.5,3113,103750,2,1
51876,83,993.4,238.3,3113,103752,2,1
51877,83,993.3,238.3,3113,103754,2,1
51878,83,993.3,238.5,3113,103756,2,1
51879,83,993.1,238.7,3113,103758,2,1
51880,83,993.4,238.9,3113,103760,2,1
51881,83,993.7,239.1,3113,103762,2,1
51882,83,994.3,239,3113,103764,2,1
51883,83,994.9,239,3113,103766,2,1
51884,83,995.5,238.9,3113,103768,2,1
51885,83,996,239,3113,103770,2,1
51886,83,996.3,239.1,3113,103772,2,1
51887,83,995.8,239.7,3114,103774,2,1
51888,83,995.2,240.5,3114,103776,2,1
51889,83,994.6,241.4,3114,103778,2,1
51890,83,993.7,242.2,3114,103780,2,1
51891,83,993,242.9,3114,103782,2,1
51892,83,992.3,243.4,3114,103784,2,1
51893,83,991.7,243.8,3114,103786,2,1
51894,83,991.5,243.6,3114,103788,2,1
51895,83,991.8,243,3114,103790,2,1
51896,83,992,242.4,3114,103792,2,1
51897,83,992.6,241.6,3114,103794,2,1
51898,83,993,240.7,3114,103796,2,1
51899,83,993.5,239.9,3114,103798,2,1
51900,83,993.9,239,3114,103800,2,1
51901,83,994.3,238.1,3114,103802,2,1
51902,83,994.2,237.6,3114,103804,2,1
51903,83,994.2,237.4,3114,103806,2,1
51904,83,994,237.5,3115,103808,2,1
51905,83,994,237.7,3115,103810,2,1
51906,83,994.4,237.8,3115,103812,2,1
51907,83,994.7,238,3115,103814,2,1
51908,83,994.8,238.3,3115,103816,2,1
51909,83,995,238.8,3115,103818,2,1
51910,83,995.2,239.2,3115,103820,2,1
51911,83,995.4,239.6,3115,103822,2,1
51912,83,995.3,240,3115,103824,2,1
51913,83,995,240.3,3115,103826,2,1
51914,83,994.9,240.7,3115,103828,2,1
51915,83,995.1,240.8,3115,103830,2,1
51916,83,995.4,240.5,3115,103832,2,1
51917,83,995.6,240.2,3115,103834,2,1
51918,83,996,240,3115,103836,2,1
51919,83,996.5,239.8,3115,103838,2,1
51920,83,997.1,239.8,3115,103840,2,1
51921,83,997.6,239.9,3116,103842,2,1
51922,83,997.9,240.4,3116,103844,2,1
51923,83,997.8,241.2,3116,103846,2,1
51924,83,997.6,242.1,3116,103848,2,1
51925,83,996.3,243.3,3116,103850,2,1
51926,83,993.5,246.8,3116,103852,2,1
51927,83,990.7,251.9,3116,103854,2,1
51928,83,987,259.1,3116,103856,2,1
51929,83,981.3,268.2,3116,103858,2,1
51930,83,975.9,279.4,3116,103860,2,1
51931,83,970.7,292.7,3116,103862,2,1
51932,83,966.8,305.8,3116,103864,2,1
51933,83,964.3,316.4,3116,103866,2,1
51934,83,961.8,325.4,3116,103868,2,1
51935,83,960.1,332.1,3116,103870,2,1
51936,83,960.6,335.8,3116,103872,2,1
51937,83,961.3,336.2,3117,103874,2,1
51938,83,962.8,333.3,3117,103876,2,1
51939,83,964.1,329.8,3117,103878,2,1
51940,83,965.4,326.5,3117,103880,2,1
51941,83,966.8,323.2,3117,103882,2,1
51942,83,968.3,320.7,3117,103884,2,1
51943,83,969.5,318.9,3117,103886,2,1
51944,83,970.7,319,3117,103888,2,1
51945,83,971,320.8,3117,103890,2,1
51946,83,971.4,323.5,3117,103892,2,1
51947,83,971.7,326.4,3117,103894,2,1
51948,83,972,329.3,3117,103896,2,1
51949,83,972,331.9,3117,103898,2,1
51950,83,972.2,334.3,3117,103900,2,1
51951,83,972.4,335.7,3117,103902,2,1
51952,83,972.6,336.5,3117,103904,2,1
51953,83,972.8,336.7,3117,103906,2,1
51954,83,972.9,336.8,3118,103908,2,1
51955,83,973.1,336.7,3118,103910,2,1
51956,83,973.4,336.6,3118,103912,2,1
51957,83,973.5,336.4,3118,103914,2,1
51958,83,973.7,336.2,3118,103916,2,1
51959,83,973.9,336.1,3118,103918,2,1
51960,83,974,336,3118,103920,2,1
51961,83,973.9,336.1,3118,103922,2,1
51962,83,973.8,336.2,3118,103924,2,1
51963,83,973.7,336.5,3118,103926,2,1
51964,83,973.5,336.9,3118,103928,2,1
51965,83,973.2,337.2,3118,103930,2,1
51966,83,972.9,337.6,3118,103932,2,1
51967,83,972.7,337.9,3118,103934,2,1
51968,83,972.8,338,3118,103936,2,1
51969,83,972.9,337.9,3118,103938,2,1
51970,83,972.9,337.5,3118,103940,2,1
51971,83,973.1,337.1,3119,103942,2,1
51972,83,973.2,336.7,3119,103944,2,1
51973,83,973.3,336.2,3119,103946,2,1
51974,83,973.4,335.6,3119,103948,2,1
51975,83,973.4,334.8,3119,103950,2,1
51976,83,973.5,334.1,3119,103952,2,1
51977,83,973.8,333.6,3119,103954,2,1
51978,83,974.1,332.9,3119,103956,2,1
51979,83,974.4,332.2,3119,103958,2,1
51980,83,974.7,331.7,3119,103960,2,1
51981,83,974.9,331.3,3119,103962,2,1
51982,83,975.1,331.1,3119,103964,2,1
51983,83,975.2,331,3119,103966,2,1
51984,83,975.3,330.7,3119,103968,2,1
51985,83,975.9,330.4,3119,103970,2,1
51986,83,976.6,330.1,3119,103972,2,1
51987,83,977.3,329.9,3120,103974,2,1
51988,83,978.2,329.7,3120,103976,2,1
51989,83,979,329.7,3120,103978,2,1
51990,83,979.8,329.8,3120,103980,2,1
51991,83,980.4,329.9,3120,103982,2,1
51992,83,980.5,330.1,3120,103984,2,1
51993,83,980.3,330.4,3120,103986,2,1
51994,83,980,330.7,3120,103988,2,1
51995,83,979.5,331.1,3120,103990,2,1
51996,83,979,331.6,3120,103992,2,1
51997,83,978.5,332.1,3120,103994,2,1
51998,83,978.2,332.8,3120,103996,2,1
51999,83,977.9,333.4,3120,103998,2,1
52000,83,977.9,334.1,3120,104000,2,1
52001,83,978,334.6,3120,104002,2,1
52002,83,978.5,335.1,3120,104004,2,1
52003,83,979,335.6,3120,104006,2,1
52004,83,979.5,336.1,3121,104008,2,1
52005,83,979.8,336.4,3121,104010,2,1
52006,83,980,336.7,3121,104012,2,1
52007,83,980.1,337,3121,104014,2,1
52008,83,980,337.3,3121,104016,2,1
52009,83,979.7,337.5,3121,104018,2,1
52010,83,979.4,337.4,3121,104020,2,1
52011,83,979.1,337.3,3121,104022,2,1
52012,83,979,336.8,3121,104024,2,1
52013,83,979.1,336.3,3121,104026,2,1
52014,83,979.2,335.4,3121,104028,2,1
52015,83,979.4,334.6,3121,104030,2,1
52016,83,979.7,333.7,3121,104032,2,1
52017,83,979.8,332.7,3121,104034,2,1
52018,83,979.9,331.9,3121,104036,2,1
52019,83,979.9,331.2,3121,104038,2,1
52020,83,980,330.6,3121,104040,2,1
52021,83,980.1,330.4,3122,104042,2,1
52022,83,980.1,330.3,3122,104044,2,1
52023,83,980.4,330.1,3122,104046,2,1
52024,83,980.6,330.4,3122,104048,2,1
52025,83,980.7,330.7,3122,104050,2,1
52026,83,980.8,331.1,3122,104052,2,1
52027,83,980.9,331.4,3122,104054,2,1
52028,83,980.9,331.8,3122,104056,2,1
52029,83,981.1,332.2,3122,104058,2,1
52030,83,981,332.5,3122,104060,2,1
52031,83,981.1,332.7,3122,104062,2,1
52032,83,981.3,333,3122,104064,2,1
52033,83,981.5,333.2,3122,104066,2,1
52034,83,981.7,334,3122,104068,2,1
52035,83,981.9,334.6,3122,104070,2,1
52036,83,981.9,336.2,3122,104072,2,1
52037,83,982,338.6,3123,104074,2,1
52038,83,982.2,342.7,3123,104076,2,1
52039,83,982.2,349.2,3123,104078,2,1
52040,83,982.2,358.1,3123,104080,2,1
52041,83,982.1,369,3123,104082,2,1
52042,83,982,380.3,3123,104084,2,1
52043,83,981.9,390.9,3123,104086,2,1
52044,83,981.7,400.4,3123,104088,2,1
52045,83,981.4,407.9,3123,104090,2,1
52046,83,981,411.9,3123,104092,2,1
52047,83,980.7,412.7,3123,104094,2,1
52048,83,980.3,409.7,3123,104096,2,1
52049,83,979.9,405.1,3123,104098,2,1
52050,83,979.7,400.5,3123,104100,2,1
52051,83,979.6,396,3123,104102,2,1
52052,83,980.2,391.9,3123,104104,2,1
52053,83,980.9,389.5,3123,104106,2,1
52054,83,981.6,389.3,3124,104108,2,1
52055,83,982.5,390.6,3124,104110,2,1
52056,83,983.3,394.4,3124,104112,2,1
52057,83,984,398.2,3124,104114,2,1
52058,83,984.5,401.8,3124,104116,2,1
52059,83,984.5,405.3,3124,104118,2,1
52060,83,984.2,408,3124,104120,2,1
52061,83,983.4,409.3,3124,104122,2,1
52062,83,982.7,410.4,3124,104124,2,1
52063,83,982,409.6,3124,104126,2,1
52064,83,981.3,408.8,3124,104128,2,1
52065,83,980.7,408.1,3124,104130,2,1
52066,83,980.1,407.3,3124,104132,2,1
52067,83,979.7,406.5,3124,104134,2,1
52068,83,979.9,405.6,3124,104136,2,1
52069,83,980.1,404.7,3124,104138,2,1
52070,83,980.5,404.4,3124,104140,2,1
52071,83,981,404.1,3125,104142,2,1
52072,83,981.5,403.8,3125,104144,2,1
52073,83,981.8,403.6,3125,104146,2,1
52074,83,982.1,403.6,3125,104148,2,1
52075,83,981.8,403.9,3125,104150,2,1
52076,83,981.3,404.3,3125,104152,2,1
52077,83,980.7,404.7,3125,104154,2,1
52078,83,980.6,405.1,3125,104156,2,1
52079,83,980.4,405.5,3125,104158,2,1
52080,83,980.3,405.7,3125,104160,2,1
52081,83,980.4,405.7,3125,104162,2,1
52082,83,981,405.6,3125,104164,2,1
52083,83,981.5,405.4,3125,104166,2,1
52084,83,982.1,405.1,3125,104168,2,1
52085,83,982.3,404.9,3125,104170,2,1
52086,83,982.4,404.4,3125,104172,2,1
52087,83,982.5,403.8,3126,104174,2,1
52088,83,982.7,403.2,3126,104176,2,1
52089,83,982.9,402.7,3126,104178,2,1
52090,83,982.9,402.3,3126,104180,2,1
52091,83,982.8,402.1,3126,104182,2,1
52092,83,982.6,402,3126,104184,2,1
52093,83,982.3,402.4,3126,104186,2,1
52094,83,981.8,402.8,3126,104188,2,1
52095,83,981.4,403.2,3126,104190,2,1
52096,83,980.9,403.4,3126,104192,2,1
52097,83,980.5,403.6,3126,104194,2,1
52098,83,980.2,403.6,3126,104196,2,1
52099,83,980,403.6,3126,104198,2,1
52100,83,980,403.6,3126,104200,2,1
52101,83,980.4,403.4,3126,104202,2,1
52102,83,980.6,403.2,3126,104204,2,1
52103,83,980.8,402.9,3126,104206,2,1
52104,83,980.6,402.7,3127,104208,2,1
52105,83,980.5,402.5,3127,104210,2,1
52106,83,980.3,402.5,3127,104212,2,1
52107,83,980.2,402.4,3127,104214,2,1
52108,83,980.3,402.4,3127,104216,2,1
52109,83,980.5,402.3,3127,104218,2,1
52110,83,980.8,402.2,3127,104220,2,1
52111,83,981.4,401.8,3127,104222,2,1
52112,83,981.9,400.9,3127,104224,2,1
52113,83,982.2,400,3127,104226,2,1
52114,83,982.4,399.2,3127,104228,2,1
52115,83,982.1,398.5,3127,104230,2,1
52116,83,981.8,397.9,3127,104232,2,1
52117,83,981.6,397.3,3127,104234,2,1
52118,83,981.3,396.9,3127,104236,2,1
52119,83,981.3,396.8,3127,104238,2,1
52120,83,981.2,396.8,3127,104240,2,1
52121,83,981.3,396.8,3128,104242,2,1
52122,83,981.5,396.8,3128,104244,2,1
52123,83,981.7,396.8,3128,104246,2,1
52124,83,981.8,396.8,3128,104248,2,1
52125,83,982.2,396.8,3128,104250,2,1
52126,83,982.5,396.9,3128,104252,2,1
52127,83,982.8,397,3128,104254,2,1
52128,83,982.9,397,3128,104256,2,1
52129,83,982.8,397.2,3128,104258,2,1
52130,83,982.6,397.4,3128,104260,2,1
52131,83,982.2,397.6,3128,104262,2,1
52132,83,981.6,397.9,3128,104264,2,1
52133,83,981,398.1,3128,104266,2,1
52134,83,980.4,398.3,3128,104268,2,1
52135,83,979.9,398.6,3128,104270,2,1
52136,83,979.7,398.7,3128,104272,2,1
52137,83,979.5,399,3129,104274,2,1
52138,83,979.5,399.2,3129,104276,2,1
52139,83,979.6,399.3,3129,104278,2,1
52140,83,979.6,399.4,3129,104280,2,1
52141,83,979.3,399.2,3129,104282,2,1
52142,83,979.1,399.1,3129,104284,2,1
52143,83,978.7,399,3129,104286,2,1
52144,83,978.2,399.1,3129,104288,2,1
52145,83,977.7,399.3,3129,104290,2,1
52146,83,977.4,399.6,3129,104292,2,1
52147,83,977.2,400.1,3129,104294,2,1
52148,83,977.4,400.6,3129,104296,2,1
52149,83,977.6,401,3129,104298,2,1
52150,83,977.4,401.5,3129,104300,2,1
52151,83,977.4,401.7,3129,104302,2,1
52152,83,977.3,401.9,3129,104304,2,1
52153,83,977,401.9,3129,104306,2,1
52154,83,976.7,402,3130,104308,2,1
52155,83,976.3,402,3130,104310,2,1
52156,83,975.7,402.3,3130,104312,2,1
52157,83,975.6,402.4,3130,104314,2,1
52158,83,975.4,402.6,3130,104316,2,1
52159,83,975.3,402.9,3130,104318,2,1
52160,83,975.2,403.2,3130,104320,2,1
52161,83,975.1,403.5,3130,104322,2,1
52162,83,975.2,403.6,3130,104324,2,1
52163,83,975.3,403.8,3130,104326,2,1
52164,83,975.4,403.9,3130,104328,2,1
52165,83,975.5,404,3130,104330,2,1
52166,83,975.6,404,3130,104332,2,1
52167,83,975.5,403.9,3130,104334,2,1
52168,83,975.5,403.7,3130,104336,2,1
52169,83,975.4,403.6,3130,104338,2,1
52170,83,975,403.5,3130,104340,2,1
52171,83,974.5,403.5,3131,104342,2,1
52172,83,974.1,403.5,3131,104344,2,1
52173,83,973.8,403.5,3131,104346,2,1
52174,83,973.6,403.4,3131,104348,2,1
52175,83,973.4,403.6,3131,104350,2,1
52176,83,973.1,403.7,3131,104352,2,1
52177,83,973.2,403.8,3131,104354,2,1
52178,83,973.2,403.8,3131,104356,2,1
52179,83,973.3,403.9,3131,104358,2,1
52180,83,973.7,403.9,3131,104360,2,1
52181,83,974.3,403.7,3131,104362,2,1
52182,83,974.7,403.5,3131,104364,2,1
52183,83,975.1,403.4,3131,104366,2,1
52184,83,975.3,403.2,3131,104368,2,1
52185,83,975.4,403,3131,104370,2,1
52186,83,975.2,403.3,3131,104372,2,1
52187,83,974.6,403.6,3132,104374,2,1
52188,83,973.6,404.2,3132,104376,2,1
52189,83,972.7,404.7,3132,104378,2,1
52190,83,971.8,405.2,3132,104380,2,1
52191,83,971.1,405.7,3132,104382,2,1
52192,83,970.5,406.3,3132,104384,2,1
52193,83,970.1,406.9,3132,104386,2,1
52194,83,969.9,407.7,3132,104388,2,1
52195,83,969.8,408.3,3132,104390,2,1
52196,83,969.7,408.9,3132,104392,2,1
52197,83,969.6,409.3,3132,104394,2,1
52198,83,969.6,409.7,3132,104396,2,1
52199,83,969.4,410,3132,104398,2,1
52200,83,969.2,409.9,3132,104400,2,1
52201,83,968.9,409.8,3132,104402,2,1
52202,83,968.6,409.8,3132,104404,2,1
52203,83,968.3,410.2,3132,104406,2,1
52204,83,967.9,410.5,3133,104408,2,1
52205,83,967.8,410.7,3133,104410,2,1
52206,83,967.7,410.9,3133,104412,2,1
52207,83,967.9,411.3,3133,104414,2,1
52208,83,968.3,411.5,3133,104416,2,1
52209,83,968.6,411.8,3133,104418,2,1
52210,83,968.5,412.2,3133,104420,2,1
52211,83,968.5,412.7,3133,104422,2,1
52212,83,968.3,413.1,3133,104424,2,1
52213,83,968.2,413.4,3133,104426,2,1
52214,83,967.8,413.6,3133,104428,2,1
52215,83,967.4,413.8,3133,104430,2,1
52216,83,966.9,414.3,3133,104432,2,1
52217,83,966.7,415.1,3133,104434,2,1
52218,83,966.5,415.9,3133,104436,2,1
52219,83,966.3,417.9,3133,104438,2,1
52220,83,965.6,420.5,3133,104440,2,1
52221,83,964,424.2,3134,104442,2,1
52222,83,962.5,429.1,3134,104444,2,1
52223,83,961,433.8,3134,104446,2,1
52224,83,959.6,438.1,3134,104448,2,1
52225,83,958.2,442.4,3134,104450,2,1
52226,83,956.7,445.5,3134,104452,2,1
52227,83,955.8,448,3134,104454,2,1
52228,83,955.8,449.2,3134,104456,2,1
52229,83,955.9,448.9,3134,104458,2,1
52230,83,956.1,448.5,3134,104460,2,1
52231,83,956.3,448.1,3134,104462,2,1
52232,83,956.5,447.7,3134,104464,2,1
52233,83,956.7,447.2,3134,104466,2,1
52234,83,957,447,3134,104468,2,1
52235,83,957.2,447,3134,104470,2,1
52236,83,957.4,447.3,3134,104472,2,1
52237,83,957.6,447.4,3135,104474,2,1
52238,83,957.9,447.6,3135,104476,2,1
52239,83,958.1,447.8,3135,104478,2,1
52240,83,958.3,448.3,3135,104480,2,1
52241,83,958.2,448.8,3135,104482,2,1
52242,83,958,449.2,3135,104484,2,1
52243,83,957.9,449.7,3135,104486,2,1
52244,83,957.7,450.1,3135,104488,2,1
52245,83,957.5,450.4,3135,104490,2,1
52246,83,957.2,450.7,3135,104492,2,1
52247,83,956.9,451,3135,104494,2,1
52248,83,956.6,451.3,3135,104496,2,1
52249,83,956.3,451.5,3135,104498,2,1
52250,83,956.1,451.6,3135,104500,2,1
52251,83,955.9,451.7,3135,104502,2,1
52252,83,955.4,452.1,3135,104504,2,1
52253,83,954.9,452.4,3135,104506,2,1
52254,83,954.5,452.7,3136,104508,2,1
52255,83,954.4,452.9,3136,104510,2,1
52256,83,954.5,452.9,3136,104512,2,1
52257,83,955.1,452.8,3136,104514,2,1
52258,83,955.6,452.5,3136,104516,2,1
52259,83,956.5,451.9,3136,104518,2,1
52260,83,957.5,451.3,3136,104520,2,1
52261,83,958.4,450.8,3136,104522,2,1
52262,83,959,450.4,3136,104524,2,1
52263,83,958.6,450.1,3136,104526,2,1
52264,83,957.7,449.9,3136,104528,2,1
52265,83,956.7,450,3136,104530,2,1
52266,83,955.5,450.3,3136,104532,2,1
52267,83,954.4,450.4,3136,104534,2,1
52268,83,953.4,450.4,3136,104536,2,1
52269,83,952.9,450.4,3136,104538,2,1
52270,83,953.6,450.3,3136,104540,2,1
52271,83,954.7,450.2,3137,104542,2,1
52272,83,956,449.2,3137,104544,2,1
52273,83,957.3,448.3,3137,104546,2,1
52274,83,958.6,447.4,3137,104548,2,1
52275,83,959.6,446.8,3137,104550,2,1
52276,83,960.4,446.2,3137,104552,2,1
52277,83,960.9,445.6,3137,104554,2,1
52278,83,961.1,444.9,3137,104556,2,1
52279,83,961.2,444.9,3137,104558,2,1
52280,83,961.1,445,3137,104560,2,1
52281,83,960.9,445.2,3137,104562,2,1
52282,83,960.7,445.3,3137,104564,2,1
52283,83,960.4,445.4,3137,104566,2,1
52284,83,960,445.4,3137,104568,2,1
52285,83,959.7,445.5,3137,104570,2,1
52286,83,959.5,445.4,3137,104572,2,1
52287,83,959.5,445.3,3138,104574,2,1
52288,83,959.5,445.3,3138,104576,2,1
52289,83,959.5,445.3,3138,104578,2,1
52290,83,959.6,444.9,3138,104580,2,1
52291,83,959.9,444.5,3138,104582,2,1
52292,83,960.2,444.1,3138,104584,2,1
52293,83,960.5,443.5,3138,104586,2,1
52294,83,960.9,442.8,3138,104588,2,1
52295,83,961.2,442.4,3138,104590,2,1
52296,83,961.6,442.2,3138,104592,2,1
52297,83,962,442.3,3138,104594,2,1
52298,83,962.3,442.2,3138,104596,2,1
52299,83,962.6,442.3,3138,104598,2,1
52300,83,962.9,442.4,3138,104600,2,1
52301,83,963.2,442.4,3138,104602,2,1
52302,83,963.5,442.4,3138,104604,2,1
52303,83,963.5,442.4,3138,104606,2,1
52304,83,963.5,442.5,3139,104608,2,1
52305,83,963.5,442.6,3139,104610,2,1
52306,83,963.5,442.6,3139,104612,2,1
52307,83,963.6,442.6,3139,104614,2,1
52308,83,963.6,442.5,3139,104616,2,1
52309,83,963.6,442.4,3139,104618,2,1
52310,83,963.9,442.3,3139,104620,2,1
52311,83,964.1,442.3,3139,104622,2,1
52312,83,964.5,442.4,3139,104624,2,1
52313,83,964.9,442.5,3139,104626,2,1
52314,83,965.4,442.6,3139,104628,2,1
52315,83,966,442.2,3139,104630,2,1
52316,83,966.4,441.9,3139,104632,2,1
52317,83,966.7,441.4,3139,104634,2,1
52318,83,966.8,441,3139,104636,2,1
52319,83,966.5,440.4,3139,104638,2,1
52320,83,966.2,439.8,3139,104640,2,1
52321,83,965.8,439.1,3140,104642,2,1
52322,83,965.4,439,3140,104644,2,1
52323,83,965,439.5,3140,104646,2,1
52324,83,964.7,439.9,3140,104648,2,1
52325,83,964.4,440.2,3140,104650,2,1
52326,83,964.4,440,3140,104652,2,1
52327,83,964.4,439.7,3140,104654,2,1
52328,83,964.3,439.5,3140,104656,2,1
52329,83,963.9,439.4,3140,104658,2,1
52330,83,963.5,438.6,3140,104660,2,1
52331,83,962.9,438.2,3140,104662,2,1
52332,83,962.1,438,3140,104664,2,1
52333,83,961.4,438.7,3140,104666,2,1
52334,83,960.8,439.2,3140,104668,2,1
52335,83,960.5,439.8,3140,104670,2,1
52336,83,960.4,440.3,3140,104672,2,1
52337,83,960.4,440.8,3141,104674,2,1
52338,83,960.6,441.4,3141,104676,2,1
52339,83,961.2,441.8,3141,104678,2,1
52340,83,961.6,441.9,3141,104680,2,1
52341,83,962,441.9,3141,104682,2,1
52342,83,962.1,442.1,3141,104684,2,1
52343,83,962.4,442.2,3141,104686,2,1
52344,83,962.7,442.2,3141,104688,2,1
52345,83,962.9,442.2,3141,104690,2,1
52346,83,962.9,442.1,3141,104692,2,1
52347,83,962.9,442.1,3141,104694,2,1
52348,83,963,441.9,3141,104696,2,1
52349,83,963.1,441.7,3141,104698,2,1
52350,83,963,441.5,3141,104700,2,1
52351,83,962.8,440.8,3141,104702,2,1
52352,83,962.5,440.2,3141,104704,2,1
52353,83,961.9,439.6,3141,104706,2,1
52354,83,961.4,439,3142,104708,2,1
52355,83,960.7,438.5,3142,104710,2,1
52356,83,960.1,438.3,3142,104712,2,1
52357,83,959.5,438.2,3142,104714,2,1
52358,83,959,438.4,3142,104716,2,1
52359,83,958.6,438.7,3142,104718,2,1
52360,83,958.6,438.7,3142,104720,2,1
52361,83,958.6,438.9,3142,104722,2,1
52362,83,958.7,438.9,3142,104724,2,1
52363,83,958.8,439,3142,104726,2,1
52364,83,959.4,439.1,3142,104728,2,1
52365,83,959.9,439.2,3142,104730,2,1
52366,83,960.4,439.4,3142,104732,2,1
52367,83,961.2,439.6,3142,104734,2,1
52368,83,962,439.8,3142,104736,2,1
52369,83,962.8,440,3142,104738,2,1
52370,83,963.5,439.9,3142,104740,2,1
52371,83,963.8,439.7,3143,104742,2,1
52372,83,964.1,439.4,3143,104744,2,1
52373,83,964.3,439,3143,104746,2,1
52374,83,964.4,438.3,3143,104748,2,1
52375,83,964.4,437.6,3143,104750,2,1
52376,83,964.4,436.9,3143,104752,2,1
52377,83,964.3,436.2,3143,104754,2,1
52378,83,964.2,435.9,3143,104756,2,1
52379,83,963.8,436.4,3143,104758,2,1
52380,83,963.5,437,3143,104760,2,1
52381,83,963.1,438,3143,104762,2,1
52382,83,962.8,438.8,3143,104764,2,1
52383,83,962.5,439.7,3143,104766,2,1
52384,83,962.3,440.4,3143,104768,2,1
52385,83,962.1,441.2,3143,104770,2,1
52386,83,962.1,441.2,3143,104772,2,1
52387,83,962.5,440.9,3144,104774,2,1
52388,83,963.1,440.6,3144,104776,2,1
52389,83,963.7,440.3,3144,104778,2,1
52390,83,964.4,439.8,3144,104780,2,1
52391,83,964.9,439.5,3144,104782,2,1
52392,83,965.4,439.2,3144,104784,2,1
52393,83,965.9,439.2,3144,104786,2,1
52394,83,966,439.9,3144,104788,2,1
52395,83,965.9,440.5,3144,104790,2,1
52396,83,965.7,441.3,3144,104792,2,1
52397,83,965.5,442.2,3144,104794,2,1
52398,83,965.4,442.8,3144,104796,2,1
52399,83,965.3,443.5,3144,104798,2,1
52400,83,965.1,443.8,3144,104800,2,1
52401,83,964.9,443.6,3144,104802,2,1
52402,83,964.4,443.3,3144,104804,2,1
52403,83,963.7,442.9,3144,104806,2,1
52404,83,963.2,442.4,3145,104808,2,1
52405,83,962.7,442,3145,104810,2,1
52406,83,962.8,441.5,3145,104812,2,1
52407,83,962.7,441,3145,104814,2,1
52408,83,963,440.7,3145,104816,2,1
52409,83,963.5,440.3,3145,104818,2,1
52410,83,964.2,440,3145,104820,2,1
52411,83,964.7,439.7,3145,104822,2,1
52412,83,965.2,439.5,3145,104824,2,1
52413,83,965.3,439.3,3145,104826,2,1
52414,83,965.5,439.3,3145,104828,2,1
52415,83,965.6,439.3,3145,104830,2,1
52416,83,965.6,439.5,3145,104832,2,1
52417,83,965.8,439.8,3145,104834,2,1
52418,83,966,440.1,3145,104836,2,1
52419,83,966.1,440.5,3145,104838,2,1
52420,83,966.3,440.8,3145,104840,2,1
52421,83,966.3,441.1,3146,104842,2,1
52422,83,966.3,441.2,3146,104844,2,1
52423,83,966.3,441.1,3146,104846,2,1
52424,83,966.4,441.1,3146,104848,2,1
52425,83,966.4,440.9,3146,104850,2,1
52426,83,966.4,440.7,3146,104852,2,1
52427,83,966.4,440.6,3146,104854,2,1
52428,83,966.4,440.3,3146,104856,2,1
52429,83,966.5,439.6,3146,104858,2,1
52430,83,966.6,439,3146,104860,2,1
52431,83,966.8,438.4,3146,104862,2,1
52432,83,966.9,437.8,3146,104864,2,1
52433,83,967.2,437.1,3146,104866,2,1
52434,83,967.6,436.5,3146,104868,2,1
52435,83,967.8,436,3146,104870,2,1
52436,83,968.2,435.8,3146,104872,2,1
52437,83,968.6,435.7,3146,104874,2,1
52438,83,968.9,435.8,3147,104876,2,1
52439,83,969.2,436,3147,104878,2,1
52440,83,969.2,436.6,3147,104880,2,1
52441,83,969.2,437.3,3147,104882,2,1
52442,83,969.2,438,3147,104884,2,1
52443,83,969.1,438.7,3147,104886,2,1
52444,83,969,439.4,3147,104888,2,1
52445,83,968.9,440,3147,104890,2,1
52446,83,968.9,440.6,3147,104892,2,1
52447,83,969,440.7,3147,104894,2,1
52448,83,969.1,440.9,3147,104896,2,1
52449,83,969.2,441.1,3147,104898,2,1
52450,83,969.3,441.6,3147,104900,2,1
52451,83,969.3,442.1,3147,104902,2,1
52452,83,969.4,442.6,3147,104904,2,1
52453,83,969.4,443.1,3147,104906,2,1
52454,83,969.4,442.6,3148,104908,2,1
52455,83,969.8,441.8,3148,104910,2,1
52456,83,970.3,440.8,3148,104912,2,1
52457,83,970.9,439.6,3148,104914,2,1
52458,83,971.6,438.5,3148,104916,2,1
52459,83,972.2,437.5,3148,104918,2,1
52460,83,972.9,436.5,3148,104920,2,1
52461,83,973.5,436.3,3148,104922,2,1
52462,83,973.6,436.5,3148,104924,2,1
52463,83,973.8,436.6,3148,104926,2,1
52464,83,973.9,436.7,3148,104928,2,1
52465,83,973.8,436.9,3148,104930,2,1
52466,83,973.8,437,3148,104932,2,1
52467,83,973.8,437,3148,104934,2,1
52468,83,973.8,437.1,3148,104936,2,1
52469,83,973.7,437.2,3148,104938,2,1
52470,83,973.7,437.4,3148,104940,2,1
52471,83,973.7,437.7,3149,104942,2,1
52472,83,973.8,437.9,3149,104944,2,1
52473,83,973.8,438,3149,104946,2,1
52474,83,973.5,438.1,3149,104948,2,1
52475,83,973.3,438.4,3149,104950,2,1
52476,83,973.1,438.7,3149,104952,2,1
52477,83,972.8,439,3149,104954,2,1
52478,83,972.3,439.3,3149,104956,2,1
52479,83,971.8,439.7,3149,104958,2,1
52480,83,971.3,440,3149,104960,2,1
52481,83,971.2,440.4,3149,104962,2,1
52482,83,971.2,440.3,3149,104964,2,1
52483,83,971.6,440.4,3149,104966,2,1
52484,83,972.1,440.5,3149,104968,2,1
52485,83,972.6,440.5,3149,104970,2,1
52486,83,973.2,440.5,3149,104972,2,1
52487,83,973.7,440.5,3149,104974,2,1
52488,83,973.8,440.5,3150,104976,2,1
52489,83,973.9,440.3,3150,104978,2,1
52490,83,973.4,440.2,3150,104980,2,1
52491,83,972.9,440.1,3150,104982,2,1
52492,83,972.5,439.9,3150,104984,2,1
52493,83,972.1,439.9,3150,104986,2,1
52494,83,971.8,439.9,3150,104988,2,1
52495,83,972,440,3150,104990,2,1
52496,83,972.2,440.2,3150,104992,2,1
52497,83,972.5,440.4,3150,104994,2,1
52498,83,972.7,440.7,3150,104996,2,1
52499,83,972.8,440.9,3150,104998,2,1
52500,83,972.8,441.1,3150,105000,2,1
52501,83,972.5,441.2,3150,105002,2,1
52502,83,972.3,441.1,3150,105004,2,1
52503,83,972,441,3150,105006,2,1
52504,83,971.8,440.9,3151,105008,2,1
52505,83,971.5,440.7,3151,105010,2,1
52506,83,971.3,440.3,3151,105012,2,1
52507,83,971.1,439.9,3151,105014,2,1
52508,83,971.1,439.5,3151,105016,2,1
52509,83,971,439.2,3151,105018,2,1
52510,83,970.9,438.9,3151,105020,2,1
52511,83,971,438.9,3151,105022,2,1
52512,83,971.2,439,3151,105024,2,1
52513,83,971.5,439.3,3151,105026,2,1
52514,83,971.9,439.6,3151,105028,2,1
52515,83,972.3,439.9,3151,105030,2,1
52516,83,972.6,440.1,3151,105032,2,1
52517,83,972.9,440.3,3151,105034,2,1
52518,83,973.1,440.4,3151,105036,2,1
52519,83,973,440.4,3151,105038,2,1
52520,83,973,440.4,3151,105040,2,1
52521,83,972.9,440.2,3152,105042,2,1
52522,83,972.9,439.7,3152,105044,2,1
52523,83,972.9,439.2,3152,105046,2,1
52524,83,972.8,438.7,3152,105048,2,1
52525,83,972.8,438.3,3152,105050,2,1
52526,83,972.7,438.3,3152,105052,2,1
52527,83,972.7,438.3,3152,105054,2,1
52528,83,972.7,438.9,3152,105056,2,1
52529,83,972.7,439.8,3152,105058,2,1
52530,83,972.8,440.6,3152,105060,2,1
52531,83,972.8,441.4,3152,105062,2,1
52532,83,973.1,442,3152,105064,2,1
52533,83,973.5,442.3,3152,105066,2,1
52534,83,974.1,442.5,3152,105068,2,1
52535,83,974.6,442.2,3152,105070,2,1
52536,83,975.2,441.9,3152,105072,2,1
52537,83,975.7,441.6,3152,105074,2,1
52538,83,976.2,441.4,3153,105076,2,1
52539,83,976.6,441.2,3153,105078,2,1
52540,83,976.8,440.9,3153,105080,2,1
52541,83,976.8,440.6,3153,105082,2,1
52542,83,976.7,440.3,3153,105084,2,1
52543,83,976.7,440.2,3153,105086,2,1
52544,83,976.7,440.1,3153,105088,2,1
52545,83,976.6,440.1,3153,105090,2,1
52546,83,976.9,440.2,3153,105092,2,1
52547,83,978.9,440,3153,105094,2,1
52548,83,981.5,439,3153,105096,2,1
52549,83,985.6,437.6,3153,105098,2,1
52550,83,992.5,435.3,3153,105100,2,1
52551,83,1001.1,431.3,3153,105102,2,1
52552,83,1013.1,425.6,3153,105104,2,1
52553,83,1025.7,417.5,3153,105106,2,1
52554,83,1039.1,408.7,3154,105108,2,1
52555,83,1052.2,400.8,3154,105110,2,1
52556,83,1064.2,393.2,3154,105112,2,1
52557,83,1075.1,386.4,3154,105114,2,1
52558,83,1084.3,381.5,3154,105116,2,1
52559,83,1090,378.9,3154,105118,2,1
52560,83,1095.3,378.6,3154,105120,2,1
52561,83,1098.5,380.1,3154,105122,2,1
52562,83,1101.6,381.6,3154,105124,2,1
52563,83,1104.6,383.1,3154,105126,2,1
52564,83,1106,384.6,3154,105128,2,1
52565,83,1107.5,386.1,3154,105130,2,1
52566,83,1109.1,387,3154,105132,2,1
52567,83,1110.4,387.9,3154,105134,2,1
52568,83,1111.3,387.7,3154,105136,2,1
52569,83,1111.9,387.4,3154,105138,2,1
52570,83,1112.5,387.1,3154,105140,2,1
52571,83,1113.2,386.7,3155,105142,2,1
52572,83,1114.1,386.2,3155,105144,2,1
52573,83,1114.9,385.6,3155,105146,2,1
52574,83,1116.1,385.1,3155,105148,2,1
52575,83,1117.3,384.6,3155,105150,2,1
52576,83,1118.4,384.1,3155,105152,2,1
52577,83,1119.6,383.8,3155,105154,2,1
52578,83,1120.6,383.9,3155,105156,2,1
52579,83,1121,384.3,3155,105158,2,1
52580,83,1121.4,384.8,3155,105160,2,1
52581,83,1121.6,385.1,3155,105162,2,1
52582,83,1121.8,385.5,3155,105164,2,1
52583,83,1122,385.7,3155,105166,2,1
52584,83,1121.9,386.1,3155,105168,2,1
52585,83,1121.9,386.1,3155,105170,2,1
52586,83,1121.8,385.6,3155,105172,2,1
52587,83,1121.9,385.1,3155,105174,2,1
52588,83,1121.9,384.7,3156,105176,2,1
52589,83,1121.7,384.3,3156,105178,2,1
52590,83,1121.5,384,3156,105180,2,1
52591,83,1121.2,383.8,3156,105182,2,1
52592,83,1121,383.6,3156,105184,2,1
52593,83,1121,383.5,3156,105186,2,1
52594,83,1121.5,383.2,3156,105188,2,1
52595,83,1122.1,382.9,3156,105190,2,1
52596,83,1122.8,382.6,3156,105192,2,1
52597,83,1123.6,382.3,3156,105194,2,1
52598,83,1124.1,382.2,3156,105196,2,1
52599,83,1124.4,382.1,3156,105198,2,1
52600,83,1124.7,382.3,3156,105200,2,1
52601,83,1124.5,382.4,3156,105202,2,1
52602,83,1124.3,382.5,3156,105204,2,1
52603,83,1124.1,382.5,3156,105206,2,1
52604,83,1123.8,382.5,3157,105208,2,1
52605,83,1123.8,382.6,3157,105210,2,1
52606,83,1123.7,382.7,3157,105212,2,1
52607,83,1123.7,382.8,3157,105214,2,1
52608,83,1123.6,383.1,3157,105216,2,1
52609,83,1123.8,383.4,3157,105218,2,1
52610,83,1124.2,383.5,3157,105220,2,1
52611,83,1124.6,383.7,3157,105222,2,1
52612,83,1124.9,383.7,3157,105224,2,1
52613,83,1125.1,383.8,3157,105226,2,1
52614,83,1125.3,384,3157,105228,2,1
52615,83,1125.2,384.2,3157,105230,2,1
52616,83,1125,384.4,3157,105232,2,1
52617,83,1124.2,384.7,3157,105234,2,1
52618,83,1123.2,385.1,3157,105236,2,1
52619,83,1122.2,385.5,3157,105238,2,1
52620,83,1121.4,385.8,3157,105240,2,1
52621,83,1120.6,386,3158,105242,2,1
52622,83,1120,386.1,3158,105244,2,1
52623,83,1119.4,386,3158,105246,2,1
52624,83,1118.4,385.9,3158,105248,2,1
52625,83,1117.7,385.7,3158,105250,2,1
52626,83,1117,385.5,3158,105252,2,1
52627,83,1116.3,385.3,3158,105254,2,1
52628,83,1115.7,385.1,3158,105256,2,1
52629,83,1115.3,385,3158,105258,2,1
52630,83,1114.9,385.3,3158,105260,2,1
52631,83,1115.4,385.6,3158,105262,2,1
52632,83,1116,385.7,3158,105264,2,1
52633,83,1116.5,386.1,3158,105266,2,1
52634,83,1116.9,386.6,3158,105268,2,1
52635,83,1117.3,387.2,3158,105270,2,1
52636,83,1117.4,387.7,3158,105272,2,1
52637,83,1117.5,388,3158,105274,2,1
52638,83,1117.3,388.4,3159,105276,2,1
52639,83,1117.1,388.9,3159,105278,2,1
52640,83,1117,389.2,3159,105280,2,1
52641,83,1116.8,389.3,3159,105282,2,1
52642,83,1116.8,389.4,3159,105284,2,1
52643,83,1116.7,389.7,3159,105286,2,1
52644,83,1116.7,389.8,3159,105288,2,1
52645,83,1116.7,389.9,3159,105290,2,1
52646,83,1116.7,388.9,3159,105292,2,1
52647,83,1116.5,387.9,3159,105294,2,1
52648,83,1116.3,387,3159,105296,2,1
52649,83,1116,386,3159,105298,2,1
52650,83,1115.9,384.9,3159,105300,2,1
52651,83,1115.7,383.9,3159,105302,2,1
52652,83,1115.5,382.9,3159,105304,2,1
52653,83,1115.7,383.8,3159,105306,2,1
52654,83,1115.9,384.6,3160,105308,2,1
52655,83,1116.2,385.4,3160,105310,2,1
52656,83,1116.5,386.3,3160,105312,2,1
52657,83,1116.9,387.3,3160,105314,2,1
52658,83,1117.3,388.2,3160,105316,2,1
52659,83,1117.7,389.1,3160,105318,2,1
52660,83,1117.9,389.1,3160,105320,2,1
52661,83,1117.9,389.2,3160,105322,2,1
52662,83,1117.9,389.3,3160,105324,2,1
52663,83,1117.8,389.2,3160,105326,2,1
52664,83,1117.7,389,3160,105328,2,1
52665,83,1117.4,388.9,3160,105330,2,1
52666,83,1117,388.8,3160,105332,2,1
52667,83,1116.5,388.7,3160,105334,2,1
52668,83,1116.2,388.5,3160,105336,2,1
52669,83,1115.9,388.3,3160,105338,2,1
52670,83,1115.4,388.3,3160,105340,2,1
52671,83,1114.9,388.3,3161,105342,2,1
52672,83,1114.3,388.3,3161,105344,2,1
52673,83,1113.8,388.4,3161,105346,2,1
52674,83,1113.3,388.6,3161,105348,2,1
52675,83,1113,388.7,3161,105350,2,1
52676,83,1112.8,388.9,3161,105352,2,1
52677,83,1112.6,389,3161,105354,2,1
52678,83,1112.4,389.4,3161,105356,2,1
52679,83,1112.4,389.7,3161,105358,2,1
52680,83,1112.5,390.1,3161,105360,2,1
52681,83,1112.6,390.5,3161,105362,2,1
52682,83,1112.5,391,3161,105364,2,1
52683,83,1112.5,391.4,3161,105366,2,1
52684,83,1112.6,391.8,3161,105368,2,1
52685,83,1112.7,392.1,3161,105370,2,1
52686,83,1112.7,392.3,3161,105372,2,1
52687,83,1112.8,392.1,3161,105374,2,1
52688,83,1113,391.8,3162,105376,2,1
52689,83,1113.2,391.2,3162,105378,2,1
52690,83,1113.5,390.4,3162,105380,2,1
52691,83,1114,389.6,3162,105382,2,1
52692,83,1114.5,389.1,3162,105384,2,1
52693,83,1114.9,388.6,3162,105386,2,1
52694,83,1115.3,388.1,3162,105388,2,1
52695,83,1115.6,387.7,3162,105390,2,1
52696,83,1116,387.4,3162,105392,2,1
52697,83,1116.5,387.3,3162,105394,2,1
52698,83,1116.5,387.1,3162,105396,2,1
52699,83,1116.3,387,3162,105398,2,1
52700,83,1116,387,3162,105400,2,1
52701,83,1115.8,387.1,3162,105402,2,1
52702,83,1115.4,387.1,3162,105404,2,1
52703,83,1115.1,388.2,3162,105406,2,1
52704,83,1114.7,389.3,3163,105408,2,1
52705,83,1114.3,390.4,3163,105410,2,1
52706,83,1114,391.5,3163,105412,2,1
52707,83,1113.9,392.4,3163,105414,2,1
52708,83,1113.9,393.2,3163,105416,2,1
52709,83,1114,394.1,3163,105418,2,1
52710,83,1114,393.8,3163,105420,2,1
52711,83,1114.2,393.3,3163,105422,2,1
52712,83,1114.1,392.5,3163,105424,2,1
52713,83,1114.1,391.7,3163,105426,2,1
52714,83,1113.9,390.9,3163,105428,2,1
52715,83,1113.7,390.1,3163,105430,2,1
52716,83,1113.3,389.5,3163,105432,2,1
52717,83,1112.6,389,3163,105434,2,1
52718,83,1111.9,388.6,3163,105436,2,1
52719,83,1111.3,388.7,3163,105438,2,1
52720,83,1110.8,388.8,3163,105440,2,1
52721,83,1110.5,389,3164,105442,2,1
52722,83,1110.8,389.1,3164,105444,2,1
52723,83,1112.2,389.1,3164,105446,2,1
52724,83,1113.8,389.2,3164,105448,2,1
52725,83,1115.4,389.3,3164,105450,2,1
52726,83,1117.3,389.9,3164,105452,2,1
52727,83,1122,390.4,3164,105454,2,1
52728,83,1126.6,391.5,3164,105456,2,1
52729,83,1130.7,392.8,3164,105458,2,1
52730,83,1133.9,394.2,3164,105460,2,1
52731,83,1137.1,395.6,3164,105462,2,1
52732,83,1140.1,396.7,3164,105464,2,1
52733,83,1142.7,397.4,3164,105466,2,1
52734,83,1142.5,398.1,3164,105468,2,1
52735,83,1141.3,398.4,3164,105470,2,1
52736,83,1140.2,398.5,3164,105472,2,1
52737,83,1139.1,398.5,3164,105474,2,1
52738,83,1138.2,398.8,3165,105476,2,1
52739,83,1137.7,399.1,3165,105478,2,1
52740,83,1138.3,399.2,3165,105480,2,1
52741,83,1139,398.9,3165,105482,2,1
52742,83,1140.4,398.6,3165,105484,2,1
52743,83,1141.9,398.3,3165,105486,2,1
52744,83,1143.4,398.1,3165,105488,2,1
52745,83,1144.6,397.7,3165,105490,2,1
52746,83,1145.2,397.5,3165,105492,2,1
52747,83,1144.8,397.4,3165,105494,2,1
52748,83,1144.1,397.7,3165,105496,2,1
52749,83,1143.4,397.8,3165,105498,2,1
52750,83,1142.7,397.5,3165,105500,2,1
52751,83,1141.5,397,3165,105502,2,1
52752,83,1140.3,396.6,3165,105504,2,1
52753,83,1139.4,396.2,3165,105506,2,1
52754,83,1138.7,395.9,3166,105508,2,1
52755,83,1138.8,395.5,3166,105510,2,1
52756,83,1138.9,395.2,3166,105512,2,1
52757,83,1139,395.2,3166,105514,2,1
52758,83,1139.7,395.2,3166,105516,2,1
52759,83,1140.3,395.2,3166,105518,2,1
52760,83,1141,395.5,3166,105520,2,1
52761,83,1141.5,395.8,3166,105522,2,1
52762,83,1141.6,396.2,3166,105524,2,1
52763,83,1141.7,396.8,3166,105526,2,1
52764,83,1141.7,397.3,3166,105528,2,1
52765,83,1141.7,397.9,3166,105530,2,1
52766,83,1141.9,398.4,3166,105532,2,1
52767,83,1142.1,398.5,3166,105534,2,1
52768,83,1142.3,398.6,3166,105536,2,1
52769,83,1142.6,398.6,3166,105538,2,1
52770,83,1142.9,398.6,3166,105540,2,1
52771,83,1143.2,398.5,3167,105542,2,1
52772,83,1143.6,398.5,3167,105544,2,1
52773,83,1143.9,398.4,3167,105546,2,1
52774,83,1144.1,398.3,3167,105548,2,1
52775,83,1144.4,398,3167,105550,2,1
52776,83,1144.7,397.8,3167,105552,2,1
52777,83,1145,397.8,3167,105554,2,1
52778,83,1145.3,397.6,3167,105556,2,1
52779,83,1145.4,397.6,3167,105558,2,1
52780,83,1145.5,397.6,3167,105560,2,1
52781,83,1145.6,397.5,3167,105562,2,1
52782,83,1145.6,397.6,3167,105564,2,1
52783,83,1145.6,397.5,3167,105566,2,1
52784,83,1145.6,397.2,3167,105568,2,1
52785,83,1145.6,397.1,3167,105570,2,1
52786,83,1145.6,396.9,3167,105572,2,1
52787,83,1145.7,396.9,3167,105574,2,1
52788,83,1145.7,397.1,3168,105576,2,1
52789,83,1145.8,397,3168,105578,2,1
52790,83,1145.8,396.7,3168,105580,2,1
52791,83,1145.6,396.7,3168,105582,2,1
52792,83,1145.3,396.9,3168,105584,2,1
52793,83,1144.4,397.2,3168,105586,2,1
52794,83,1143.5,397.5,3168,105588,2,1
52795,83,1142.7,397.7,3168,105590,2,1
52796,83,1141.9,398,3168,105592,2,1
52797,83,1141.1,398.6,3168,105594,2,1
52798,83,1140.4,399.1,3168,105596,2,1
52799,83,1139.7,399.3,3168,105598,2,1
52800,83,1140,399.3,3168,105600,2,1
52801,83,1140.4,399.2,3168,105602,2,1
52802,83,1141.2,399,3168,105604,2,1
52803,83,1141.9,398.7,3168,105606,2,1
52804,83,1142.7,398.2,3169,105608,2,1
52805,83,1143.4,397.9,3169,105610,2,1
52806,83,1144.1,397.6,3169,105612,2,1
52807,83,1144.5,397.5,3169,105614,2,1
52808,83,1144.8,397.4,3169,105616,2,1
52809,83,1144.5,397.5,3169,105618,2,1
52810,83,1144.3,397.7,3169,105620,2,1
52811,83,1144.3,398.1,3169,105622,2,1
52812,83,1144.4,398.4,3169,105624,2,1
52813,83,1144.9,398.6,3169,105626,2,1
52814,83,1145.5,398.7,3169,105628,2,1
52815,83,1146.4,398.8,3169,105630,2,1
52816,83,1147.5,398.9,3169,105632,2,1
52817,83,1148.5,399,3169,105634,2,1
52818,83,1149.7,398.9,3169,105636,2,1
52819,83,1150.5,398,3169,105638,2,1
52820,83,1151.3,396.9,3169,105640,2,1
52821,83,1151.9,396,3170,105642,2,1
52822,83,1152.1,395.7,3170,105644,2,1
52823,83,1152,395.4,3170,105646,2,1
52824,83,1151.9,395.1,3170,105648,2,1
52825,83,1151.7,395,3170,105650,2,1
52826,83,1151.6,395.4,3170,105652,2,1
52827,83,1151.8,396,3170,105654,2,1
52828,83,1151.8,396.6,3170,105656,2,1
52829,83,1152.1,396.8,3170,105658,2,1
52830,83,1152.4,396.9,3170,105660,2,1
52831,83,1152.8,396.9,3170,105662,2,1
52832,83,1153.1,397,3170,105664,2,1
52833,83,1153.2,397.2,3170,105666,2,1
52834,83,1153,397.4,3170,105668,2,1
52835,83,1152.9,398.1,3170,105670,2,1
52836,83,1152.8,398.6,3170,105672,2,1
52837,83,1152.9,399,3170,105674,2,1
52838,83,1152.9,399.5,3171,105676,2,1
52839,83,1152.9,399.8,3171,105678,2,1
52840,83,1152.9,400.3,3171,105680,2,1
52841,83,1152.9,400.6,3171,105682,2,1
52842,83,1152.8,400.3,3171,105684,2,1
52843,83,1152.6,400,3171,105686,2,1
52844,83,1152.3,399.8,3171,105688,2,1
52845,83,1152.1,399.5,3171,105690,2,1
52846,83,1151.8,399.7,3171,105692,2,1
52847,83,1151.3,400,3171,105694,2,1
52848,83,1150.9,400.3,3171,105696,2,1
52849,83,1150.5,400.8,3171,105698,2,1
52850,83,1150.3,401.2,3171,105700,2,1
52851,83,1150.1,401.5,3171,105702,2,1
52852,83,1150.2,401.7,3171,105704,2,1
52853,83,1150.2,401.7,3171,105706,2,1
52854,83,1150.5,401.6,3172,105708,2,1
52855,83,1151.1,401.4,3172,105710,2,1
52856,83,1151.8,401.2,3172,105712,2,1
52857,83,1152.5,401,3172,105714,2,1
52858,83,1153.1,400.9,3172,105716,2,1
52859,83,1153.2,400.9,3172,105718,2,1
52860,83,1153.3,401,3172,105720,2,1
52861,83,1153.4,401.1,3172,105722,2,1
52862,83,1153.3,401,3172,105724,2,1
52863,83,1153.3,400.8,3172,105726,2,1
52864,83,1153.6,400.4,3172,105728,2,1
52865,83,1153.8,400,3172,105730,2,1
52866,83,1154.3,399.5,3172,105732,2,1
52867,83,1154.7,398.9,3172,105734,2,1
52868,83,1155.3,398.3,3172,105736,2,1
52869,83,1155.7,397.8,3172,105738,2,1
52870,83,1156.1,397.5,3172,105740,2,1
52871,83,1156.3,397.4,3173,105742,2,1
52872,83,1156.5,397.4,3173,105744,2,1
52873,83,1156.7,397.4,3173,105746,2,1
52874,83,1157.1,397.5,3173,105748,2,1
52875,83,1156.8,397.9,3173,105750,2,1
52876,83,1156.4,398.6,3173,105752,2,1
52877,83,1155.9,399.7,3173,105754,2,1
52878,83,1155.4,400.7,3173,105756,2,1
52879,83,1154.9,401.7,3173,105758,2,1
52880,83,1154.3,402.7,3173,105760,2,1
52881,83,1153.8,403.5,3173,105762,2,1
52882,83,1153.8,404,3173,105764,2,1
52883,83,1153.8,403.6,3173,105766,2,1
52884,83,1153.9,402.8,3173,105768,2,1
52885,83,1154,402,3173,105770,2,1
52886,83,1154.2,401.1,3173,105772,2,1
52887,83,1154.3,400.3,3173,105774,2,1
52888,83,1155,399.6,3174,105776,2,1
52889,83,1155.8,399,3174,105778,2,1
52890,83,1156.6,399.6,3174,105780,2,1
52891,83,1157.2,400.1,3174,105782,2,1
52892,83,1156.7,400.8,3174,105784,2,1
52893,83,1156.1,401.3,3174,105786,2,1
52894,83,1155.5,401.8,3174,105788,2,1
52895,83,1154.5,402.1,3174,105790,2,1
52896,83,1153.3,402.4,3174,105792,2,1
52897,83,1152,402.2,3174,105794,2,1
52898,83,1150.9,402.1,3174,105796,2,1
52899,83,1150.8,402,3174,105798,2,1
52900,83,1150.9,401.8,3174,105800,2,1
52901,83,1151.2,401.7,3174,105802,2,1
52902,83,1151.4,401.7,3174,105804,2,1
52903,83,1151.5,401.8,3174,105806,2,1
52904,83,1151.8,401.8,3175,105808,2,1
52905,83,1152,401.9,3175,105810,2,1
52906,83,1152.3,401.8,3175,105812,2,1
52907,83,1152.5,401.7,3175,105814,2,1
52908,83,1152.8,401.3,3175,105816,2,1
52909,83,1153.1,400.7,3175,105818,2,1
52910,83,1153.4,400.2,3175,105820,2,1
52911,83,1153.9,399.6,3175,105822,2,1
52912,83,1154.5,399.1,3175,105824,2,1
52913,83,1155.6,398.6,3175,105826,2,1
52914,83,1156.6,398.3,3175,105828,2,1
52915,83,1157.5,398.3,3175,105830,2,1
52916,83,1158.4,398.7,3175,105832,2,1
52917,83,1159,399.1,3175,105834,2,1
52918,83,1159.3,399.5,3175,105836,2,1
52919,83,1159.4,400,3175,105838,2,1
52920,83,1158.5,400.4,3175,105840,2,1
52921,83,1157.7,400.8,3176,105842,2,1
52922,83,1156.7,401.2,3176,105844,2,1
52923,83,1156,401.1,3176,105846,2,1
52924,83,1155.5,401.8,3176,105848,2,1
52925,83,1155.3,402.3,3176,105850,2,1
52926,83,1155.4,402.9,3176,105852,2,1
52927,83,1155.7,403.6,3176,105854,2,1
52928,83,1156.1,404.3,3176,105856,2,1
52929,83,1156.6,404.8,3176,105858,2,1
52930,83,1157.1,405.1,3176,105860,2,1
52931,83,1157.6,404.7,3176,105862,2,1
52932,83,1157.8,404.4,3176,105864,2,1
52933,83,1157.7,404.2,3176,105866,2,1
52934,83,1157.6,404,3176,105868,2,1
52935,83,1157.5,403.8,3176,105870,2,1
52936,83,1157.5,403.5,3176,105872,2,1
52937,83,1157.2,403.8,3176,105874,2,1
52938,83,1156.7,404.2,3177,105876,2,1
52939,83,1156.3,404.7,3177,105878,2,1
52940,83,1155.8,405.2,3177,105880,2,1
52941,83,1155.4,405.7,3177,105882,2,1
52942,83,1155.2,405.9,3177,105884,2,1
52943,83,1155.2,405.9,3177,105886,2,1
52944,83,1155.2,405.8,3177,105888,2,1
52945,83,1155.5,405.8,3177,105890,2,1
52946,83,1155.8,405.7,3177,105892,2,1
52947,83,1155.7,406,3177,105894,2,1
52948,83,1155.7,406.2,3177,105896,2,1
52949,83,1155.4,406.5,3177,105898,2,1
52950,83,1155,406.9,3177,105900,2,1
52951,83,1154.6,407.3,3177,105902,2,1
52952,83,1154,407.6,3177,105904,2,1
52953,83,1153.5,407.8,3177,105906,2,1
52954,83,1153.4,407.6,3178,105908,2,1
52955,83,1153.2,407.5,3178,105910,2,1
52956,83,1153.3,407.3,3178,105912,2,1
52957,83,1153.4,406.9,3178,105914,2,1
52958,83,1153.4,406.5,3178,105916,2,1
52959,83,1153.2,406.6,3178,105918,2,1
52960,83,1153.1,406.7,3178,105920,2,1
52961,83,1152.9,406.8,3178,105922,2,1
52962,83,1152.9,406.9,3178,105924,2,1
52963,83,1153.2,406.9,3178,105926,2,1
52964,83,1153.6,407,3178,105928,2,1
52965,83,1154,407,3178,105930,2,1
52966,83,1154.3,407,3178,105932,2,1
52967,83,1154.5,406.8,3178,105934,2,1
52968,83,1154.6,406.6,3178,105936,2,1
52969,83,1154.7,406.9,3178,105938,2,1
52970,83,1154.5,407.6,3178,105940,2,1
52971,83,1154.3,408.5,3179,105942,2,1
52972,83,1153.8,409.3,3179,105944,2,1
52973,83,1153.3,410.1,3179,105946,2,1
52974,83,1152.9,410.4,3179,105948,2,1
52975,83,1152.6,410.8,3179,105950,2,1
52976,83,1152.4,410.8,3179,105952,2,1
52977,83,1152.1,410.4,3179,105954,2,1
52978,83,1152.3,409.8,3179,105956,2,1
52979,83,1152.7,409.3,3179,105958,2,1
52980,83,1153,408.8,3179,105960,2,1
52981,83,1153.1,409,3179,105962,2,1
52982,83,1153.2,409.2,3179,105964,2,1
52983,83,1153.3,409.4,3179,105966,2,1
52984,83,1153.5,410,3179,105968,2,1
52985,83,1153.9,410.4,3179,105970,2,1
52986,83,1154.6,410.9,3179,105972,2,1
52987,83,1155.3,411.2,3179,105974,2,1
52988,83,1156.3,411.2,3180,105976,2,1
52989,83,1157.3,410.8,3180,105978,2,1
52990,83,1158.3,410.4,3180,105980,2,1
52991,83,1158.9,409.7,3180,105982,2,1
52992,83,1159.2,409.1,3180,105984,2,1
52993,83,1159.2,408.6,3180,105986,2,1
52994,83,1159.3,408.1,3180,105988,2,1
52995,83,1159.2,407.9,3180,105990,2,1
52996,83,1159.2,407.6,3180,105992,2,1
52997,83,1159.2,407.4,3180,105994,2,1
52998,83,1159.5,407.1,3180,105996,2,1
52999,83,1159.7,406.9,3180,105998,2,1
53000,83,1159.9,406.7,3180,106000,2,1
53001,83,1159.8,406.7,3180,106002,2,1
53002,83,1160,406.5,3180,106004,2,1
53003,83,1160.2,406.5,3180,106006,2,1
53004,83,1160.2,406.5,3181,106008,2,1
53005,83,1160.1,406.7,3181,106010,2,1
53006,83,1159.4,407.1,3181,106012,2,1
53007,83,1158.7,407.4,3181,106014,2,1
53008,83,1158.1,408,3181,106016,2,1
53009,83,1157.7,408.4,3181,106018,2,1
53010,83,1157.5,408.9,3181,106020,2,1
53011,83,1157.2,409.8,3181,106022,2,1
53012,83,1157.4,410.6,3181,106024,2,1
53013,83,1158.2,411.1,3181,106026,2,1
53014,83,1159.1,411.6,3181,106028,2,1
53015,83,1160.1,411.8,3181,106030,2,1
53016,83,1160.7,411.9,3181,106032,2,1
53017,83,1161.1,412,3181,106034,2,1
53018,83,1161.5,411.7,3181,106036,2,1
53019,83,1161.6,411.1,3181,106038,2,1
53020,83,1161.7,410.5,3181,106040,2,1
53021,83,1161.8,409.8,3182,106042,2,1
53022,83,1161.9,409.3,3182,106044,2,1
53023,83,1162,408.9,3182,106046,2,1
53024,83,1162.3,408.6,3182,106048,2,1
53025,83,1162.5,408.4,3182,106050,2,1
53026,83,1162.8,408.7,3182,106052,2,1
53027,83,1163.4,408.8,3182,106054,2,1
53028,83,1163.8,409,3182,106056,2,1
53029,83,1164,408.9,3182,106058,2,1
53030,83,1164,408.8,3182,106060,2,1
53031,83,1164.1,408.5,3182,106062,2,1
53032,83,1164.2,408.1,3182,106064,2,1
53033,83,1164.3,407.4,3182,106066,2,1
53034,83,1164.4,406.7,3182,106068,2,1
53035,83,1164.5,406,3182,106070,2,1
53036,83,1164.6,405.8,3182,106072,2,1
53037,83,1164.8,406.1,3182,106074,2,1
53038,83,1164.8,406.5,3183,106076,2,1
53039,83,1164.2,407,3183,106078,2,1
53040,83,1163.9,407.5,3183,106080,2,1
53041,83,1163.7,407.7,3183,106082,2,1
53042,83,1163.5,407.9,3183,106084,2,1
53043,83,1163.3,408.1,3183,106086,2,1
53044,83,1163.3,407.8,3183,106088,2,1
53045,83,1163.6,407.5,3183,106090,2,1
53046,83,1164.3,407.2,3183,106092,2,1
53047,83,1165.3,406.9,3183,106094,2,1
53048,83,1166.3,406.7,3183,106096,2,1
53049,83,1167.1,406.6,3183,106098,2,1
53050,83,1167.8,406.6,3183,106100,2,1
53051,83,1168.3,406.5,3183,106102,2,1
53052,83,1168.6,406.6,3183,106104,2,1
53053,83,1168.9,406.7,3183,106106,2,1
53054,83,1168.9,406.6,3184,106108,2,1
53055,83,1168.9,406.7,3184,106110,2,1
53056,83,1168.6,407,3184,106112,2,1
53057,83,1168.4,407.4,3184,106114,2,1
53058,83,1168.3,407.5,3184,106116,2,1
53059,83,1168.3,407.4,3184,106118,2,1
53060,83,1168.3,407.2,3184,106120,2,1
53061,83,1168.1,407.1,3184,106122,2,1
53062,83,1167.9,407,3184,106124,2,1
53063,83,1167.8,406.5,3184,106126,2,1
53064,83,1167.6,405.9,3184,106128,2,1
53065,83,1167.5,404.9,3184,106130,2,1
53066,83,1167.5,404,3184,106132,2,1
53067,83,1167.5,403.3,3184,106134,2,1
53068,83,1167.6,403.2,3184,106136,2,1
53069,83,1168.1,402.9,3184,106138,2,1
53070,83,1168.6,402.6,3184,106140,2,1
53071,83,1169.1,402.4,3185,106142,2,1
53072,83,1169.6,402.8,3185,106144,2,1
53073,83,1169.8,403.4,3185,106146,2,1
53074,83,1170.1,403.9,3185,106148,2,1
53075,83,1170.5,403.9,3185,106150,2,1
53076,83,1171,403.8,3185,106152,2,1
53077,83,1171.5,403.9,3185,106154,2,1
53078,83,1172.2,404.1,3185,106156,2,1
53079,83,1173.1,404,3185,106158,2,1
53080,83,1173.9,403.8,3185,106160,2,1
53081,83,1174.7,403.9,3185,106162,2,1
53082,83,1175.2,404,3185,106164,2,1
53083,83,1175.5,404.1,3185,106166,2,1
53084,83,1175.7,404.2,3185,106168,2,1
53085,83,1175.9,404.1,3185,106170,2,1
53086,83,1176,404.1,3185,106172,2,1
53087,83,1176.3,404,3185,106174,2,1
53088,83,1176.4,403.7,3186,106176,2,1
53089,83,1176.4,403.4,3186,106178,2,1
53090,83,1176.5,403,3186,106180,2,1
53091,83,1176.6,402.5,3186,106182,2,1
53092,83,1176.6,402.3,3186,106184,2,1
53093,83,1176.6,402.2,3186,106186,2,1
53094,83,1176.4,402.3,3186,106188,2,1
53095,83,1176.3,402.8,3186,106190,2,1
53096,83,1176.4,403.4,3186,106192,2,1
53097,83,1176.4,403.9,3186,106194,2,1
53098,83,1175.9,404.5,3186,106196,2,1
53099,83,1175.2,404.7,3186,106198,2,1
53100,83,1174.6,404.9,3186,106200,2,1
53101,83,1174.3,404.6,3186,106202,2,1
53102,83,1174.1,403.6,3186,106204,2,1
53103,83,1173.7,403.1,3186,106206,2,1
53104,83,1173.2,402.6,3187,106208,2,1
53105,83,1173.1,402.2,3187,106210,2,1
53106,83,1173.2,402,3187,106212,2,1
53107,83,1173.4,401.6,3187,106214,2,1
53108,83,1173.5,401.4,3187,106216,2,1
53109,83,1173.6,401,3187,106218,2,1
53110,83,1173.5,400.8,3187,106220,2,1
53111,83,1173.4,400.6,3187,106222,2,1
53112,83,1173.3,400.8,3187,106224,2,1
53113,83,1172.8,401,3187,106226,2,1
53114,83,1171.7,399.7,3187,106228,2,1
53115,83,1170.2,397.2,3187,106230,2,1
53116,83,1167.2,388.9,3187,106232,2,1
53117,83,1145.3,333.4,3187,106234,2,1
53118,83,1124.4,279.1,3187,106236,2,1
53119,83,1104.7,225.3,3187,106238,2,1
53120,83,1094.3,198.1,3187,106240,2,1
53121,83,1081.2,161.9,3188,106242,2,1
53122,83,1063.4,109.9,3188,106244,2,1
53123,83,1038.7,36.3,3188,106246,2,1
53124,83,1037.9,38,3188,106248,2,1
53125,83,1037.3,39.3,3188,106250,2,1
53126,83,-9999,-9999,3188,106252,2,1
53127,83,-9999,-9999,3188,106254,2,1
53128,83,-9999,-9999,3188,106256,2,1
53129,83,-9999,-9999,3188,106258,2,1
53130,83,-9999,-9999,3188,106260,2,1
53131,83,-9999,-9999,3188,106262,2,1
53132,83,-9999,-9999,3188,106264,2,1
53133,83,-9999,-9999,3188,106266,2,1
53134,83,-9999,-9999,3188,106268,2,1
53135,83,-9999,-9999,3188,106270,2,1
53136,83,-9999,-9999,3188,106272,2,1
53137,83,-9999,-9999,3188,106274,2,1
53138,83,-9999,-9999,3189,106276,2,1
53139,83,-9999,-9999,3189,106278,2,1
53140,83,-9999,-9999,3189,106280,2,1
53141,83,-9999,-9999,3189,106282,2,1
53142,83,-9999,-9999,3189,106284,2,1
53143,83,-9999,-9999,3189,106286,2,1
53144,83,-9999,-9999,3189,106288,2,1
53145,83,-9999,-9999,3189,106290,2,1
53146,83,-9999,-9999,3189,106292,2,1
53147,83,-9999,-9999,3189,106294,2,1
53148,83,-9999,-9999,3189,106296,2,1
53149,83,-9999,-9999,3189,106298,2,1
53150,83,-9999,-9999,3189,106300,2,1
53151,83,-9999,-9999,3189,106302,2,1
53152,83,-9999,-9999,3189,106304,2,1
53153,83,-9999,-9999,3189,106306,2,1
53154,83,-9999,-9999,3190,106308,2,1
53155,83,-9999,-9999,3190,106310,2,1
53156,83,-9999,-9999,3190,106312,2,1
53157,83,-9999,-9999,3190,106314,2,1
53158,83,-9999,-9999,3190,106316,2,1
53159,83,-9999,-9999,3190,106318,2,1
53160,83,-9999,-9999,3190,106320,2,1
53161,83,-9999,-9999,3190,106322,2,1
53162,83,-9999,-9999,3190,106324,2,1
53163,83,-9999,-9999,3190,106326,2,1
53164,83,-9999,-9999,3190,106328,2,1
53165,83,-9999,-9999,3190,106330,2,1
53166,83,-9999,-9999,3190,106332,2,1
53167,83,-9999,-9999,3190,106334,2,1
53168,83,-9999,-9999,3190,106336,2,1
53169,83,-9999,-9999,3190,106338,2,1
53170,83,-9999,-9999,3190,106340,2,1
53171,83,-9999,-9999,3191,106342,2,1
53172,83,-9999,-9999,3191,106344,2,1
53173,83,-9999,-9999,3191,106346,2,1
53174,83,-9999,-9999,3191,106348,2,1
53175,83,-9999,-9999,3191,106350,2,1
53176,83,-9999,-9999,3191,106352,2,1
53177,83,-9999,-9999,3191,106354,2,1
53178,83,-9999,-9999,3191,106356,2,1
53179,83,-9999,-9999,3191,106358,2,1
53180,83,-9999,-9999,3191,106360,2,1
53181,83,-9999,-9999,3191,106362,2,1
53182,83,-9999,-9999,3191,106364,2,1
53183,83,-9999,-9999,3191,106366,2,1
53184,83,-9999,-9999,3191,106368,2,1
53185,83,-9999,-9999,3191,106370,2,1
53186,83,-9999,-9999,3191,106372,2,1
53187,83,-9999,-9999,3191,106374,2,1
53188,83,-9999,-9999,3192,106376,2,1
53189,83,-9999,-9999,3192,106378,2,1
53190,83,-9999,-9999,3192,106380,2,1
53191,83,-9999,-9999,3192,106382,2,1
53192,83,-9999,-9999,3192,106384,2,1
53193,83,-9999,-9999,3192,106386,2,1
53194,83,-9999,-9999,3192,106388,2,1
53195,83,-9999,-9999,3192,106390,2,1
53196,83,-9999,-9999,3192,106392,2,1
53197,83,-9999,-9999,3192,106394,2,1
53198,83,-9999,-9999,3192,106396,2,1
53199,83,-9999,-9999,3192,106398,2,1
53200,83,-9999,-9999,3192,106400,2,1
53201,83,-9999,-9999,3192,106402,2,1
53202,83,-9999,-9999,3192,106404,2,1
53203,83,-9999,-9999,3192,106406,2,1
53204,83,-9999,-9999,3193,106408,2,1
53205,83,-9999,-9999,3193,106410,2,1
53206,83,-9999,-9999,3193,106412,2,1
53207,83,-9999,-9999,3193,106414,2,1
53208,83,-9999,-9999,3193,106416,2,1
53209,83,-9999,-9999,3193,106418,2,1
53210,83,-9999,-9999,3193,106420,2,1
53211,83,-9999,-9999,3193,106422,2,1
53212,83,-9999,-9999,3193,106424,2,1
53213,83,-9999,-9999,3193,106426,2,1
53214,83,-9999,-9999,3193,106428,2,1
53215,83,-9999,-9999,3193,106430,2,1
53216,83,-9999,-9999,3193,106432,2,1
53217,83,-9999,-9999,3193,106434,2,1
53218,83,-9999,-9999,3193,106436,2,1
53219,83,-9999,-9999,3193,106438,2,1
53220,83,-9999,-9999,3193,106440,2,1
53221,83,-9999,-9999,3194,106442,2,1
53222,83,-9999,-9999,3194,106444,2,1
53223,83,-9999,-9999,3194,106446,2,1
53224,83,-9999,-9999,3194,106448,2,1
53225,83,-9999,-9999,3194,106450,2,1
53226,83,-9999,-9999,3194,106452,2,1
53227,83,-9999,-9999,3194,106454,2,1
53228,83,-9999,-9999,3194,106456,2,1
53229,83,-9999,-9999,3194,106458,2,1
53230,83,-9999,-9999,3194,106460,2,1
53231,83,-9999,-9999,3194,106462,2,1
53232,83,-9999,-9999,3194,106464,2,1
53233,83,-9999,-9999,3194,106466,2,1
53234,83,-9999,-9999,3194,106468,2,1
53235,83,-9999,-9999,3194,106470,2,1
53236,83,-9999,-9999,3194,106472,2,1
53237,83,-9999,-9999,3194,106474,2,1
53238,83,-9999,-9999,3195,106476,2,1
53239,83,-9999,-9999,3195,106478,2,1
53240,83,-9999,-9999,3195,106480,2,1
53241,83,-9999,-9999,3195,106482,2,1
53242,83,-9999,-9999,3195,106484,2,1
53243,83,-9999,-9999,3195,106486,2,1
53244,83,-9999,-9999,3195,106488,2,1
53245,83,-9999,-9999,3195,106490,2,1
53246,83,-9999,-9999,3195,106492,2,1
53247,83,-9999,-9999,3195,106494,2,1
53248,83,-9999,-9999,3195,106496,2,1
53249,83,-9999,-9999,3195,106498,2,1
53250,83,-9999,-9999,3195,106500,2,1
53251,83,-9999,-9999,3195,106502,2,1
53252,83,-9999,-9999,3195,106504,2,1
53253,83,-9999,-9999,3195,106506,2,1
53254,83,-9999,-9999,3196,106508,2,1
53255,83,-9999,-9999,3196,106510,2,1
53256,83,-9999,-9999,3196,106512,2,1
53257,83,-9999,-9999,3196,106514,2,1
53258,83,-9999,-9999,3196,106516,2,1
53259,83,-9999,-9999,3196,106518,2,1
53260,83,-9999,-9999,3196,106520,2,1
53261,83,-9999,-9999,3196,106522,2,1
53262,83,-9999,-9999,3196,106524,2,1
53263,83,-9999,-9999,3196,106526,2,1
53264,83,-9999,-9999,3196,106528,2,1
53265,83,-9999,-9999,3196,106530,2,1
53266,83,-9999,-9999,3196,106532,2,1
53267,83,-9999,-9999,3196,106534,2,1
53268,83,-9999,-9999,3196,106536,2,1
53269,83,-9999,-9999,3196,106538,2,1
53270,83,-9999,-9999,3196,106540,2,1
53271,83,-9999,-9999,3197,106542,2,1
53272,83,-9999,-9999,3197,106544,2,1
53273,83,-9999,-9999,3197,106546,2,1
53274,83,-9999,-9999,3197,106548,2,1
53275,83,-9999,-9999,3197,106550,2,1
53276,83,-9999,-9999,3197,106552,2,1
53277,83,-9999,-9999,3197,106554,2,1
53278,83,-9999,-9999,3197,106556,2,1
53279,83,-9999,-9999,3197,106558,2,1
53280,83,-9999,-9999,3197,106560,2,1
53281,83,-9999,-9999,3197,106562,2,1
53282,83,-9999,-9999,3197,106564,2,1
53283,83,-9999,-9999,3197,106566,2,1
53284,83,-9999,-9999,3197,106568,2,1
53285,83,-9999,-9999,3197,106570,2,1
53286,83,-9999,-9999,3197,106572,2,1
53287,83,-9999,-9999,3197,106574,2,1
53288,83,-9999,-9999,3198,106576,2,1
53289,83,-9999,-9999,3198,106578,2,1
53290,83,-9999,-9999,3198,106580,2,1
53291,83,-9999,-9999,3198,106582,2,1
53292,83,-9999,-9999,3198,106584,2,1
53293,83,-9999,-9999,3198,106586,2,1
53294,83,-9999,-9999,3198,106588,2,1
53295,83,-9999,-9999,3198,106590,2,1
53296,83,-9999,-9999,3198,106592,2,1
53297,83,-9999,-9999,3198,106594,2,1
53298,83,-9999,-9999,3198,106596,2,1
53299,83,-9999,-9999,3198,106598,2,1
53300,83,-9999,-9999,3198,106600,2,1
53301,83,-9999,-9999,3198,106602,2,1
53302,83,-9999,-9999,3198,106604,2,1
53303,83,-9999,-9999,3198,106606,2,1
53304,83,-9999,-9999,3199,106608,2,1
53305,83,-9999,-9999,3199,106610,2,1
53306,83,-9999,-9999,3199,106612,2,1
53307,83,-9999,-9999,3199,106614,2,1
53308,83,-9999,-9999,3199,106616,2,1
53309,83,-9999,-9999,3199,106618,2,1
53310,83,-9999,-9999,3199,106620,2,1
53311,83,-9999,-9999,3199,106622,2,1
53312,83,-9999,-9999,3199,106624,2,1
53313,83,-9999,-9999,3199,106626,2,1
53314,83,-9999,-9999,3199,106628,2,1
53315,83,-9999,-9999,3199,106630,2,1
53316,83,-9999,-9999,3199,106632,2,1
53317,83,-9999,-9999,3199,106634,2,1
53318,83,-9999,-9999,3199,106636,2,1
53319,83,-9999,-9999,3199,106638,2,1
53320,83,-9999,-9999,3199,106640,2,1
53321,83,-9999,-9999,3200,106642,2,1
53322,83,-9999,-9999,3200,106644,2,1
53323,83,-9999,-9999,3200,106646,2,1
53324,83,-9999,-9999,3200,106648,2,1
53325,83,-9999,-9999,3200,106650,2,1
53326,83,-9999,-9999,3200,106652,2,1
53327,83,-9999,-9999,3200,106654,2,1
53328,83,-9999,-9999,3200,106656,2,1
53329,83,-9999,-9999,3200,106658,2,1
53330,83,-9999,-9999,3200,106660,2,1
53331,83,-9999,-9999,3200,106662,2,1
53332,83,-9999,-9999,3200,106664,2,1
53333,83,-9999,-9999,3200,106666,2,1
53334,83,-9999,-9999,3200,106668,2,1
53335,83,-9999,-9999,3200,106670,2,1
53336,83,-9999,-9999,3200,106672,2,1
53337,83,-9999,-9999,3200,106674,2,1
53338,83,-9999,-9999,3201,106676,2,1
53339,83,-9999,-9999,3201,106678,2,1
53340,83,-9999,-9999,3201,106680,2,1
53341,83,-9999,-9999,3201,106682,2,1
53342,83,-9999,-9999,3201,106684,2,1
53343,83,-9999,-9999,3201,106686,2,1
53344,83,-9999,-9999,3201,106688,2,1
53345,83,-9999,-9999,3201,106690,2,1
53346,83,-9999,-9999,3201,106692,2,1
53347,83,-9999,-9999,3201,106694,2,1
53348,83,-9999,-9999,3201,106696,2,1
53349,83,-9999,-9999,3201,106698,2,1
53350,83,-9999,-9999,3201,106700,2,1
53351,83,-9999,-9999,3201,106702,2,1
53352,83,-9999,-9999,3201,106704,2,1
53353,83,-9999,-9999,3201,106706,2,1
53354,83,-9999,-9999,3202,106708,2,1
53355,83,-9999,-9999,3202,106710,2,1
53356,83,-9999,-9999,3202,106712,2,1
53357,83,-9999,-9999,3202,106714,2,1
53358,83,-9999,-9999,3202,106716,2,1
53359,83,-9999,-9999,3202,106718,2,1
53360,83,-9999,-9999,3202,106720,2,1
53361,83,-9999,-9999,3202,106722,2,1
53362,83,-9999,-9999,3202,106724,2,1
53363,83,-9999,-9999,3202,106726,2,1
53364,83,-9999,-9999,3202,106728,2,1
53365,83,-9999,-9999,3202,106730,2,1
53366,83,-9999,-9999,3202,106732,2,1
53367,83,-9999,-9999,3202,106734,2,1
53368,83,-9999,-9999,3202,106736,2,1
53369,83,-9999,-9999,3202,106738,2,1
53370,83,-9999,-9999,3202,106740,2,1
53371,83,-9999,-9999,3203,106742,2,1
53372,83,-9999,-9999,3203,106744,2,1
53373,83,-9999,-9999,3203,106746,2,1
53374,83,-9999,-9999,3203,106748,2,1
53375,83,-9999,-9999,3203,106750,2,1
53376,83,-9999,-9999,3203,106752,2,1
53377,83,-9999,-9999,3203,106754,2,1
53378,83,-9999,-9999,3203,106756,2,1
53379,83,-9999,-9999,3203,106758,2,1
53380,83,-9999,-9999,3203,106760,2,1
53381,83,-9999,-9999,3203,106762,2,1
53382,83,-9999,-9999,3203,106764,2,1
53383,83,981.4,410.6,3203,106766,2,1
53384,83,982.4,408.7,3203,106768,2,1
53385,83,983.3,407.1,3203,106770,2,1
53386,83,984,405.9,3203,106772,2,1
53387,83,984.7,404.6,3203,106774,2,1
53388,83,985.3,403.4,3204,106776,2,1
53389,83,985.8,402.6,3204,106778,2,1
53390,83,986.1,402,3204,106780,2,1
53391,83,989.8,404.6,3204,106782,2,1
53392,83,993.1,407.7,3204,106784,2,1
53393,83,996.3,411,3204,106786,2,1
53394,83,999.5,414.4,3204,106788,2,1
53395,83,1006.7,417.9,3204,106790,2,1
53396,83,1010.6,418.2,3204,106792,2,1
53397,83,1013.7,418.7,3204,106794,2,1
53398,83,1018.2,420,3204,106796,2,1
53399,83,1023.8,421.2,3204,106798,2,1
53400,83,1029.5,422.2,3204,106800,2,1
53401,83,1035.2,423.1,3204,106802,2,1
53402,83,1038.8,423,3204,106804,2,1
53403,83,1041.2,422.8,3204,106806,2,1
53404,83,1043.3,422.2,3205,106808,2,1
53405,83,1044.9,420.3,3205,106810,2,1
53406,83,1045.3,418.3,3205,106812,2,1
53407,83,1045.6,416.5,3205,106814,2,1
53408,83,1045.7,415,3205,106816,2,1
53409,83,1045.2,414.2,3205,106818,2,1
53410,83,1044.7,413.5,3205,106820,2,1
53411,83,1044.3,413,3205,106822,2,1
53412,83,1043.9,412.8,3205,106824,2,1
53413,83,1043.5,413,3205,106826,2,1
53414,83,1042.6,413.2,3205,106828,2,1
53415,83,1041.4,413.4,3205,106830,2,1
53416,83,1040,414.8,3205,106832,2,1
53417,83,1037.6,416.3,3205,106834,2,1
53418,83,1034.5,418.4,3205,106836,2,1
53419,83,1030.8,420.6,3205,106838,2,1
53420,83,1027.2,422.9,3205,106840,2,1
53421,83,1024,425,3206,106842,2,1
53422,83,1021.1,426.9,3206,106844,2,1
53423,83,1018.4,426.9,3206,106846,2,1
53424,83,1016.7,426.6,3206,106848,2,1
53425,83,1015.9,425.8,3206,106850,2,1
53426,83,1015.8,424.9,3206,106852,2,1
53427,83,1015.7,423.9,3206,106854,2,1
53428,83,1015.5,423.4,3206,106856,2,1
53429,83,1015.3,423.5,3206,106858,2,1
53430,83,1015,424.3,3206,106860,2,1
53431,83,1014.7,425.1,3206,106862,2,1
53432,83,1014.3,426.3,3206,106864,2,1
53433,83,1013.9,427.4,3206,106866,2,1
53434,83,1013.2,428.4,3206,106868,2,1
53435,83,1012.3,429.2,3206,106870,2,1
53436,83,1011.7,429.6,3206,106872,2,1
53437,83,1011.1,430.1,3206,106874,2,1
53438,83,1010.6,430.7,3207,106876,2,1
53439,83,1010,430.8,3207,106878,2,1
53440,83,1009.5,430.7,3207,106880,2,1
53441,83,1009.5,430.7,3207,106882,2,1
53442,83,1009.7,430.6,3207,106884,2,1
53443,83,1010,430.5,3207,106886,2,1
53444,83,1010.1,430.3,3207,106888,2,1
53445,83,1010,430.4,3207,106890,2,1
53446,83,1009.9,430.6,3207,106892,2,1
53447,83,1009.7,431,3207,106894,2,1
53448,83,1009.6,431.4,3207,106896,2,1
53449,83,1009.4,431.8,3207,106898,2,1
53450,83,1009.2,432.3,3207,106900,2,1
53451,83,1009,432.7,3207,106902,2,1
53452,83,1009,433,3207,106904,2,1
53453,83,1009.3,433,3207,106906,2,1
53454,83,1009.7,432.9,3208,106908,2,1
53455,83,1010.1,432.8,3208,106910,2,1
53456,83,1010.6,432.4,3208,106912,2,1
53457,83,1011.1,432.1,3208,106914,2,1
53458,83,1011.5,431.8,3208,106916,2,1
53459,83,1012,431.6,3208,106918,2,1
53460,83,1012.2,431.4,3208,106920,2,1
53461,83,1012.3,431.6,3208,106922,2,1
53462,83,1012.5,431.7,3208,106924,2,1
53463,83,1012.6,432,3208,106926,2,1
53464,83,1012.7,432.4,3208,106928,2,1
53465,83,1012.6,433,3208,106930,2,1
53466,83,1012.6,433.3,3208,106932,2,1
53467,83,1012.7,433.5,3208,106934,2,1
53468,83,1012.8,433.2,3208,106936,2,1
53469,83,1013.1,432.8,3208,106938,2,1
53470,83,1013.4,432.4,3208,106940,2,1
53471,83,1013.7,432.1,3209,106942,2,1
53472,83,1014,431.9,3209,106944,2,1
53473,83,1014.2,431.8,3209,106946,2,1
53474,83,1014.4,432.2,3209,106948,2,1
53475,83,1014.6,432.8,3209,106950,2,1
53476,83,1014.7,433.4,3209,106952,2,1
53477,83,1014.8,433.9,3209,106954,2,1
53478,83,1014.7,434.2,3209,106956,2,1
53479,83,1014.5,434.4,3209,106958,2,1
53480,83,1014.2,434.5,3209,106960,2,1
53481,83,1013.8,434,3209,106962,2,1
53482,83,1013.4,433.5,3209,106964,2,1
53483,83,1013,432.9,3209,106966,2,1
53484,83,1012.7,432.3,3209,106968,2,1
53485,83,1012.5,432,3209,106970,2,1
53486,83,1012.5,432.2,3209,106972,2,1
53487,83,1012.5,432.4,3209,106974,2,1
53488,83,1012.6,433,3210,106976,2,1
53489,83,1012.7,433.5,3210,106978,2,1
53490,83,1012.7,433.8,3210,106980,2,1
53491,83,1013.1,433.7,3210,106982,2,1
53492,83,1013.5,433.5,3210,106984,2,1
53493,83,1013.8,432.6,3210,106986,2,1
53494,83,1014.1,431.8,3210,106988,2,1
53495,83,1014.5,431.1,3210,106990,2,1
53496,83,1014.9,430.5,3210,106992,2,1
53497,83,1015.3,430.2,3210,106994,2,1
53498,83,1015.3,430.1,3210,106996,2,1
53499,83,1015.1,430.5,3210,106998,2,1
53500,83,1015,431.4,3210,107000,2,1
53501,83,1014.8,432.2,3210,107002,2,1
53502,83,1014.4,432.9,3210,107004,2,1
53503,83,1013.9,433.1,3210,107006,2,1
53504,83,1013.4,433.3,3211,107008,2,1
53505,83,1013.1,433.4,3211,107010,2,1
53506,83,1012.9,433.1,3211,107012,2,1
53507,83,1012.8,432.6,3211,107014,2,1
53508,83,1012.8,432.2,3211,107016,2,1
53509,83,1012.9,432,3211,107018,2,1
53510,83,1013.3,432.3,3211,107020,2,1
53511,83,1013.5,432.6,3211,107022,2,1
53512,83,1013.7,432.9,3211,107024,2,1
53513,83,1013.7,433.1,3211,107026,2,1
53514,83,1013.7,433.2,3211,107028,2,1
53515,83,1013.5,433,3211,107030,2,1
53516,83,1013.2,432.8,3211,107032,2,1
53517,83,1012.9,432.5,3211,107034,2,1
53518,83,1012.7,432.3,3211,107036,2,1
53519,83,1012.6,432.1,3211,107038,2,1
53520,83,1012.5,432,3211,107040,2,1
53521,83,1012.6,431.9,3212,107042,2,1
53522,83,1012.8,432,3212,107044,2,1
53523,83,1013.2,432.2,3212,107046,2,1
53524,83,1013.5,432.6,3212,107048,2,1
53525,83,1013.8,433,3212,107050,2,1
53526,83,1014.1,433.4,3212,107052,2,1
53527,83,1014.5,433.6,3212,107054,2,1
53528,83,1014.8,433.7,3212,107056,2,1
53529,83,1015,434,3212,107058,2,1
53530,83,1014.9,434.3,3212,107060,2,1
53531,83,1014.4,434.4,3212,107062,2,1
53532,83,1014.1,434.6,3212,107064,2,1
53533,83,1013.9,434.8,3212,107066,2,1
53534,83,1014.1,435,3212,107068,2,1
53535,83,1014.3,435.2,3212,107070,2,1
53536,83,1014.6,435.3,3212,107072,2,1
53537,83,1015.1,435.3,3212,107074,2,1
53538,83,1015.9,435.3,3213,107076,2,1
53539,83,1016.6,435.2,3213,107078,2,1
53540,83,1017.1,435,3213,107080,2,1
53541,83,1017.1,435,3213,107082,2,1
53542,83,1016.9,435.1,3213,107084,2,1
53543,83,1016.7,435.2,3213,107086,2,1
53544,83,1016.6,435.2,3213,107088,2,1
53545,83,1016.5,435.3,3213,107090,2,1
53546,83,1016.4,435.4,3213,107092,2,1
53547,83,1016.2,435.3,3213,107094,2,1
53548,83,1015.4,435,3213,107096,2,1
53549,83,1014.7,434.1,3213,107098,2,1
53550,83,1013.9,433.3,3213,107100,2,1
53551,83,1013.1,432.4,3213,107102,2,1
53552,83,1012.4,431.6,3213,107104,2,1
53553,83,1011.8,430.7,3213,107106,2,1
53554,83,1011.4,430.9,3214,107108,2,1
53555,83,1011.8,431.2,3214,107110,2,1
53556,83,1012.1,432.3,3214,107112,2,1
53557,83,1012.4,433.5,3214,107114,2,1
53558,83,1012.6,434.7,3214,107116,2,1
53559,83,1012.5,435.9,3214,107118,2,1
53560,83,1012.3,436.9,3214,107120,2,1
53561,83,1011.9,437,3214,107122,2,1
53562,83,1011.6,436.8,3214,107124,2,1
53563,83,1011.4,436.3,3214,107126,2,1
53564,83,1011.3,435.6,3214,107128,2,1
53565,83,1011.2,435,3214,107130,2,1
53566,83,1011.5,434.5,3214,107132,2,1
53567,83,1011.9,434.2,3214,107134,2,1
53568,83,1012.2,434,3214,107136,2,1
53569,83,1012.6,434.1,3214,107138,2,1
53570,83,1013.1,434.1,3214,107140,2,1
53571,83,1013.3,434.2,3215,107142,2,1
53572,83,1013.4,434.3,3215,107144,2,1
53573,83,1013.2,434.4,3215,107146,2,1
53574,83,1013,434.4,3215,107148,2,1
53575,83,1012.7,434.5,3215,107150,2,1
53576,83,1012.4,434.7,3215,107152,2,1
53577,83,1012,435.2,3215,107154,2,1
53578,83,1011.6,435.6,3215,107156,2,1
53579,83,1011.2,436.2,3215,107158,2,1
53580,83,1010.9,436.8,3215,107160,2,1
53581,83,1010.5,437.5,3215,107162,2,1
53582,83,1010.2,438.1,3215,107164,2,1
53583,83,1010,438.6,3215,107166,2,1
53584,83,1010.2,438.7,3215,107168,2,1
53585,83,1010.5,439,3215,107170,2,1
53586,83,1010.7,439.1,3215,107172,2,1
53587,83,1011,438.9,3215,107174,2,1
53588,83,1011.3,438.6,3216,107176,2,1
53589,83,1011.5,438.3,3216,107178,2,1
53590,83,1011.7,438.7,3216,107180,2,1
53591,83,1011.2,439.1,3216,107182,2,1
53592,83,1010.8,439.5,3216,107184,2,1
53593,83,1010.3,440.1,3216,107186,2,1
53594,83,1009.8,440.8,3216,107188,2,1
53595,83,1009.3,441.4,3216,107190,2,1
53596,83,1008.8,441.6,3216,107192,2,1
53597,83,1008.4,441,3216,107194,2,1
53598,83,1008.1,440.3,3216,107196,2,1
53599,83,1007.9,439.6,3216,107198,2,1
53600,83,1007.8,439.1,3216,107200,2,1
53601,83,1007.7,438.7,3216,107202,2,1
53602,83,1007.6,438.4,3216,107204,2,1
53603,83,1007.7,439,3216,107206,2,1
53604,83,1007.9,439.5,3217,107208,2,1
53605,83,1008.3,440.1,3217,107210,2,1
53606,83,1008.5,440.8,3217,107212,2,1
53607,83,1008.7,441.4,3217,107214,2,1
53608,83,1008.9,442.1,3217,107216,2,1
53609,83,1009,442.5,3217,107218,2,1
53610,83,1009.1,442.5,3217,107220,2,1
53611,83,1009.1,442.6,3217,107222,2,1
53612,83,1009.2,442.6,3217,107224,2,1
53613,83,1009.2,442.5,3217,107226,2,1
53614,83,1009.4,442.5,3217,107228,2,1
53615,83,1009.6,442.4,3217,107230,2,1
53616,83,1009.7,442.4,3217,107232,2,1
53617,83,1009.7,442.5,3217,107234,2,1
53618,83,1009.7,442.6,3217,107236,2,1
53619,83,1009.7,442.6,3217,107238,2,1
53620,83,1009.9,442.5,3217,107240,2,1
53621,83,1009.9,442.5,3218,107242,2,1
53622,83,1009.9,442.4,3218,107244,2,1
53623,83,1009.9,442.3,3218,107246,2,1
53624,83,1009.9,442.3,3218,107248,2,1
53625,83,1010,442.3,3218,107250,2,1
53626,83,1010,442.3,3218,107252,2,1
53627,83,1010,442.2,3218,107254,2,1
53628,83,1010.1,442.2,3218,107256,2,1
53629,83,1010.1,442.3,3218,107258,2,1
53630,83,1010.1,442.5,3218,107260,2,1
53631,83,1010,442.8,3218,107262,2,1
53632,83,1010,443.1,3218,107264,2,1
53633,83,1010.1,443.2,3218,107266,2,1
53634,83,1010.3,443.4,3218,107268,2,1
53635,83,1010.4,443.4,3218,107270,2,1
53636,83,1010.6,443.4,3218,107272,2,1
53637,83,1010.8,443.4,3218,107274,2,1
53638,83,1011,443.3,3219,107276,2,1
53639,83,1011.2,443.2,3219,107278,2,1
53640,83,1011.1,443.2,3219,107280,2,1
53641,83,1011,443.2,3219,107282,2,1
53642,83,1011,443.3,3219,107284,2,1
53643,83,1011,443.5,3219,107286,2,1
53644,83,1010.9,443.7,3219,107288,2,1
53645,83,1010.7,444,3219,107290,2,1
53646,83,1010.6,444.2,3219,107292,2,1
53647,83,1010.5,444.4,3219,107294,2,1
53648,83,1010.4,444,3219,107296,2,1
53649,83,1010.3,443.6,3219,107298,2,1
53650,83,1010.2,443.3,3219,107300,2,1
53651,83,1010,443.1,3219,107302,2,1
53652,83,1009.7,443,3219,107304,2,1
53653,83,1009.4,442.8,3219,107306,2,1
53654,83,1009.3,442.5,3220,107308,2,1
53655,83,1009.2,442.4,3220,107310,2,1
53656,83,1009.5,442.2,3220,107312,2,1
53657,83,1009.8,441.9,3220,107314,2,1
53658,83,1010.2,441.3,3220,107316,2,1
53659,83,1010.9,440.8,3220,107318,2,1
53660,83,1011.6,440.2,3220,107320,2,1
53661,83,1012.2,440.2,3220,107322,2,1
53662,83,1012.6,440.4,3220,107324,2,1
53663,83,1012.8,440.7,3220,107326,2,1
53664,83,1013,441.1,3220,107328,2,1
53665,83,1013.4,441.3,3220,107330,2,1
53666,83,1013.5,441.8,3220,107332,2,1
53667,83,1013.6,442.5,3220,107334,2,1
53668,83,1013.6,443.2,3220,107336,2,1
53669,83,1013.6,443.9,3220,107338,2,1
53670,83,1013.5,444.5,3220,107340,2,1
53671,83,1013.4,445.1,3221,107342,2,1
53672,83,1013.4,445.5,3221,107344,2,1
53673,83,1013.4,445.7,3221,107346,2,1
53674,83,1013.5,445.6,3221,107348,2,1
53675,83,1014.2,445.4,3221,107350,2,1
53676,83,1014.9,444.4,3221,107352,2,1
53677,83,1015.7,441.8,3221,107354,2,1
53678,83,1017.7,437.8,3221,107356,2,1
53679,83,1021.2,431.6,3221,107358,2,1
53680,83,1026,424.6,3221,107360,2,1
53681,83,1030.9,415.3,3221,107362,2,1
53682,83,1036.5,404.8,3221,107364,2,1
53683,83,1043,394.2,3221,107366,2,1
53684,83,1049.3,384.7,3221,107368,2,1
53685,83,1054.9,376.8,3221,107370,2,1
53686,83,1058.9,371.1,3221,107372,2,1
53687,83,1061.6,366.7,3221,107374,2,1
53688,83,1064.6,364.8,3222,107376,2,1
53689,83,1066.3,364.3,3222,107378,2,1
53690,83,1067.1,364.7,3222,107380,2,1
53691,83,1067.8,365.9,3222,107382,2,1
53692,83,1067.9,367.3,3222,107384,2,1
53693,83,1067.8,368.7,3222,107386,2,1
53694,83,1067.7,369.8,3222,107388,2,1
53695,83,1067.4,370.5,3222,107390,2,1
53696,83,1067,370.9,3222,107392,2,1
53697,83,1066.9,370.8,3222,107394,2,1
53698,83,1066.9,370.5,3222,107396,2,1
53699,83,1067.7,369.6,3222,107398,2,1
53700,83,1068.7,368.5,3222,107400,2,1
53701,83,1069.7,366.8,3222,107402,2,1
53702,83,1071,365.3,3222,107404,2,1
53703,83,1072.3,363.9,3222,107406,2,1
53704,83,1073.5,363.1,3223,107408,2,1
53705,83,1074.6,362.3,3223,107410,2,1
53706,83,1075.2,361.9,3223,107412,2,1
53707,83,1075.8,361.7,3223,107414,2,1
53708,83,1076.4,362.4,3223,107416,2,1
53709,83,1076.7,363.1,3223,107418,2,1
53710,83,1076.9,363.7,3223,107420,2,1
53711,83,1077.2,364.1,3223,107422,2,1
53712,83,1077.4,364.2,3223,107424,2,1
53713,83,1077.5,364.3,3223,107426,2,1
53714,83,1077.7,364.3,3223,107428,2,1
53715,83,1077.8,363.9,3223,107430,2,1
53716,83,1077.9,363.5,3223,107432,2,1
53717,83,1077.9,363,3223,107434,2,1
53718,83,1077.9,362.6,3223,107436,2,1
53719,83,1077.8,362.3,3223,107438,2,1
53720,83,1077.8,362.1,3223,107440,2,1
53721,83,1077.7,362.2,3224,107442,2,1
53722,83,1077.6,362.4,3224,107444,2,1
53723,83,1077.7,362.6,3224,107446,2,1
53724,83,1077.9,362.8,3224,107448,2,1
53725,83,1078,363.1,3224,107450,2,1
53726,83,1078.2,363.3,3224,107452,2,1
53727,83,1078.4,363.5,3224,107454,2,1
53728,83,1078.6,363.3,3224,107456,2,1
53729,83,1078.7,363.1,3224,107458,2,1
53730,83,1078.6,362.9,3224,107460,2,1
53731,83,1078.4,362.8,3224,107462,2,1
53732,83,1078.1,362.8,3224,107464,2,1
53733,83,1077.7,363.1,3224,107466,2,1
53734,83,1077.4,363.4,3224,107468,2,1
53735,83,1077.1,364,3224,107470,2,1
53736,83,1076.9,364.4,3224,107472,2,1
53737,83,1076.8,364.6,3224,107474,2,1
53738,83,1077.1,364.7,3225,107476,2,1
53739,83,1077.7,364.7,3225,107478,2,1
53740,83,1078.3,364.6,3225,107480,2,1
53741,83,1079.2,365,3225,107482,2,1
53742,83,1080.1,365.2,3225,107484,2,1
53743,83,1080.9,365.6,3225,107486,2,1
53744,83,1081.7,366.3,3225,107488,2,1
53745,83,1082.3,366.9,3225,107490,2,1
53746,83,1082.7,367.2,3225,107492,2,1
53747,83,1083,367.4,3225,107494,2,1
53748,83,1082.8,367,3225,107496,2,1
53749,83,1082.7,366.1,3225,107498,2,1
53750,83,1082.4,365.3,3225,107500,2,1
53751,83,1082.1,364.6,3225,107502,2,1
53752,83,1081.8,364.3,3225,107504,2,1
53753,83,1081.7,363.9,3225,107506,2,1
53754,83,1081.8,363.6,3226,107508,2,1
53755,83,1081.9,363.6,3226,107510,2,1
53756,83,1082.1,364.2,3226,107512,2,1
53757,83,1082.3,364.8,3226,107514,2,1
53758,83,1082.4,365.3,3226,107516,2,1
53759,83,1082.5,365.7,3226,107518,2,1
53760,83,1082.6,366,3226,107520,2,1
53761,83,1082.6,366.3,3226,107522,2,1
53762,83,1082.6,366.3,3226,107524,2,1
53763,83,1082.7,366.2,3226,107526,2,1
53764,83,1082.8,366.3,3226,107528,2,1
53765,83,1083.1,366.4,3226,107530,2,1
53766,83,1083.3,366.6,3226,107532,2,1
53767,83,1083.5,366.7,3226,107534,2,1
53768,83,1083.6,366.9,3226,107536,2,1
53769,83,1083.8,367,3226,107538,2,1
53770,83,1084.3,366.9,3226,107540,2,1
53771,83,1084.7,366.8,3227,107542,2,1
53772,83,1084.9,366.6,3227,107544,2,1
53773,83,1085.4,366.2,3227,107546,2,1
53774,83,1086.1,365.7,3227,107548,2,1
53775,83,1086.8,365.3,3227,107550,2,1
53776,83,1087.4,365.1,3227,107552,2,1
53777,83,1087.4,365.2,3227,107554,2,1
53778,83,1086.9,365.3,3227,107556,2,1
53779,83,1086.4,365.4,3227,107558,2,1
53780,83,1085.9,365.5,3227,107560,2,1
53781,83,1085.6,365.5,3227,107562,2,1
53782,83,1086,365.5,3227,107564,2,1
53783,83,1086.4,365.5,3227,107566,2,1
53784,83,1088,365.8,3227,107568,2,1
53785,83,1091.2,365.8,3227,107570,2,1
53786,83,1095.2,366.3,3227,107572,2,1
53787,83,1100.2,367.2,3227,107574,2,1
53788,83,1105,369,3228,107576,2,1
53789,83,1109.1,371.8,3228,107578,2,1
53790,83,1113.3,374.5,3228,107580,2,1
53791,83,1116.4,377,3228,107582,2,1
53792,83,1118.3,379.4,3228,107584,2,1
53793,83,1119.8,381.2,3228,107586,2,1
53794,83,1120,382.5,3228,107588,2,1
53795,83,1120.1,382.9,3228,107590,2,1
53796,83,1119.9,382.4,3228,107592,2,1
53797,83,1119.7,381.6,3228,107594,2,1
53798,83,1119.4,381.1,3228,107596,2,1
53799,83,1119.1,380.6,3228,107598,2,1
53800,83,1118.7,380.3,3228,107600,2,1
53801,83,1118.4,380.2,3228,107602,2,1
53802,83,1118.3,380.7,3228,107604,2,1
53803,83,1118.4,381.2,3228,107606,2,1
53804,83,1118.5,382.1,3229,107608,2,1
53805,83,1118.6,383.1,3229,107610,2,1
53806,83,1118.7,384.2,3229,107612,2,1
53807,83,1118.8,385.1,3229,107614,2,1
53808,83,1118.8,386,3229,107616,2,1
53809,83,1118.6,386.4,3229,107618,2,1
53810,83,1118.3,386.8,3229,107620,2,1
53811,83,1118.2,387,3229,107622,2,1
53812,83,1118.3,387.2,3229,107624,2,1
53813,83,1118.9,387.4,3229,107626,2,1
53814,83,1119.2,387.8,3229,107628,2,1
53815,83,1119.6,388,3229,107630,2,1
53816,83,1120,388.3,3229,107632,2,1
53817,83,1120.3,388.7,3229,107634,2,1
53818,83,1120.6,389.2,3229,107636,2,1
53819,83,1120.8,389.6,3229,107638,2,1
53820,83,1120.9,389.8,3229,107640,2,1
53821,83,1121.3,390,3230,107642,2,1
53822,83,1121.8,390.1,3230,107644,2,1
53823,83,1122.2,390.1,3230,107646,2,1
53824,83,1122.7,390,3230,107648,2,1
53825,83,1123.1,390,3230,107650,2,1
53826,83,1123.3,390.1,3230,107652,2,1
53827,83,1123,390.6,3230,107654,2,1
53828,83,1122.8,391,3230,107656,2,1
53829,83,1122.6,391.5,3230,107658,2,1
53830,83,1122.4,391.9,3230,107660,2,1
53831,83,1122.2,392.4,3230,107662,2,1
53832,83,1121.8,392.9,3230,107664,2,1
53833,83,1121.4,393.3,3230,107666,2,1
53834,83,1121.1,393.3,3230,107668,2,1
53835,83,1120.5,393.7,3230,107670,2,1
53836,83,1120,394.3,3230,107672,2,1
53837,83,1119.4,394.9,3230,107674,2,1
53838,83,1119,395.5,3231,107676,2,1
53839,83,1118.9,395.9,3231,107678,2,1
53840,83,1119.2,395.9,3231,107680,2,1
53841,83,1119.5,395.9,3231,107682,2,1
53842,83,1119.9,395.6,3231,107684,2,1
53843,83,1120.3,395.2,3231,107686,2,1
53844,83,1121,394.6,3231,107688,2,1
53845,83,1122,394,3231,107690,2,1
53846,83,1122.9,393.4,3231,107692,2,1
53847,83,1123.3,393.3,3231,107694,2,1
53848,83,1123.9,393,3231,107696,2,1
53849,83,1124.4,392.7,3231,107698,2,1
53850,83,1124.5,392.5,3231,107700,2,1
53851,83,1124.3,392.5,3231,107702,2,1
53852,83,1123.6,392.8,3231,107704,2,1
53853,83,1123,393.2,3231,107706,2,1
53854,83,1122.4,393.7,3232,107708,2,1
53855,83,1121.8,394.4,3232,107710,2,1
53856,83,1121.3,395.2,3232,107712,2,1
53857,83,1121,396,3232,107714,2,1
53858,83,1121.1,396.7,3232,107716,2,1
53859,83,1121.3,397,3232,107718,2,1
53860,83,1121.6,397.3,3232,107720,2,1
53861,83,1121.9,397.4,3232,107722,2,1
53862,83,1122.1,397.3,3232,107724,2,1
53863,83,1122.2,397.3,3232,107726,2,1
53864,83,1121.9,397.2,3232,107728,2,1
53865,83,1121.4,397,3232,107730,2,1
53866,83,1120.6,396.4,3232,107732,2,1
53867,83,1119.9,395.9,3232,107734,2,1
53868,83,1119.1,395.4,3232,107736,2,1
53869,83,1118.5,395.1,3232,107738,2,1
53870,83,1118.2,394.8,3232,107740,2,1
53871,83,1118.4,394.5,3233,107742,2,1
53872,83,1118.8,394.3,3233,107744,2,1
53873,83,1119.4,394.2,3233,107746,2,1
53874,83,1119.4,394.3,3233,107748,2,1
53875,83,1119.3,394.4,3233,107750,2,1
53876,83,1119.1,394.6,3233,107752,2,1
53877,83,1118.7,395.1,3233,107754,2,1
53878,83,1118.3,395.5,3233,107756,2,1
53879,83,1117.8,395.9,3233,107758,2,1
53880,83,1117.3,396.1,3233,107760,2,1
53881,83,1117.2,396.2,3233,107762,2,1
53882,83,1117.2,396.1,3233,107764,2,1
53883,83,1117.2,396.1,3233,107766,2,1
53884,83,1117.1,395.7,3233,107768,2,1
53885,83,1116.8,395.4,3233,107770,2,1
53886,83,1116.3,395.2,3233,107772,2,1
53887,83,1115.9,395.2,3233,107774,2,1
53888,83,1115.4,395.1,3234,107776,2,1
53889,83,1115,395.2,3234,107778,2,1
53890,83,1114.5,395.3,3234,107780,2,1
53891,83,1113.8,395.3,3234,107782,2,1
53892,83,1113.4,395.3,3234,107784,2,1
53893,83,1113.2,395.1,3234,107786,2,1
53894,83,1113,395,3234,107788,2,1
53895,83,1112.8,395,3234,107790,2,1
53896,83,1112.6,395.4,3234,107792,2,1
53897,83,1112.5,395.7,3234,107794,2,1
53898,83,1112.5,396,3234,107796,2,1
53899,83,1112.4,396.1,3234,107798,2,1
53900,83,1112.4,396.3,3234,107800,2,1
53901,83,1112.5,396.2,3234,107802,2,1
53902,83,1112.6,395.9,3234,107804,2,1
53903,83,1112.8,395.4,3234,107806,2,1
53904,83,1113.1,394.9,3235,107808,2,1
53905,83,1113.4,394.5,3235,107810,2,1
53906,83,1114.3,394.2,3235,107812,2,1
53907,83,1115.3,393.7,3235,107814,2,1
53908,83,1116,393.3,3235,107816,2,1
53909,83,1116.6,393,3235,107818,2,1
53910,83,1117.1,392.8,3235,107820,2,1
53911,83,1117.4,392.8,3235,107822,2,1
53912,83,1117.8,392.5,3235,107824,2,1
53913,83,1117.4,392.2,3235,107826,2,1
53914,83,1116.5,392.3,3235,107828,2,1
53915,83,1115.5,392.5,3235,107830,2,1
53916,83,1114.4,392.9,3235,107832,2,1
53917,83,1113.4,393.5,3235,107834,2,1
53918,83,1112.3,394.1,3235,107836,2,1
53919,83,1111.2,394.6,3235,107838,2,1
53920,83,1110.5,395.1,3235,107840,2,1
53921,83,1110.3,395.2,3236,107842,2,1
53922,83,1110.3,395.6,3236,107844,2,1
53923,83,1110.2,395.6,3236,107846,2,1
53924,83,1110.1,395.6,3236,107848,2,1
53925,83,1110.1,395.5,3236,107850,2,1
53926,83,1110.2,395.4,3236,107852,2,1
53927,83,1110.4,395.3,3236,107854,2,1
53928,83,1110.5,395.2,3236,107856,2,1
53929,83,1110.8,395.4,3236,107858,2,1
53930,83,1111,395.6,3236,107860,2,1
53931,83,1111.2,395.7,3236,107862,2,1
53932,83,1111.2,395.9,3236,107864,2,1
53933,83,1111,396.1,3236,107866,2,1
53934,83,1110.7,396.4,3236,107868,2,1
53935,83,1110.4,396.6,3236,107870,2,1
53936,83,1110.1,396.4,3236,107872,2,1
53937,83,1109.8,396.3,3236,107874,2,1
53938,83,1109.5,396.3,3237,107876,2,1
53939,83,1109.5,396.3,3237,107878,2,1
53940,83,1109.5,396.5,3237,107880,2,1
53941,83,1109.5,396.7,3237,107882,2,1
53942,83,1108.9,397.2,3237,107884,2,1
53943,83,1108.5,397.8,3237,107886,2,1
53944,83,1107.9,398.5,3237,107888,2,1
53945,83,1107.2,399.3,3237,107890,2,1
53946,83,1106.3,400.1,3237,107892,2,1
53947,83,1105.7,400.7,3237,107894,2,1
53948,83,1105.2,401.2,3237,107896,2,1
53949,83,1105.4,401.4,3237,107898,2,1
53950,83,1105.7,401.5,3237,107900,2,1
53951,83,1106.1,401.7,3237,107902,2,1
53952,83,1106.5,402,3237,107904,2,1
53953,83,1107.1,402.2,3237,107906,2,1
53954,83,1107.7,402.2,3238,107908,2,1
53955,83,1108.3,402.3,3238,107910,2,1
53956,83,1108.9,402.3,3238,107912,2,1
53957,83,1109.3,402.4,3238,107914,2,1
53958,83,1109.8,402.3,3238,107916,2,1
53959,83,1110.2,402.4,3238,107918,2,1
53960,83,1110.4,402.6,3238,107920,2,1
53961,83,1110.3,402.9,3238,107922,2,1
53962,83,1110,403.1,3238,107924,2,1
53963,83,1109.6,403.2,3238,107926,2,1
53964,83,1109.2,402.7,3238,107928,2,1
53965,83,1108.7,402.2,3238,107930,2,1
53966,83,1108.2,401.6,3238,107932,2,1
53967,83,1108.1,401,3238,107934,2,1
53968,83,1108.2,400.4,3238,107936,2,1
53969,83,1108.6,399.8,3238,107938,2,1
53970,83,1109,399.4,3238,107940,2,1
53971,83,1109.3,399.7,3239,107942,2,1
53972,83,1109.5,399.9,3239,107944,2,1
53973,83,1109.7,400.4,3239,107946,2,1
53974,83,1109.7,400.9,3239,107948,2,1
53975,83,1109.6,402,3239,107950,2,1
53976,83,1109.3,403,3239,107952,2,1
53977,83,1109,403.9,3239,107954,2,1
53978,83,1108.7,404.5,3239,107956,2,1
53979,83,1108.3,405.2,3239,107958,2,1
53980,83,1108.1,405.1,3239,107960,2,1
53981,83,1108.2,405,3239,107962,2,1
53982,83,1108.3,404.2,3239,107964,2,1
53983,83,1108.7,403.5,3239,107966,2,1
53984,83,1108.9,402.9,3239,107968,2,1
53985,83,1109.2,402.5,3239,107970,2,1
53986,83,1109.3,402.2,3239,107972,2,1
53987,83,1109.5,402.3,3239,107974,2,1
53988,83,1109.4,402.5,3240,107976,2,1
53989,83,1109.1,402.8,3240,107978,2,1
53990,83,1108.5,403.3,3240,107980,2,1
53991,83,1108.1,403.6,3240,107982,2,1
53992,83,1107.9,403.8,3240,107984,2,1
53993,83,1107.8,404,3240,107986,2,1
53994,83,1107.7,404.1,3240,107988,2,1
53995,83,1107.6,404.1,3240,107990,2,1
53996,83,1107.5,404.2,3240,107992,2,1
53997,83,1107.5,404.2,3240,107994,2,1
53998,83,1107.4,404.2,3240,107996,2,1
53999,83,1107.6,404.3,3240,107998,2,1
54000,83,1107.8,404.4,3240,108000,2,1
54001,83,1107.9,404.4,3240,108002,2,1
54002,83,1107.9,404.5,3240,108004,2,1
54003,83,1107.7,404.8,3240,108006,2,1
54004,83,1107.3,405.2,3241,108008,2,1
54005,83,1106.9,405.1,3241,108010,2,1
54006,83,1106.2,404.9,3241,108012,2,1
54007,83,1105.7,404.7,3241,108014,2,1
54008,83,1105.1,404.6,3241,108016,2,1
54009,83,1104.7,404.9,3241,108018,2,1
54010,83,1104.5,405.7,3241,108020,2,1
54011,83,1104.4,406.5,3241,108022,2,1
54012,83,1104.4,407.6,3241,108024,2,1
54013,83,1104.9,408.7,3241,108026,2,1
54014,83,1105.4,409.7,3241,108028,2,1
54015,83,1105.9,410.1,3241,108030,2,1
54016,83,1106.4,410.2,3241,108032,2,1
54017,83,1106.7,409.6,3241,108034,2,1
54018,83,1106.8,408.9,3241,108036,2,1
54019,83,1106.7,408.4,3241,108038,2,1
54020,83,1106.3,407.9,3241,108040,2,1
54021,83,1105.8,407.4,3242,108042,2,1
54022,83,1105.5,407.4,3242,108044,2,1
54023,83,1105.2,407.3,3242,108046,2,1
54024,83,1105.2,407.3,3242,108048,2,1
54025,83,1105.4,407.4,3242,108050,2,1
54026,83,1105.8,407.3,3242,108052,2,1
54027,83,1106.5,407,3242,108054,2,1
54028,83,1107.1,406.4,3242,108056,2,1
54029,83,1107.6,405.8,3242,108058,2,1
54030,83,1107.8,405.2,3242,108060,2,1
54031,83,1107.8,404.7,3242,108062,2,1
54032,83,1107.7,404.2,3242,108064,2,1
54033,83,1107.4,403.8,3242,108066,2,1
54034,83,1106.8,403.8,3242,108068,2,1
54035,83,1106.3,404,3242,108070,2,1
54036,83,1105.9,404.5,3242,108072,2,1
54037,83,1105.6,404.9,3242,108074,2,1
54038,83,1105.2,405.5,3243,108076,2,1
54039,83,1104.8,406.3,3243,108078,2,1
54040,83,1104.5,407,3243,108080,2,1
54041,83,1104.1,407.7,3243,108082,2,1
54042,83,1103.6,408.3,3243,108084,2,1
54043,83,1103.1,408.4,3243,108086,2,1
54044,83,1102.7,408.6,3243,108088,2,1
54045,83,1102.3,408.7,3243,108090,2,1
54046,83,1101.8,409,3243,108092,2,1
54047,83,1101.2,409,3243,108094,2,1
54048,83,1100.7,409.1,3243,108096,2,1
54049,83,1100.2,408.9,3243,108098,2,1
54050,83,1099.7,408.9,3243,108100,2,1
54051,83,1099.3,408.6,3243,108102,2,1
54052,83,1099.2,408.4,3243,108104,2,1
54053,83,1099,408.3,3243,108106,2,1
54054,83,1098.9,408.2,3244,108108,2,1
54055,83,1098.9,408.1,3244,108110,2,1
54056,83,1099,408.3,3244,108112,2,1
54057,83,1099.2,408.5,3244,108114,2,1
54058,83,1098.9,408.8,3244,108116,2,1
54059,83,1098.5,409.2,3244,108118,2,1
54060,83,1098,410.3,3244,108120,2,1
54061,83,1097.5,411.3,3244,108122,2,1
54062,83,1096.8,412.5,3244,108124,2,1
54063,83,1096.5,413.4,3244,108126,2,1
54064,83,1096.4,413.9,3244,108128,2,1
54065,83,1096.7,413.8,3244,108130,2,1
54066,83,1096.8,413.7,3244,108132,2,1
54067,83,1096.8,412.9,3244,108134,2,1
54068,83,1096.7,412.1,3244,108136,2,1
54069,83,1096.5,411.5,3244,108138,2,1
54070,83,1095.9,411,3244,108140,2,1
54071,83,1095.9,410.4,3245,108142,2,1
54072,83,1096.1,410,3245,108144,2,1
54073,83,1096.3,410,3245,108146,2,1
54074,83,1096.8,409.7,3245,108148,2,1
54075,83,1097.2,409.5,3245,108150,2,1
54076,83,1097.7,409.6,3245,108152,2,1
54077,83,1098.1,410,3245,108154,2,1
54078,83,1098,410.7,3245,108156,2,1
54079,83,1097.8,411.4,3245,108158,2,1
54080,83,1097.6,412.1,3245,108160,2,1
54081,83,1097.3,412.7,3245,108162,2,1
54082,83,1097.2,413.2,3245,108164,2,1
54083,83,1097.1,413.4,3245,108166,2,1
54084,83,1096.9,413.7,3245,108168,2,1
54085,83,1096.6,414.2,3245,108170,2,1
54086,83,1096.2,414.7,3245,108172,2,1
54087,83,1095.8,415.5,3245,108174,2,1
54088,83,1095,416.4,3246,108176,2,1
54089,83,1093.7,417.5,3246,108178,2,1
54090,83,1092.5,418.5,3246,108180,2,1
54091,83,1091.5,419.1,3246,108182,2,1
54092,83,1090.8,419.4,3246,108184,2,1
54093,83,1090.2,419.8,3246,108186,2,1
54094,83,1089.6,420,3246,108188,2,1
54095,83,1089.4,420.2,3246,108190,2,1
54096,83,1089.5,420.4,3246,108192,2,1
54097,83,1089.3,420.7,3246,108194,2,1
54098,83,1089.2,421,3246,108196,2,1
54099,83,1088.8,421.3,3246,108198,2,1
54100,83,1088.3,421.6,3246,108200,2,1
54101,83,1087.8,421.8,3246,108202,2,1
54102,83,1087.1,422.1,3246,108204,2,1
54103,83,1086.5,422.3,3246,108206,2,1
54104,83,1086.1,422.5,3247,108208,2,1
54105,83,1085.7,422.5,3247,108210,2,1
54106,83,1085.5,422.6,3247,108212,2,1
54107,83,1085.7,422.8,3247,108214,2,1
54108,83,1085.9,422.9,3247,108216,2,1
54109,83,1086.3,423,3247,108218,2,1
54110,83,1086.7,423.2,3247,108220,2,1
54111,83,1086.9,423.3,3247,108222,2,1
54112,83,1087,423.4,3247,108224,2,1
54113,83,1086.9,423.5,3247,108226,2,1
54114,83,1086.6,423.5,3247,108228,2,1
54115,83,1086.2,423.1,3247,108230,2,1
54116,83,1085.8,422.8,3247,108232,2,1
54117,83,1085.3,422.5,3247,108234,2,1
54118,83,1084.7,422.3,3247,108236,2,1
54119,83,1084.2,422.5,3247,108238,2,1
54120,83,1083.6,422.8,3247,108240,2,1
54121,83,1083.1,423.2,3248,108242,2,1
54122,83,1082.7,423.9,3248,108244,2,1
54123,83,1082.5,424.5,3248,108246,2,1
54124,83,1082.4,425.1,3248,108248,2,1
54125,83,1082.7,425.6,3248,108250,2,1
54126,83,1083,425.7,3248,108252,2,1
54127,83,1083.2,425.9,3248,108254,2,1
54128,83,1083.4,426.2,3248,108256,2,1
54129,83,1083.7,426.4,3248,108258,2,1
54130,83,1083.7,426.6,3248,108260,2,1
54131,83,1083.8,427,3248,108262,2,1
54132,83,1083.7,427.6,3248,108264,2,1
54133,83,1083.7,428.3,3248,108266,2,1
54134,83,1083.5,428.9,3248,108268,2,1
54135,83,1083.4,429.3,3248,108270,2,1
54136,83,1083.2,429.4,3248,108272,2,1
54137,83,1083,429.4,3248,108274,2,1
54138,83,1082.7,429.4,3249,108276,2,1
54139,83,1082.1,428.7,3249,108278,2,1
54140,83,1081.4,428.1,3249,108280,2,1
54141,83,1080.7,427.4,3249,108282,2,1
54142,83,1080.2,426.8,3249,108284,2,1
54143,83,1079.4,426.4,3249,108286,2,1
54144,83,1078.7,426,3249,108288,2,1
54145,83,1078,425.7,3249,108290,2,1
54146,83,1077.4,426,3249,108292,2,1
54147,83,1077,427.1,3249,108294,2,1
54148,83,1076.9,428.2,3249,108296,2,1
54149,83,1076.8,429.3,3249,108298,2,1
54150,83,1076.9,430.3,3249,108300,2,1
54151,83,1076.7,431.3,3249,108302,2,1
54152,83,1076.2,432,3249,108304,2,1
54153,83,1075.7,432.8,3249,108306,2,1
54154,83,1075.2,432.7,3250,108308,2,1
54155,83,1074.6,432.4,3250,108310,2,1
54156,83,1074.2,432,3250,108312,2,1
54157,83,1073.9,431.7,3250,108314,2,1
54158,83,1073.7,431.5,3250,108316,2,1
54159,83,1073.7,431.7,3250,108318,2,1
54160,83,1073.7,431.9,3250,108320,2,1
54161,83,1073.7,432,3250,108322,2,1
54162,83,1073.8,432,3250,108324,2,1
54163,83,1073.7,432.1,3250,108326,2,1
54164,83,1073.5,431.9,3250,108328,2,1
54165,83,1073.4,431.7,3250,108330,2,1
54166,83,1073.3,431.4,3250,108332,2,1
54167,83,1073.1,431.1,3250,108334,2,1
54168,83,1073,430.7,3250,108336,2,1
54169,83,1073,430.5,3250,108338,2,1
54170,83,1072.9,430.3,3250,108340,2,1
54171,83,1073,430.3,3251,108342,2,1
54172,83,1073,430.4,3251,108344,2,1
54173,83,1073.1,430.7,3251,108346,2,1
54174,83,1073.3,431,3251,108348,2,1
54175,83,1073.5,431.4,3251,108350,2,1
54176,83,1073.7,432,3251,108352,2,1
54177,83,1073.8,432.7,3251,108354,2,1
54178,83,1073.8,433.2,3251,108356,2,1
54179,83,1073.7,433.7,3251,108358,2,1
54180,83,1073.5,434.1,3251,108360,2,1
54181,83,1072.9,434.5,3251,108362,2,1
54182,83,1072.5,434.5,3251,108364,2,1
54183,83,1072.3,434.4,3251,108366,2,1
54184,83,1072,434.5,3251,108368,2,1
54185,83,1071.8,434.6,3251,108370,2,1
54186,83,1071.9,434.8,3251,108372,2,1
54187,83,1072.1,435,3252,108374,2,1
54188,83,1072.6,435.1,3252,108376,2,1
54189,83,1072.9,435.1,3252,108378,2,1
54190,83,1072.9,434.9,3252,108380,2,1
54191,83,1072.9,434.7,3252,108382,2,1
54192,83,1072.7,434.4,3252,108384,2,1
54193,83,1072.2,433.9,3252,108386,2,1
54194,83,1071.8,433.4,3252,108388,2,1
54195,83,1071.5,433,3252,108390,2,1
54196,83,1071.1,432.7,3252,108392,2,1
54197,83,1071,432.6,3252,108394,2,1
54198,83,1071.1,432.5,3252,108396,2,1
54199,83,1071.3,432.5,3252,108398,2,1
54200,83,1071.6,432.6,3252,108400,2,1
54201,83,1072,432.3,3252,108402,2,1
54202,83,1072.4,432,3252,108404,2,1
54203,83,1072.7,431.7,3252,108406,2,1
54204,83,1073.1,431.3,3253,108408,2,1
54205,83,1073.3,431,3253,108410,2,1
54206,83,1073.4,430.7,3253,108412,2,1
54207,83,1073.5,431,3253,108414,2,1
54208,83,1073.5,431.4,3253,108416,2,1
54209,83,1073.6,431.8,3253,108418,2,1
54210,83,1073.7,432.2,3253,108420,2,1
54211,83,1073.8,432.7,3253,108422,2,1
54212,83,1073.8,433.1,3253,108424,2,1
54213,83,1074,433,3253,108426,2,1
54214,83,1074.3,432.3,3253,108428,2,1
54215,83,1074.7,431.6,3253,108430,2,1
54216,83,1074.9,431,3253,108432,2,1
54217,83,1075.1,430.3,3253,108434,2,1
54218,83,1075.1,429.8,3253,108436,2,1
54219,83,1074.8,429.8,3253,108438,2,1
54220,83,1074.5,430.3,3253,108440,2,1
54221,83,1074.1,430.8,3254,108442,2,1
54222,83,1074.3,431.3,3254,108444,2,1
54223,83,1074.5,431.8,3254,108446,2,1
54224,83,1074.7,432.4,3254,108448,2,1
54225,83,1074.8,432.5,3254,108450,2,1
54226,83,1074.9,432.2,3254,108452,2,1
54227,83,1075,431.8,3254,108454,2,1
54228,83,1075.3,431.4,3254,108456,2,1
54229,83,1075.2,430.9,3254,108458,2,1
54230,83,1075.1,430.4,3254,108460,2,1
54231,83,1075,429.9,3254,108462,2,1
54232,83,1075.3,429.6,3254,108464,2,1
54233,83,1075.5,429.3,3254,108466,2,1
54234,83,1075.4,429,3254,108468,2,1
54235,83,1075.2,428.8,3254,108470,2,1
54236,83,1074.8,428.7,3254,108472,2,1
54237,83,1074.4,429,3254,108474,2,1
54238,83,1074,429.6,3255,108476,2,1
54239,83,1073.7,430,3255,108478,2,1
54240,83,1073.5,430.5,3255,108480,2,1
54241,83,1073.6,430.9,3255,108482,2,1
54242,83,1073.7,431.4,3255,108484,2,1
54243,83,1073.8,431.8,3255,108486,2,1
54244,83,1073.7,432.2,3255,108488,2,1
54245,83,1073.7,432.3,3255,108490,2,1
54246,83,1073.6,432.4,3255,108492,2,1
54247,83,1073.5,432.5,3255,108494,2,1
54248,83,1073.5,432.7,3255,108496,2,1
54249,83,1073.5,432.9,3255,108498,2,1
54250,83,1073.5,433.1,3255,108500,2,1
54251,83,1073.4,432.8,3255,108502,2,1
54252,83,1073.5,432.5,3255,108504,2,1
54253,83,1073.5,432.1,3255,108506,2,1
54254,83,1073.4,431.7,3256,108508,2,1
54255,83,1073.4,431.3,3256,108510,2,1
54256,83,1073.3,430.8,3256,108512,2,1
54257,83,1073.2,430.4,3256,108514,2,1
54258,83,1073.2,430.3,3256,108516,2,1
54259,83,1073.3,430.3,3256,108518,2,1
54260,83,1073.5,429.8,3256,108520,2,1
54261,83,1073.8,429.4,3256,108522,2,1
54262,83,1073.8,428.9,3256,108524,2,1
54263,83,1073.8,428.5,3256,108526,2,1
54264,83,1073.7,428.1,3256,108528,2,1
54265,83,1073.5,427.8,3256,108530,2,1
54266,83,1073,427.7,3256,108532,2,1
54267,83,1072.6,427.9,3256,108534,2,1
54268,83,1072.3,427.9,3256,108536,2,1
54269,83,1072.6,427.9,3256,108538,2,1
54270,83,1072.9,428,3256,108540,2,1
54271,83,1073.2,428,3257,108542,2,1
54272,83,1074.1,428,3257,108544,2,1
54273,83,1075,428,3257,108546,2,1
54274,83,1075.8,427.9,3257,108548,2,1
54275,83,1076.6,427.9,3257,108550,2,1
54276,83,1077,427.9,3257,108552,2,1
54277,83,1077.3,427.9,3257,108554,2,1
54278,83,1077.7,427.7,3257,108556,2,1
54279,83,1077.5,427.5,3257,108558,2,1
54280,83,1077.3,427.1,3257,108560,2,1
54281,83,1077,426.8,3257,108562,2,1
54282,83,1076.9,426.5,3257,108564,2,1
54283,83,1077,426.3,3257,108566,2,1
54284,83,1077.5,426.1,3257,108568,2,1
54285,83,1078,426.1,3257,108570,2,1
54286,83,1078.4,426.2,3257,108572,2,1
54287,83,1078.8,426.4,3258,108574,2,1
54288,83,1079.1,426.7,3258,108576,2,1
54289,83,1079.5,426.9,3258,108578,2,1
54290,83,1079.7,427.1,3258,108580,2,1
54291,83,1079.6,427.2,3258,108582,2,1
54292,83,1079.5,427.4,3258,108584,2,1
54293,83,1079.5,427.6,3258,108586,2,1
54294,83,1079.6,427.8,3258,108588,2,1
54295,83,1079.9,427.8,3258,108590,2,1
54296,83,1080.3,427.9,3258,108592,2,1
54297,83,1080.6,427.9,3258,108594,2,1
54298,83,1081,428,3258,108596,2,1
54299,83,1081.5,428.1,3258,108598,2,1
54300,83,1081.9,428.2,3258,108600,2,1
54301,83,1082.1,428.4,3258,108602,2,1
54302,83,1082,428.8,3258,108604,2,1
54303,83,1082.1,429,3258,108606,2,1
54304,83,1082.2,429.2,3259,108608,2,1
54305,83,1082.2,429.2,3259,108610,2,1
54306,83,1082.1,429.2,3259,108612,2,1
54307,83,1082.1,429,3259,108614,2,1
54308,83,1082.2,428.8,3259,108616,2,1
54309,83,1082.1,428.1,3259,108618,2,1
54310,83,1082.1,427.1,3259,108620,2,1
54311,83,1081.9,426.1,3259,108622,2,1
54312,83,1081.7,425.3,3259,108624,2,1
54313,83,1081.5,424.7,3259,108626,2,1
54314,83,1081.3,424.4,3259,108628,2,1
54315,83,1081.1,424.3,3259,108630,2,1
54316,83,1081.2,424.6,3259,108632,2,1
54317,83,1081.3,425.2,3259,108634,2,1
54318,83,1081.8,425.8,3259,108636,2,1
54319,83,1082.3,426.3,3259,108638,2,1
54320,83,1082.9,426.5,3259,108640,2,1
54321,83,1083.7,426.4,3260,108642,2,1
54322,83,1084.3,426.3,3260,108644,2,1
54323,83,1084.8,426,3260,108646,2,1
54324,83,1085.1,425.7,3260,108648,2,1
54325,83,1085.4,425.3,3260,108650,2,1
54326,83,1085.7,425.1,3260,108652,2,1
54327,83,1085.9,424.9,3260,108654,2,1
54328,83,1085.9,424.8,3260,108656,2,1
54329,83,1085.9,424.8,3260,108658,2,1
54330,83,1086,425,3260,108660,2,1
54331,83,1086,425.2,3260,108662,2,1
54332,83,1086,425.3,3260,108664,2,1
54333,83,1086,425.4,3260,108666,2,1
54334,83,1086,425.5,3260,108668,2,1
54335,83,1085.9,425.8,3260,108670,2,1
54336,83,1085.9,425.6,3260,108672,2,1
54337,83,1086,425.3,3260,108674,2,1
54338,83,1086.1,424.4,3261,108676,2,1
54339,83,1086.2,423.7,3261,108678,2,1
54340,83,1086.3,423,3261,108680,2,1
54341,83,1086.4,422.3,3261,108682,2,1
54342,83,1086.4,421.6,3261,108684,2,1
54343,83,1085.9,421.1,3261,108686,2,1
54344,83,1085.5,420.8,3261,108688,2,1
54345,83,1085,420.9,3261,108690,2,1
54346,83,1084.7,420.9,3261,108692,2,1
54347,83,1084.4,421.1,3261,108694,2,1
54348,83,1084.8,421.4,3261,108696,2,1
54349,83,1085.5,421.7,3261,108698,2,1
54350,83,1086.6,421.8,3261,108700,2,1
54351,83,1087.7,421.8,3261,108702,2,1
54352,83,1088.7,421.2,3261,108704,2,1
54353,83,1089.4,420.5,3261,108706,2,1
54354,83,1089.9,419.9,3262,108708,2,1
54355,83,1089.7,419,3262,108710,2,1
54356,83,1089.3,418.1,3262,108712,2,1
54357,83,1088.8,417.3,3262,108714,2,1
54358,83,1088.4,416.7,3262,108716,2,1
54359,83,1088.2,416.5,3262,108718,2,1
54360,83,1088.6,416.4,3262,108720,2,1
54361,83,1089.1,416.3,3262,108722,2,1
54362,83,1089.6,416.3,3262,108724,2,1
54363,83,1090.1,416.5,3262,108726,2,1
54364,83,1090.7,416.6,3262,108728,2,1
54365,83,1091.2,416.8,3262,108730,2,1
54366,83,1091.5,416.9,3262,108732,2,1
54367,83,1091.5,416.9,3262,108734,2,1
54368,83,1091.4,417,3262,108736,2,1
54369,83,1091.2,416.7,3262,108738,2,1
54370,83,1090.9,416.5,3262,108740,2,1
54371,83,1090.8,416.1,3263,108742,2,1
54372,83,1090.7,415.8,3263,108744,2,1
54373,83,1090.7,415.8,3263,108746,2,1
54374,83,1091,415.8,3263,108748,2,1
54375,83,1091.2,416,3263,108750,2,1
54376,83,1091.5,416.7,3263,108752,2,1
54377,83,1091.8,417.1,3263,108754,2,1
54378,83,1092.2,417.6,3263,108756,2,1
54379,83,1092.5,417.9,3263,108758,2,1
54380,83,1092.8,417.8,3263,108760,2,1
54381,83,1093,417.7,3263,108762,2,1
54382,83,1093.1,417.2,3263,108764,2,1
54383,83,1093.2,416.8,3263,108766,2,1
54384,83,1093.2,416.3,3263,108768,2,1
54385,83,1093.2,415.8,3263,108770,2,1
54386,83,1093.2,415.4,3263,108772,2,1
54387,83,1093.4,415.1,3263,108774,2,1
54388,83,1093.5,414.7,3264,108776,2,1
54389,83,1093.7,414.9,3264,108778,2,1
54390,83,1093.9,415.2,3264,108780,2,1
54391,83,1094,415.6,3264,108782,2,1
54392,83,1094.1,416.1,3264,108784,2,1
54393,83,1094.3,416.5,3264,108786,2,1
54394,83,1094.4,416.9,3264,108788,2,1
54395,83,1094.6,417.2,3264,108790,2,1
54396,83,1094.9,417.2,3264,108792,2,1
54397,83,1095.2,417,3264,108794,2,1
54398,83,1095.4,416.8,3264,108796,2,1
54399,83,1095.5,416.6,3264,108798,2,1
54400,83,1095.6,416.4,3264,108800,2,1
54401,83,1095.7,416.1,3264,108802,2,1
54402,83,1095.9,415.9,3264,108804,2,1
54403,83,1095.9,415.7,3264,108806,2,1
54404,83,1096.3,415.4,3265,108808,2,1
54405,83,1096.7,414.7,3265,108810,2,1
54406,83,1097.3,413.9,3265,108812,2,1
54407,83,1097.9,412.9,3265,108814,2,1
54408,83,1098.3,411.9,3265,108816,2,1
54409,83,1098.6,410.9,3265,108818,2,1
54410,83,1098.9,410.1,3265,108820,2,1
54411,83,1098.9,409.5,3265,108822,2,1
54412,83,1099.1,409.3,3265,108824,2,1
54413,83,1099.2,409,3265,108826,2,1
54414,83,1099.4,409.1,3265,108828,2,1
54415,83,1099.7,409.1,3265,108830,2,1
54416,83,1100,409.2,3265,108832,2,1
54417,83,1101,409.5,3265,108834,2,1
54418,83,1101.9,409.9,3265,108836,2,1
54419,83,1102.9,410.1,3265,108838,2,1
54420,83,1103.9,410.4,3265,108840,2,1
54421,83,1104.8,410.7,3266,108842,2,1
54422,83,1105.7,410.9,3266,108844,2,1
54423,83,1106.5,411.1,3266,108846,2,1
54424,83,1106.7,411.1,3266,108848,2,1
54425,83,1106.8,410.6,3266,108850,2,1
54426,83,1106.8,409.5,3266,108852,2,1
54427,83,1106.8,408.5,3266,108854,2,1
54428,83,1106.9,407.4,3266,108856,2,1
54429,83,1106.8,406.3,3266,108858,2,1
54430,83,1106.8,405.4,3266,108860,2,1
54431,83,1106.7,404.9,3266,108862,2,1
54432,83,1106.5,404.8,3266,108864,2,1
54433,83,1106.3,405.4,3266,108866,2,1
54434,83,1106.1,406,3266,108868,2,1
54435,83,1105.9,406.7,3266,108870,2,1
54436,83,1105.8,407.3,3266,108872,2,1
54437,83,1105.7,407.7,3267,108874,2,1
54438,83,1105.7,407.8,3267,108876,2,1
54439,83,1106.3,407.7,3267,108878,2,1
54440,83,1107,407.4,3267,108880,2,1
54441,83,1107.6,406.7,3267,108882,2,1
54442,83,1108.3,406.1,3267,108884,2,1
54443,83,1108.9,405.6,3267,108886,2,1
54444,83,1109.4,405.2,3267,108888,2,1
54445,83,1110,405.2,3267,108890,2,1
54446,83,1109.9,405.5,3267,108892,2,1
54447,83,1109.8,406,3267,108894,2,1
54448,83,1109.7,406.8,3267,108896,2,1
54449,83,1109.4,407.7,3267,108898,2,1
54450,83,1109.1,408.7,3267,108900,2,1
54451,83,1108.7,409,3267,108902,2,1
54452,83,1108.3,408.3,3267,108904,2,1
54453,83,1108.1,407.6,3267,108906,2,1
54454,83,1108.1,406.7,3268,108908,2,1
54455,83,1108.1,405.8,3268,108910,2,1
54456,83,1108.2,405,3268,108912,2,1
54457,83,1108.4,404.2,3268,108914,2,1
54458,83,1108.7,405,3268,108916,2,1
54459,83,1109,406.3,3268,108918,2,1
54460,83,1109.5,407.5,3268,108920,2,1
54461,83,1109.8,408.7,3268,108922,2,1
54462,83,1110,409.7,3268,108924,2,1
54463,83,1110.2,410,3268,108926,2,1
54464,83,1110.3,410.3,3268,108928,2,1
54465,83,1110.3,409.7,3268,108930,2,1
54466,83,1110.4,408.9,3268,108932,2,1
54467,83,1110.4,408.2,3268,108934,2,1
54468,83,1110.3,407.6,3268,108936,2,1
54469,83,1110.3,407,3268,108938,2,1
54470,83,1110.3,407.3,3268,108940,2,1
54471,83,1110.3,407.4,3269,108942,2,1
54472,83,1110.3,407.5,3269,108944,2,1
54473,83,1110.3,407.8,3269,108946,2,1
54474,83,1110.3,408.1,3269,108948,2,1
54475,83,1110.3,408.3,3269,108950,2,1
54476,83,1110.4,408.2,3269,108952,2,1
54477,83,1110.6,408,3269,108954,2,1
54478,83,1110.7,407.8,3269,108956,2,1
54479,83,1110.7,407.7,3269,108958,2,1
54480,83,1110.8,407.5,3269,108960,2,1
54481,83,1110.8,407.2,3269,108962,2,1
54482,83,1110.9,406.8,3269,108964,2,1
54483,83,1110.8,406.8,3269,108966,2,1
54484,83,1110.6,407.2,3269,108968,2,1
54485,83,1110.4,407.4,3269,108970,2,1
54486,83,1110.1,407.5,3269,108972,2,1
54487,83,1109.8,407.6,3270,108974,2,1
54488,83,1109.6,407.7,3270,108976,2,1
54489,83,1109.3,407.7,3270,108978,2,1
54490,83,1109.2,407.6,3270,108980,2,1
54491,83,1109.4,407.1,3270,108982,2,1
54492,83,1109.6,406.6,3270,108984,2,1
54493,83,1109.8,406.2,3270,108986,2,1
54494,83,1109.9,405.8,3270,108988,2,1
54495,83,1110,405.5,3270,108990,2,1
54496,83,1110.1,405.1,3270,108992,2,1
54497,83,1110.2,404.8,3270,108994,2,1
54498,83,1109.8,404.7,3270,108996,2,1
54499,83,1109.5,404.7,3270,108998,2,1
54500,83,1109.2,404.6,3270,109000,2,1
54501,83,1108.9,404.5,3270,109002,2,1
54502,83,1108.6,404.4,3270,109004,2,1
54503,83,1108.3,404.3,3270,109006,2,1
54504,83,1108.2,404.1,3271,109008,2,1
54505,83,1108.1,403.9,3271,109010,2,1
54506,83,1108,403.7,3271,109012,2,1
54507,83,1108.4,403.5,3271,109014,2,1
54508,83,1108.8,403.3,3271,109016,2,1
54509,83,1109.2,403.2,3271,109018,2,1
54510,83,1109.3,403.1,3271,109020,2,1
54511,83,1109.3,403,3271,109022,2,1
54512,83,1109,402.9,3271,109024,2,1
54513,83,1108.8,402.9,3271,109026,2,1
54514,83,1108.2,403,3271,109028,2,1
54515,83,1108.3,402.9,3271,109030,2,1
54516,83,1108.6,402.7,3271,109032,2,1
54517,83,1109.1,402.4,3271,109034,2,1
54518,83,1109.6,402.1,3271,109036,2,1
54519,83,1110.6,402,3271,109038,2,1
54520,83,1111.4,402.2,3271,109040,2,1
54521,83,1112.1,402.3,3272,109042,2,1
54522,83,1112.1,402.6,3272,109044,2,1
54523,83,1112.1,402.8,3272,109046,2,1
54524,83,1112.2,403.1,3272,109048,2,1
54525,83,1112.3,403.1,3272,109050,2,1
54526,83,1112.6,403,3272,109052,2,1
54527,83,1112.7,402.6,3272,109054,2,1
54528,83,1113,402.3,3272,109056,2,1
54529,83,1113.1,402.1,3272,109058,2,1
54530,83,1113.2,401.8,3272,109060,2,1
54531,83,1112.8,401.7,3272,109062,2,1
54532,83,1112.4,401.7,3272,109064,2,1
54533,83,1111.8,401.8,3272,109066,2,1
54534,83,1111.3,401.9,3272,109068,2,1
54535,83,1110.8,402,3272,109070,2,1
54536,83,1110.3,402,3272,109072,2,1
54537,83,1110,401.8,3273,109074,2,1
54538,83,1109.9,401.4,3273,109076,2,1
54539,83,1109.7,401.1,3273,109078,2,1
54540,83,1109.6,400.7,3273,109080,2,1
54541,83,1109.4,400.3,3273,109082,2,1
54542,83,1109.4,400,3273,109084,2,1
54543,83,1109.2,400,3273,109086,2,1
54544,83,1109,400.4,3273,109088,2,1
54545,83,1108.9,400.7,3273,109090,2,1
54546,83,1108.7,401,3273,109092,2,1
54547,83,1108.5,400.9,3273,109094,2,1
54548,83,1108.3,400.7,3273,109096,2,1
54549,83,1108,400.6,3273,109098,2,1
54550,83,1108.4,400.2,3273,109100,2,1
54551,83,1108.8,399.6,3273,109102,2,1
54552,83,1109.5,399.3,3273,109104,2,1
54553,83,1110.4,399,3273,109106,2,1
54554,83,1111.3,399,3274,109108,2,1
54555,83,1112.2,399,3274,109110,2,1
54556,83,1113.1,398.9,3274,109112,2,1
54557,83,1113.4,398.8,3274,109114,2,1
54558,83,1113.7,398.8,3274,109116,2,1
54559,83,1113.6,398.6,3274,109118,2,1
54560,83,1113.5,398.4,3274,109120,2,1
54561,83,1113.2,398.3,3274,109122,2,1
54562,83,1112.9,398.3,3274,109124,2,1
54563,83,1112.4,398.5,3274,109126,2,1
54564,83,1111.9,398.7,3274,109128,2,1
54565,83,1111.3,399.1,3274,109130,2,1
54566,83,1110.7,399.5,3274,109132,2,1
54567,83,1110.2,399.5,3274,109134,2,1
54568,83,1109.9,399.4,3274,109136,2,1
54569,83,1109.7,398.7,3274,109138,2,1
54570,83,1109.6,398,3274,109140,2,1
54571,83,1109.5,397.3,3275,109142,2,1
54572,83,1109.6,396.5,3275,109144,2,1
54573,83,1109.7,395.8,3275,109146,2,1
54574,83,1109.8,395.8,3275,109148,2,1
54575,83,1110.1,395.7,3275,109150,2,1
54576,83,1110.4,396.1,3275,109152,2,1
54577,83,1111.1,396.3,3275,109154,2,1
54578,83,1111.7,396.5,3275,109156,2,1
54579,83,1112.1,396.7,3275,109158,2,1
54580,83,1112.3,396.8,3275,109160,2,1
54581,83,1112.2,396.7,3275,109162,2,1
54582,83,1111.9,396.5,3275,109164,2,1
54583,83,1111.5,396.3,3275,109166,2,1
54584,83,1110.7,396.1,3275,109168,2,1
54585,83,1109.8,395.9,3275,109170,2,1
54586,83,1109,395.9,3275,109172,2,1
54587,83,1108.2,395.9,3276,109174,2,1
54588,83,1107.8,396.1,3276,109176,2,1
54589,83,1107.5,396.2,3276,109178,2,1
54590,83,1107.4,396.2,3276,109180,2,1
54591,83,1107.8,396.2,3276,109182,2,1
54592,83,1108.4,395.8,3276,109184,2,1
54593,83,1108.9,395.5,3276,109186,2,1
54594,83,1109.5,395.3,3276,109188,2,1
54595,83,1110,394.9,3276,109190,2,1
54596,83,1110.7,394.5,3276,109192,2,1
54597,83,1111.1,394.3,3276,109194,2,1
54598,83,1111.3,394.2,3276,109196,2,1
54599,83,1111.3,394.2,3276,109198,2,1
54600,83,1111.2,394.4,3276,109200,2,1
54601,83,1111.3,394.7,3276,109202,2,1
54602,83,1111.3,395.1,3276,109204,2,1
54603,83,1111.2,395.7,3276,109206,2,1
54604,83,1111.2,396.2,3277,109208,2,1
54605,83,1111.2,396.7,3277,109210,2,1
54606,83,1111.4,397.1,3277,109212,2,1
54607,83,1111.6,397,3277,109214,2,1
54608,83,1112,396.5,3277,109216,2,1
54609,83,1112.4,395.8,3277,109218,2,1
54610,83,1113,395,3277,109220,2,1
54611,83,1113.7,394.3,3277,109222,2,1
54612,83,1114.3,393.7,3277,109224,2,1
54613,83,1115,393.2,3277,109226,2,1
54614,83,1115.6,393.3,3277,109228,2,1
54615,83,1116.2,393.7,3277,109230,2,1
54616,83,1116.5,394.2,3277,109232,2,1
54617,83,1116.7,394.7,3277,109234,2,1
54618,83,1116.8,395.1,3277,109236,2,1
54619,83,1116.8,395,3277,109238,2,1
54620,83,1116.9,394.9,3277,109240,2,1
54621,83,1117.1,394.6,3278,109242,2,1
54622,83,1118.1,393.7,3278,109244,2,1
54623,83,1119.1,392.8,3278,109246,2,1
54624,83,1120.1,392,3278,109248,2,1
54625,83,1121,391.2,3278,109250,2,1
54626,83,1121.9,390.7,3278,109252,2,1
54627,83,1122.5,390.5,3278,109254,2,1
54628,83,1122.9,390.3,3278,109256,2,1
54629,83,1122.6,390.4,3278,109258,2,1
54630,83,1122.5,390.5,3278,109260,2,1
54631,83,1122.5,390.6,3278,109262,2,1
54632,83,1123,390.5,3278,109264,2,1
54633,83,1123.6,390.4,3278,109266,2,1
54634,83,1124.2,390.3,3278,109268,2,1
54635,83,1124.9,390,3278,109270,2,1
54636,83,1125.6,389.6,3278,109272,2,1
54637,83,1126.2,388.8,3279,109274,2,1
54638,83,1126.8,388,3279,109276,2,1
54639,83,1126.9,387.2,3279,109278,2,1
54640,83,1127,386.4,3279,109280,2,1
54641,83,1127.2,385.6,3279,109282,2,1
54642,83,1127.4,385,3279,109284,2,1
54643,83,1127.6,384.5,3279,109286,2,1
54644,83,1127.8,384.6,3279,109288,2,1
54645,83,1127.9,384.8,3279,109290,2,1
54646,83,1128.2,385.7,3279,109292,2,1
54647,83,1128.5,386.6,3279,109294,2,1
54648,83,1128.8,387.4,3279,109296,2,1
54649,83,1129,388.1,3279,109298,2,1
54650,83,1129.3,388.6,3279,109300,2,1
54651,83,1129.4,388.7,3279,109302,2,1
54652,83,1129.3,388.7,3279,109304,2,1
54653,83,1129,388.2,3279,109306,2,1
54654,83,1128.7,387.9,3280,109308,2,1
54655,83,1128.3,387.7,3280,109310,2,1
54656,83,1128.1,387.5,3280,109312,2,1
54657,83,1127.9,387.3,3280,109314,2,1
54658,83,1127.8,387.2,3280,109316,2,1
54659,83,1127.8,387.1,3280,109318,2,1
54660,83,1127.7,386.8,3280,109320,2,1
54661,83,1127.6,386,3280,109322,2,1
54662,83,1127.6,385.2,3280,109324,2,1
54663,83,1127.4,384.5,3280,109326,2,1
54664,83,1127.3,384,3280,109328,2,1
54665,83,1127.4,383.7,3280,109330,2,1
54666,83,1127.4,383.5,3280,109332,2,1
54667,83,1127.8,383.7,3280,109334,2,1
54668,83,1128.1,384.1,3280,109336,2,1
54669,83,1128.4,384.4,3280,109338,2,1
54670,83,1128.6,384.8,3280,109340,2,1
54671,83,1128.6,385.1,3281,109342,2,1
54672,83,1128.3,385.4,3281,109344,2,1
54673,83,1128,385.7,3281,109346,2,1
54674,83,1127.6,385.9,3281,109348,2,1
54675,83,1127.2,386.1,3281,109350,2,1
54676,83,1127,386.4,3281,109352,2,1
54677,83,1126.9,386.7,3281,109354,2,1
54678,83,1127.1,387,3281,109356,2,1
54679,83,1127.4,387.2,3281,109358,2,1
54680,83,1127.9,387.2,3281,109360,2,1
54681,83,1128.5,387.1,3281,109362,2,1
54682,83,1129.1,387.1,3281,109364,2,1
54683,83,1129.5,387,3281,109366,2,1
54684,83,1129.7,386.9,3281,109368,2,1
54685,83,1129.9,386.7,3281,109370,2,1
54686,83,1130,386.6,3281,109372,2,1
54687,83,1130.1,386.5,3282,109374,2,1
54688,83,1130.2,386.5,3282,109376,2,1
54689,83,1130.3,386.4,3282,109378,2,1
54690,83,1130.5,386.3,3282,109380,2,1
54691,83,1130.6,386.3,3282,109382,2,1
54692,83,1130.7,386.4,3282,109384,2,1
54693,83,1130.5,386.5,3282,109386,2,1
54694,83,1130.2,386.7,3282,109388,2,1
54695,83,1129.9,386.9,3282,109390,2,1
54696,83,1129.7,387.2,3282,109392,2,1
54697,83,1129.6,387.4,3282,109394,2,1
54698,83,1129.7,387.6,3282,109396,2,1
54699,83,1129.9,387.5,3282,109398,2,1
54700,83,1130.3,387.4,3282,109400,2,1
54701,83,1130.3,387.3,3282,109402,2,1
54702,83,1129.9,387.3,3282,109404,2,1
54703,83,1129.4,387.2,3282,109406,2,1
54704,83,1128.9,387.3,3283,109408,2,1
54705,83,1128.2,387.4,3283,109410,2,1
54706,83,1128,387.7,3283,109412,2,1
54707,83,1127.9,388,3283,109414,2,1
54708,83,1128.5,388.2,3283,109416,2,1
54709,83,1129.4,388.2,3283,109418,2,1
54710,83,1130.4,388.2,3283,109420,2,1
54711,83,1131.2,388.3,3283,109422,2,1
54712,83,1131.9,388.2,3283,109424,2,1
54713,83,1132.3,388.1,3283,109426,2,1
54714,83,1131.7,388.2,3283,109428,2,1
54715,83,1131,388.2,3283,109430,2,1
54716,83,1130.3,388.3,3283,109432,2,1
54717,83,1129.7,388.5,3283,109434,2,1
54718,83,1129.1,388.7,3283,109436,2,1
54719,83,1128.6,389,3283,109438,2,1
54720,83,1128.1,389.2,3283,109440,2,1
54721,83,1128.3,389.3,3284,109442,2,1
54722,83,1128.5,389.4,3284,109444,2,1
54723,83,1128.3,389.5,3284,109446,2,1
54724,83,1128.1,389.4,3284,109448,2,1
54725,83,1127.9,389.3,3284,109450,2,1
54726,83,1127.8,389.2,3284,109452,2,1
54727,83,1128.1,389,3284,109454,2,1
54728,83,1128.5,388.8,3284,109456,2,1
54729,83,1128.8,388.8,3284,109458,2,1
54730,83,1129.5,388.7,3284,109460,2,1
54731,83,1130.2,388.7,3284,109462,2,1
54732,83,1130.7,388.6,3284,109464,2,1
54733,83,1131,388.5,3284,109466,2,1
54734,83,1130.8,388.4,3284,109468,2,1
54735,83,1130.5,388.2,3284,109470,2,1
54736,83,1130.1,388.1,3284,109472,2,1
54737,83,1129.7,387.9,3285,109474,2,1
54738,83,1129.2,387.8,3285,109476,2,1
54739,83,1129.4,387.8,3285,109478,2,1
54740,83,1129.7,387.7,3285,109480,2,1
54741,83,1130.2,387.7,3285,109482,2,1
54742,83,1130.7,387.6,3285,109484,2,1
54743,83,1130.5,387.5,3285,109486,2,1
54744,83,1130.4,387.4,3285,109488,2,1
54745,83,1130.3,387.2,3285,109490,2,1
54746,83,1129.9,387.1,3285,109492,2,1
54747,83,1129.7,387,3285,109494,2,1
54748,83,1129.3,387.3,3285,109496,2,1
54749,83,1129,387.5,3285,109498,2,1
54750,83,1129.6,387.7,3285,109500,2,1
54751,83,1130.1,387.9,3285,109502,2,1
54752,83,1130.3,388.1,3285,109504,2,1
54753,83,1129.7,388.2,3285,109506,2,1
54754,83,1128.7,388.3,3286,109508,2,1
54755,83,1126.1,386.9,3286,109510,2,1
54756,83,1122.1,385.3,3286,109512,2,1
54757,83,1114.7,382.9,3286,109514,2,1
54758,83,1104.3,377.8,3286,109516,2,1
54759,83,1091.1,371.1,3286,109518,2,1
54760,83,1074.5,362.2,3286,109520,2,1
54761,83,1054.6,351,3286,109522,2,1
54762,83,1031.5,340.2,3286,109524,2,1
54763,83,1006.7,328.4,3286,109526,2,1
54764,83,981.4,316,3286,109528,2,1
54765,83,955.1,305.4,3286,109530,2,1
54766,83,928.5,295.8,3286,109532,2,1
54767,83,902.3,288,3286,109534,2,1
54768,83,875.9,282.3,3286,109536,2,1
54769,83,851.3,277.7,3286,109538,2,1
54770,83,825.3,274.6,3286,109540,2,1
54771,83,800.6,273.1,3287,109542,2,1
54772,83,777.8,272.7,3287,109544,2,1
54773,83,754.6,272.9,3287,109546,2,1
54774,83,733.1,273.9,3287,109548,2,1
54775,83,713.4,275.1,3287,109550,2,1
54776,83,696,275.4,3287,109552,2,1
54777,83,683,275.4,3287,109554,2,1
54778,83,672.6,274.6,3287,109556,2,1
54779,83,664.4,273.5,3287,109558,2,1
54780,83,660.5,272.1,3287,109560,2,1
54781,83,658.5,270.5,3287,109562,2,1
54782,83,658.3,268.9,3287,109564,2,1
54783,83,658.8,268.4,3287,109566,2,1
54784,83,659.1,268,3287,109568,2,1
54785,83,658.8,268.6,3287,109570,2,1
54786,83,657.9,269.2,3287,109572,2,1
54787,83,656.3,270,3288,109574,2,1
54788,83,654.7,270.7,3288,109576,2,1
54789,83,653.1,271.3,3288,109578,2,1
54790,83,651.6,271.7,3288,109580,2,1
54791,83,650.2,271.9,3288,109582,2,1
54792,83,649.5,271.6,3288,109584,2,1
54793,83,649.3,271.5,3288,109586,2,1
54794,83,649.4,271.3,3288,109588,2,1
54795,83,649.6,271.1,3288,109590,2,1
54796,83,649.7,271.2,3288,109592,2,1
54797,83,649.9,271.4,3288,109594,2,1
54798,83,650,271.6,3288,109596,2,1
54799,83,650.1,271.8,3288,109598,2,1
54800,83,650.2,272.1,3288,109600,2,1
54801,83,650.2,272.3,3288,109602,2,1
54802,83,650.2,272.1,3288,109604,2,1
54803,83,650.2,271.8,3288,109606,2,1
54804,83,650.3,271.5,3289,109608,2,1
54805,83,650.4,271.2,3289,109610,2,1
54806,83,650.5,271,3289,109612,2,1
54807,83,650.6,270.9,3289,109614,2,1
54808,83,650.7,270.7,3289,109616,2,1
54809,83,650.8,270.6,3289,109618,2,1
54810,83,650.9,270.6,3289,109620,2,1
54811,83,650.9,270.7,3289,109622,2,1
54812,83,650.9,270.8,3289,109624,2,1
54813,83,650.9,270.9,3289,109626,2,1
54814,83,650.8,271.1,3289,109628,2,1
54815,83,650.7,271.3,3289,109630,2,1
54816,83,650.6,271.6,3289,109632,2,1
54817,83,650.5,271.9,3289,109634,2,1
54818,83,650.6,272.1,3289,109636,2,1
54819,83,650.8,272.4,3289,109638,2,1
54820,83,651,272.6,3289,109640,2,1
54821,83,651.3,272.9,3290,109642,2,1
54822,83,651.6,273.1,3290,109644,2,1
54823,83,651.9,273.4,3290,109646,2,1
54824,83,652.1,273.5,3290,109648,2,1
54825,83,652.7,273.7,3290,109650,2,1
54826,83,653.2,273.7,3290,109652,2,1
54827,83,653.7,273.5,3290,109654,2,1
54828,83,654.1,273.3,3290,109656,2,1
54829,83,654.6,273.2,3290,109658,2,1
54830,83,655,273.4,3290,109660,2,1
54831,83,654.6,273.7,3290,109662,2,1
54832,83,653.7,273.7,3290,109664,2,1
54833,83,652.9,274,3290,109666,2,1
54834,83,652.1,274,3290,109668,2,1
54835,83,651.4,273.9,3290,109670,2,1
54836,83,650.8,273.7,3290,109672,2,1
54837,83,650.3,273.2,3291,109674,2,1
54838,83,650.6,272.5,3291,109676,2,1
54839,83,651.4,271.9,3291,109678,2,1
54840,83,652.2,271.1,3291,109680,2,1
54841,83,652.9,270.6,3291,109682,2,1
54842,83,653.6,270.2,3291,109684,2,1
54843,83,653.8,269.8,3291,109686,2,1
54844,83,654,269.5,3291,109688,2,1
54845,83,654.2,269.1,3291,109690,2,1
54846,83,653.8,268.7,3291,109692,2,1
54847,83,653.4,268.5,3291,109694,2,1
54848,83,653.1,268.3,3291,109696,2,1
54849,83,652.8,268.1,3291,109698,2,1
54850,83,652.8,268,3291,109700,2,1
54851,83,652.9,267.9,3291,109702,2,1
54852,83,653.2,267.9,3291,109704,2,1
54853,83,653.7,268,3291,109706,2,1
54854,83,654.1,268.1,3292,109708,2,1
54855,83,654.6,268.4,3292,109710,2,1
54856,83,655.1,268.7,3292,109712,2,1
54857,83,655.3,269.4,3292,109714,2,1
54858,83,655.6,270.1,3292,109716,2,1
54859,83,655.7,270.7,3292,109718,2,1
54860,83,655.7,271.3,3292,109720,2,1
54861,83,655.7,271.9,3292,109722,2,1
54862,83,655.6,272,3292,109724,2,1
54863,83,655.6,271.8,3292,109726,2,1
54864,83,655.7,271.2,3292,109728,2,1
54865,83,655.8,270.7,3292,109730,2,1
54866,83,655.8,270.1,3292,109732,2,1
54867,83,655.6,269.7,3292,109734,2,1
54868,83,655.3,269.3,3292,109736,2,1
54869,83,655,269,3292,109738,2,1
54870,83,654.7,269.6,3292,109740,2,1
54871,83,654.4,270.2,3293,109742,2,1
54872,83,654.2,270.8,3293,109744,2,1
54873,83,654.1,271.3,3293,109746,2,1
54874,83,654.1,271.7,3293,109748,2,1
54875,83,654.3,271.8,3293,109750,2,1
54876,83,654.5,272,3293,109752,2,1
54877,83,654.9,271.4,3293,109754,2,1
54878,83,655.4,271.1,3293,109756,2,1
54879,83,655.8,270.7,3293,109758,2,1
54880,83,656.3,270.4,3293,109760,2,1
54881,83,656.8,270,3293,109762,2,1
54882,83,657.1,269.9,3293,109764,2,1
54883,83,657.5,269.6,3293,109766,2,1
54884,83,657.7,269.5,3293,109768,2,1
54885,83,657.8,269.3,3293,109770,2,1
54886,83,657.9,269.3,3293,109772,2,1
54887,83,657.8,269.3,3294,109774,2,1
54888,83,657.7,269.3,3294,109776,2,1
54889,83,657.6,269.4,3294,109778,2,1
54890,83,657.5,269.4,3294,109780,2,1
54891,83,657.4,269.4,3294,109782,2,1
54892,83,657.3,269.4,3294,109784,2,1
54893,83,657.2,269.5,3294,109786,2,1
54894,83,657.1,269.6,3294,109788,2,1
54895,83,657.1,269.8,3294,109790,2,1
54896,83,657.2,270,3294,109792,2,1
54897,83,657.4,270.3,3294,109794,2,1
54898,83,657.6,270.6,3294,109796,2,1
54899,83,657.9,270.9,3294,109798,2,1
54900,83,658.4,270.7,3294,109800,2,1
54901,83,658.8,270.6,3294,109802,2,1
54902,83,659.2,270.7,3294,109804,2,1
54903,83,659.4,270.9,3294,109806,2,1
54904,83,659.6,270.9,3295,109808,2,1
54905,83,659.8,270.8,3295,109810,2,1
54906,83,659.8,270.8,3295,109812,2,1
54907,83,659.6,270.8,3295,109814,2,1
54908,83,659.4,270.6,3295,109816,2,1
54909,83,659.2,270.3,3295,109818,2,1
54910,83,659.1,270.1,3295,109820,2,1
54911,83,658.8,270,3295,109822,2,1
54912,83,658.4,270,3295,109824,2,1
54913,83,658.1,270.6,3295,109826,2,1
54914,83,657.8,271.2,3295,109828,2,1
54915,83,657.7,271.8,3295,109830,2,1
54916,83,657.6,272.1,3295,109832,2,1
54917,83,657.6,272.1,3295,109834,2,1
54918,83,658,272.2,3295,109836,2,1
54919,83,658.5,272,3295,109838,2,1
54920,83,659,271.4,3295,109840,2,1
54921,83,659.5,270.9,3296,109842,2,1
54922,83,659.8,270.9,3296,109844,2,1
54923,83,660.1,271.1,3296,109846,2,1
54924,83,660.2,271.3,3296,109848,2,1
54925,83,660.1,271.1,3296,109850,2,1
54926,83,659.7,271,3296,109852,2,1
54927,83,659.5,270.9,3296,109854,2,1
54928,83,659.2,271.1,3296,109856,2,1
54929,83,659,271.2,3296,109858,2,1
54930,83,659.1,271.5,3296,109860,2,1
54931,83,659.2,271.8,3296,109862,2,1
54932,83,659.6,272.4,3296,109864,2,1
54933,83,660.1,273,3296,109866,2,1
54934,83,660.6,273.7,3296,109868,2,1
54935,83,661.1,274.6,3296,109870,2,1
54936,83,661.6,275,3296,109872,2,1
54937,83,662.3,275.4,3297,109874,2,1
54938,83,662.9,275.5,3297,109876,2,1
54939,83,663.6,275.8,3297,109878,2,1
54940,83,665.8,276.1,3297,109880,2,1
54941,83,670.6,277.1,3297,109882,2,1
54942,83,677.8,279.4,3297,109884,2,1
54943,83,688.6,282.6,3297,109886,2,1
54944,83,704.2,288.1,3297,109888,2,1
54945,83,723.8,293.9,3297,109890,2,1
54946,83,746.3,301.1,3297,109892,2,1
54947,83,771.2,309.7,3297,109894,2,1
54948,83,796.3,319.2,3297,109896,2,1
54949,83,820.6,328.7,3297,109898,2,1
54950,83,843.9,338,3297,109900,2,1
54951,83,863,345.6,3297,109902,2,1
54952,83,878.9,353.7,3297,109904,2,1
54953,83,891.9,361.6,3297,109906,2,1
54954,83,900.9,368.1,3298,109908,2,1
54955,83,907.1,372.7,3298,109910,2,1
54956,83,911.7,375.8,3298,109912,2,1
54957,83,913.5,377.7,3298,109914,2,1
54958,83,914.7,378.4,3298,109916,2,1
54959,83,915.1,378.4,3298,109918,2,1
54960,83,915.7,376.9,3298,109920,2,1
54961,83,916.9,375.4,3298,109922,2,1
54962,83,918.7,374,3298,109924,2,1
54963,83,921.4,373.2,3298,109926,2,1
54964,83,924.3,373.5,3298,109928,2,1
54965,83,927,374.4,3298,109930,2,1
54966,83,929.7,375.5,3298,109932,2,1
54967,83,931.7,376.9,3298,109934,2,1
54968,83,933.1,378.8,3298,109936,2,1
54969,83,933.4,380.7,3298,109938,2,1
54970,83,932.8,382.2,3298,109940,2,1
54971,83,932,383.3,3299,109942,2,1
54972,83,931.2,383.7,3299,109944,2,1
54973,83,930.3,384,3299,109946,2,1
54974,83,929.5,384.3,3299,109948,2,1
54975,83,928.9,384,3299,109950,2,1
54976,83,929,383.6,3299,109952,2,1
54977,83,929.4,383.3,3299,109954,2,1
54978,83,929.9,383,3299,109956,2,1
54979,83,930.5,382.6,3299,109958,2,1
54980,83,931.1,382.2,3299,109960,2,1
54981,83,931.7,382.1,3299,109962,2,1
54982,83,932.4,382.1,3299,109964,2,1
54983,83,932.9,382.1,3299,109966,2,1
54984,83,933.1,382.3,3299,109968,2,1
54985,83,933.2,382.4,3299,109970,2,1
54986,83,933.3,382.6,3299,109972,2,1
54987,83,933.4,382.8,3300,109974,2,1
54988,83,933.3,382.9,3300,109976,2,1
54989,83,933.3,383,3300,109978,2,1
54990,83,933.2,383.7,3300,109980,2,1
54991,83,933.1,384.5,3300,109982,2,1
54992,83,933,385.4,3300,109984,2,1
54993,83,932.8,386.3,3300,109986,2,1
54994,83,932.4,387,3300,109988,2,1
54995,83,932.3,387.2,3300,109990,2,1
54996,83,932.3,387,3300,109992,2,1
54997,83,932.6,386.5,3300,109994,2,1
54998,83,932.9,386,3300,109996,2,1
54999,83,933.6,386.1,3300,109998,2,1
55000,83,936.1,386.6,3300,110000,2,1
55001,83,941.8,387.1,3300,110002,2,1
55002,83,951.8,388.8,3300,110004,2,1
55003,83,965.1,392.5,3300,110006,2,1
55004,83,982.3,398.8,3301,110008,2,1
55005,83,1004.7,405.6,3301,110010,2,1
55006,83,1030.4,414.5,3301,110012,2,1
55007,83,1057.9,424.1,3301,110014,2,1
55008,83,1086,434.4,3301,110016,2,1
55009,83,1114.2,445.4,3301,110018,2,1
55010,83,1139.8,456.4,3301,110020,2,1
55011,83,1163.5,466.8,3301,110022,2,1
55012,83,1191.4,476.5,3301,110024,2,1
55013,83,1225.3,483.3,3301,110026,2,1
55014,83,1253.6,488.3,3301,110028,2,1
55015,83,-9999,476.3,3301,110030,2,1
55016,83,-9999,441.5,3301,110032,2,1
55017,83,-9999,403.2,3301,110034,2,1
55018,83,-9999,387.6,3301,110036,2,1
55019,83,-9999,-9999,3301,110038,2,1
55020,83,-9999,-9999,3301,110040,2,1
55021,83,-9999,-9999,3302,110042,2,1
55022,83,-9999,-9999,3302,110044,2,1
55023,83,-9999,-9999,3302,110046,2,1
55024,83,-9999,-9999,3302,110048,2,1
55025,83,-9999,-9999,3302,110050,2,1
55026,83,-9999,-9999,3302,110052,2,1
55027,83,-9999,-9999,3302,110054,2,1
55028,83,-9999,-9999,3302,110056,2,1
55029,83,-9999,-9999,3302,110058,2,1
55030,83,-9999,-9999,3302,110060,2,1
55031,83,-9999,-9999,3302,110062,2,1
55032,83,-9999,-9999,3302,110064,2,1
55033,83,-9999,-9999,3302,110066,2,1
55034,83,-9999,-9999,3302,110068,2,1
55035,83,-9999,-9999,3302,110070,2,1
55036,83,-9999,-9999,3302,110072,2,1
55037,83,-9999,-9999,3303,110074,2,1
55038,83,-9999,-9999,3303,110076,2,1
55039,83,-9999,-9999,3303,110078,2,1
55040,83,-9999,-9999,3303,110080,2,1
55041,83,-9999,-9999,3303,110082,2,1
55042,83,-9999,-9999,3303,110084,2,1
55043,83,-9999,-9999,3303,110086,2,1
55044,83,-9999,-9999,3303,110088,2,1
55045,83,-9999,-9999,3303,110090,2,1
55046,83,-9999,-9999,3303,110092,2,1
55047,83,-9999,-9999,3303,110094,2,1
55048,83,-9999,-9999,3303,110096,2,1
55049,83,-9999,-9999,3303,110098,2,1
55050,83,-9999,-9999,3303,110100,2,1
55051,83,-9999,-9999,3303,110102,2,1
55052,83,-9999,-9999,3303,110104,2,1
55053,83,-9999,-9999,3303,110106,2,1
55054,83,-9999,-9999,3304,110108,2,1
55055,83,-9999,-9999,3304,110110,2,1
55056,83,-9999,-9999,3304,110112,2,1
55057,83,-9999,-9999,3304,110114,2,1
55058,83,-9999,-9999,3304,110116,2,1
55059,83,-9999,-9999,3304,110118,2,1
55060,83,-9999,-9999,3304,110120,2,1
55061,83,-9999,-9999,3304,110122,2,1
55062,83,-9999,-9999,3304,110124,2,1
55063,83,-9999,-9999,3304,110126,2,1
55064,83,-9999,-9999,3304,110128,2,1
55065,83,-9999,-9999,3304,110130,2,1
55066,83,-9999,-9999,3304,110132,2,1
55067,83,-9999,-9999,3304,110134,2,1
55068,83,-9999,-9999,3304,110136,2,1
55069,83,-9999,-9999,3304,110138,2,1
55070,83,-9999,-9999,3304,110140,2,1
55071,83,-9999,-9999,3305,110142,2,1
55072,83,-9999,-9999,3305,110144,2,1
55073,83,-9999,-9999,3305,110146,2,1
55074,83,-9999,-9999,3305,110148,2,1
55075,83,-9999,-9999,3305,110150,2,1
55076,83,-9999,-9999,3305,110152,2,1
55077,83,-9999,-9999,3305,110154,2,1
55078,83,-9999,-9999,3305,110156,2,1
55079,83,-9999,-9999,3305,110158,2,1
55080,83,-9999,-9999,3305,110160,2,1
55081,83,-9999,-9999,3305,110162,2,1
55082,83,-9999,-9999,3305,110164,2,1
55083,83,-9999,-9999,3305,110166,2,1
55084,83,-9999,-9999,3305,110168,2,1
55085,83,-9999,-9999,3305,110170,2,1
55086,83,-9999,-9999,3305,110172,2,1
55087,83,-9999,-9999,3306,110174,2,1
55088,83,-9999,-9999,3306,110176,2,1
55089,83,-9999,-9999,3306,110178,2,1
55090,83,-9999,-9999,3306,110180,2,1
55091,83,-9999,-9999,3306,110182,2,1
55092,83,-9999,-9999,3306,110184,2,1
55093,83,-9999,-9999,3306,110186,2,1
55094,83,-9999,-9999,3306,110188,2,1
55095,83,-9999,-9999,3306,110190,2,1
55096,83,-9999,-9999,3306,110192,2,1
55097,83,-9999,-9999,3306,110194,2,1
55098,83,-9999,-9999,3306,110196,2,1
55099,83,-9999,-9999,3306,110198,2,1
55100,83,-9999,-9999,3306,110200,2,1
55101,83,-9999,-9999,3306,110202,2,1
55102,83,-9999,-9999,3306,110204,2,1
55103,83,-9999,-9999,3306,110206,2,1
55104,83,-9999,-9999,3307,110208,2,1
55105,83,-9999,-9999,3307,110210,2,1
55106,83,-9999,-9999,3307,110212,2,1
55107,83,-9999,-9999,3307,110214,2,1
55108,83,-9999,-9999,3307,110216,2,1
55109,83,-9999,-9999,3307,110218,2,1
55110,83,-9999,-9999,3307,110220,2,1
55111,83,-9999,-9999,3307,110222,2,1
55112,83,-9999,-9999,3307,110224,2,1
55113,83,-9999,-9999,3307,110226,2,1
55114,83,-9999,-9999,3307,110228,2,1
55115,83,-9999,-9999,3307,110230,2,1
55116,83,1212.8,452.1,3307,110232,2,1
55117,83,1213.1,451.9,3307,110234,2,1
55118,83,1213.2,451.7,3307,110236,2,1
55119,83,1213.5,451.4,3307,110238,2,1
55120,83,1211.8,448.1,3307,110240,2,1
55121,83,1210,445.9,3308,110242,2,1
55122,83,1208.8,444.3,3308,110244,2,1
55123,83,1206.9,442,3308,110246,2,1
55124,83,1205.1,439.6,3308,110248,2,1
55125,83,1203.4,437.2,3308,110250,2,1
55126,83,1201.9,434.8,3308,110252,2,1
55127,83,1202.1,434.7,3308,110254,2,1
55128,83,1202.9,434.5,3308,110256,2,1
55129,83,1204,434.3,3308,110258,2,1
55130,83,1205.3,434.2,3308,110260,2,1
55131,83,1207,433.8,3308,110262,2,1
55132,83,1208.7,433.3,3308,110264,2,1
55133,83,1210,432.6,3308,110266,2,1
55134,83,1210.7,431.9,3308,110268,2,1
55135,83,1211.4,431.3,3308,110270,2,1
55136,83,1211.8,430.8,3308,110272,2,1
55137,83,1211.9,430.2,3309,110274,2,1
55138,83,1211.6,429.7,3309,110276,2,1
55139,83,1211.3,429.4,3309,110278,2,1
55140,83,1211,429.5,3309,110280,2,1
55141,83,1210.9,429.9,3309,110282,2,1
55142,83,1210.9,430.3,3309,110284,2,1
55143,83,1211,430.4,3309,110286,2,1
55144,83,1211.2,430.6,3309,110288,2,1
55145,83,1211.6,430.1,3309,110290,2,1
55146,83,1212.2,429.6,3309,110292,2,1
55147,83,1212.8,429,3309,110294,2,1
55148,83,1213.4,428.2,3309,110296,2,1
55149,83,1213.9,427.6,3309,110298,2,1
55150,83,1214.8,427,3309,110300,2,1
55151,83,1215.9,426.3,3309,110302,2,1
55152,83,1216.7,426.2,3309,110304,2,1
55153,83,1217.6,425.7,3309,110306,2,1
55154,83,1218.5,425.1,3310,110308,2,1
55155,83,1219.4,424.5,3310,110310,2,1
55156,83,1220.1,424,3310,110312,2,1
55157,83,1220.2,424,3310,110314,2,1
55158,83,1220.4,423.9,3310,110316,2,1
55159,83,1220.5,424.1,3310,110318,2,1
55160,83,1220.6,424.6,3310,110320,2,1
55161,83,1220.6,425.1,3310,110322,2,1
55162,83,1220,425.3,3310,110324,2,1
55163,83,1218.8,425.6,3310,110326,2,1
55164,83,1216.5,425.2,3310,110328,2,1
55165,83,1213.5,423.2,3310,110330,2,1
55166,83,1209.6,420.6,3310,110332,2,1
55167,83,1203.1,416.5,3310,110334,2,1
55168,83,1195.1,411.4,3310,110336,2,1
55169,83,1186,405.9,3310,110338,2,1
55170,83,1177.3,399,3310,110340,2,1
55171,83,1169.3,389.8,3311,110342,2,1
55172,83,1161.9,382.2,3311,110344,2,1
55173,83,1155.2,375.3,3311,110346,2,1
55174,83,1150.8,370.1,3311,110348,2,1
55175,83,1146.2,366,3311,110350,2,1
55176,83,1143.5,362.4,3311,110352,2,1
55177,83,1141,360.6,3311,110354,2,1
55178,83,1138.7,361.3,3311,110356,2,1
55179,83,1136.8,362,3311,110358,2,1
55180,83,1134.9,362.7,3311,110360,2,1
55181,83,1133.3,363.4,3311,110362,2,1
55182,83,1133.5,364,3311,110364,2,1
55183,83,1133.6,364.4,3311,110366,2,1
55184,83,1133.7,364.4,3311,110368,2,1
55185,83,1133.9,364.3,3311,110370,2,1
55186,83,1134,364,3311,110372,2,1
55187,83,1134,363.4,3312,110374,2,1
55188,83,1134,362.6,3312,110376,2,1
55189,83,1133.8,361.7,3312,110378,2,1
55190,83,1133.4,360.8,3312,110380,2,1
55191,83,1132.9,359.9,3312,110382,2,1
55192,83,1132.1,359.2,3312,110384,2,1
55193,83,1131.5,358.6,3312,110386,2,1
55194,83,1131.2,358.1,3312,110388,2,1
55195,83,1131.2,357.8,3312,110390,2,1
55196,83,1131.6,357.7,3312,110392,2,1
55197,83,1132.1,357.5,3312,110394,2,1
55198,83,1132.5,357.4,3312,110396,2,1
55199,83,1133,357.2,3312,110398,2,1
55200,83,1133.2,357.1,3312,110400,2,1
55201,83,1133.2,357.1,3312,110402,2,1
55202,83,1132.7,357.2,3312,110404,2,1
55203,83,1132,357.1,3312,110406,2,1
55204,83,1130.8,357.3,3313,110408,2,1
55205,83,1129.7,357.3,3313,110410,2,1
55206,83,1128.8,357.3,3313,110412,2,1
55207,83,1128,357.3,3313,110414,2,1
55208,83,1127,357.4,3313,110416,2,1
55209,83,1125.5,357.4,3313,110418,2,1
55210,83,1124.4,357.3,3313,110420,2,1
55211,83,1123.9,357.2,3313,110422,2,1
55212,83,1124,357.5,3313,110424,2,1
55213,83,1124,357.7,3313,110426,2,1
55214,83,1124.2,357.9,3313,110428,2,1
55215,83,1124.6,358,3313,110430,2,1
55216,83,1125.5,358.1,3313,110432,2,1
55217,83,1126.3,358.3,3313,110434,2,1
55218,83,1127,358.4,3313,110436,2,1
55219,83,1127.2,358.1,3313,110438,2,1
55220,83,1127.3,357.8,3313,110440,2,1
55221,83,1127.2,357.6,3314,110442,2,1
55222,83,1126.9,357.5,3314,110444,2,1
55223,83,1126.5,357.5,3314,110446,2,1
55224,83,1125.3,357.6,3314,110448,2,1
55225,83,1124.1,357.6,3314,110450,2,1
55226,83,1122.8,357.8,3314,110452,2,1
55227,83,1121.4,358.2,3314,110454,2,1
55228,83,1120.1,358.6,3314,110456,2,1
55229,83,1119.1,358.8,3314,110458,2,1
55230,83,1118.1,359.1,3314,110460,2,1
55231,83,1117.9,359.5,3314,110462,2,1
55232,83,1117.8,359.7,3314,110464,2,1
55233,83,1117.8,360.2,3314,110466,2,1
55234,83,1117.8,360.6,3314,110468,2,1
55235,83,1118.1,360.9,3314,110470,2,1
55236,83,1118.3,361.3,3314,110472,2,1
55237,83,1118.7,361.6,3315,110474,2,1
55238,83,1119.2,361.8,3315,110476,2,1
55239,83,1119.5,362,3315,110478,2,1
55240,83,1119.7,362.2,3315,110480,2,1
55241,83,1119.9,362.5,3315,110482,2,1
55242,83,1119.8,363,3315,110484,2,1
55243,83,1119.5,363.6,3315,110486,2,1
55244,83,1119.1,364,3315,110488,2,1
55245,83,1118.7,364.6,3315,110490,2,1
55246,83,1117.9,365.1,3315,110492,2,1
55247,83,1117.2,365.6,3315,110494,2,1
55248,83,1116,366.2,3315,110496,2,1
55249,83,1114.8,366.9,3315,110498,2,1
55250,83,1113.8,367.5,3315,110500,2,1
55251,83,1112.7,368.3,3315,110502,2,1
55252,83,1111.7,368.9,3315,110504,2,1
55253,83,1111.4,369.4,3315,110506,2,1
55254,83,1111.5,370.1,3316,110508,2,1
55255,83,1112.3,370.6,3316,110510,2,1
55256,83,1113,370.9,3316,110512,2,1
55257,83,1113.9,370.5,3316,110514,2,1
55258,83,1114.6,370.3,3316,110516,2,1
55259,83,1115.4,370.3,3316,110518,2,1
55260,83,1116,370.1,3316,110520,2,1
55261,83,1116,369.7,3316,110522,2,1
55262,83,1116.2,369.3,3316,110524,2,1
55263,83,1116.3,368.8,3316,110526,2,1
55264,83,1116.8,368.8,3316,110528,2,1
55265,83,1117.6,368.6,3316,110530,2,1
55266,83,1118.4,368.4,3316,110532,2,1
55267,83,1119.2,368.3,3316,110534,2,1
55268,83,1120.1,368.4,3316,110536,2,1
55269,83,1120.5,368.6,3316,110538,2,1
55270,83,1120.7,369,3316,110540,2,1
55271,83,1120.7,369.6,3317,110542,2,1
55272,83,1120.2,370.2,3317,110544,2,1
55273,83,1119.7,370.7,3317,110546,2,1
55274,83,1119.1,371,3317,110548,2,1
55275,83,1118.5,371.4,3317,110550,2,1
55276,83,1118,371.6,3317,110552,2,1
55277,83,1117,371.8,3317,110554,2,1
55278,83,1116.3,371.8,3317,110556,2,1
55279,83,1115.7,371.9,3317,110558,2,1
55280,83,1115.8,372,3317,110560,2,1
55281,83,1115.9,372.1,3317,110562,2,1
55282,83,1116.2,372.1,3317,110564,2,1
55283,83,1116.6,372.2,3317,110566,2,1
55284,83,1117.6,372.2,3317,110568,2,1
55285,83,1118.5,372.2,3317,110570,2,1
55286,83,1119.4,372.1,3317,110572,2,1
55287,83,1119.6,372.2,3318,110574,2,1
55288,83,1119.8,372.2,3318,110576,2,1
55289,83,1120,372.1,3318,110578,2,1
55290,83,1120.3,372,3318,110580,2,1
55291,83,1120.5,372,3318,110582,2,1
55292,83,1120.5,372.2,3318,110584,2,1
55293,83,1120.5,372.5,3318,110586,2,1
55294,83,1120.6,372.7,3318,110588,2,1
55295,83,1120.6,373,3318,110590,2,1
55296,83,1120.5,373.4,3318,110592,2,1
55297,83,1120.6,373.7,3318,110594,2,1
55298,83,1120.6,373.9,3318,110596,2,1
55299,83,1120.3,374.1,3318,110598,2,1
55300,83,1119.9,374.2,3318,110600,2,1
55301,83,1119.5,374.1,3318,110602,2,1
55302,83,1119.2,373.8,3318,110604,2,1
55303,83,1118.9,373.4,3318,110606,2,1
55304,83,1118.9,372.9,3319,110608,2,1
55305,83,1119,372.3,3319,110610,2,1
55306,83,1119.2,371.9,3319,110612,2,1
55307,83,1119.6,371.5,3319,110614,2,1
55308,83,1119.6,371.3,3319,110616,2,1
55309,83,1119.7,371.1,3319,110618,2,1
55310,83,1119.8,371,3319,110620,2,1
55311,83,1119.4,371.4,3319,110622,2,1
55312,83,1119,372.1,3319,110624,2,1
55313,83,1118.5,372.8,3319,110626,2,1
55314,83,1117.9,373.8,3319,110628,2,1
55315,83,1117.8,374.7,3319,110630,2,1
55316,83,1118,375.3,3319,110632,2,1
55317,83,1119,375.8,3319,110634,2,1
55318,83,1119.8,376.3,3319,110636,2,1
55319,83,1120.6,376.4,3319,110638,2,1
55320,83,1120.8,376.6,3319,110640,2,1
55321,83,1121.3,376.6,3320,110642,2,1
55322,83,1121.5,376.9,3320,110644,2,1
55323,83,1121.5,377.5,3320,110646,2,1
55324,83,1120.1,378.2,3320,110648,2,1
55325,83,1118.8,379,3320,110650,2,1
55326,83,1117.8,379.7,3320,110652,2,1
55327,83,1117.5,380.3,3320,110654,2,1
55328,83,1117.3,380.9,3320,110656,2,1
55329,83,1117.1,381.4,3320,110658,2,1
55330,83,1117.2,381.8,3320,110660,2,1
55331,83,1117.9,382,3320,110662,2,1
55332,83,1118.6,382.2,3320,110664,2,1
55333,83,1119,382.2,3320,110666,2,1
55334,83,1119.1,381.7,3320,110668,2,1
55335,83,1119.3,380.9,3320,110670,2,1
55336,83,1119.6,380,3320,110672,2,1
55337,83,1119.8,378.9,3321,110674,2,1
55338,83,1120,378,3321,110676,2,1
55339,83,1120.2,377.1,3321,110678,2,1
55340,83,1120.6,376.9,3321,110680,2,1
55341,83,1121,377.3,3321,110682,2,1
55342,83,1121.5,377.7,3321,110684,2,1
55343,83,1122,378.1,3321,110686,2,1
55344,83,1122.1,378.8,3321,110688,2,1
55345,83,1122,379.3,3321,110690,2,1
55346,83,1121.9,379.9,3321,110692,2,1
55347,83,1121.7,380.1,3321,110694,2,1
55348,83,1121.3,380.5,3321,110696,2,1
55349,83,1120.9,381.1,3321,110698,2,1
55350,83,1120,381.6,3321,110700,2,1
55351,83,1119.4,382.2,3321,110702,2,1
55352,83,1118.9,382.9,3321,110704,2,1
55353,83,1118.4,383.5,3321,110706,2,1
55354,83,1117.9,384.2,3322,110708,2,1
55355,83,1117.5,384.7,3322,110710,2,1
55356,83,1117.3,384.9,3322,110712,2,1
55357,83,1117.3,385.1,3322,110714,2,1
55358,83,1117.6,385,3322,110716,2,1
55359,83,1117.9,384.8,3322,110718,2,1
55360,83,1118.2,384.6,3322,110720,2,1
55361,83,1118.6,384.3,3322,110722,2,1
55362,83,1119.1,384,3322,110724,2,1
55363,83,1119.5,383.8,3322,110726,2,1
55364,83,1120,383.7,3322,110728,2,1
55365,83,1120.1,383.9,3322,110730,2,1
55366,83,1120.2,384.2,3322,110732,2,1
55367,83,1120.3,384.7,3322,110734,2,1
55368,83,1120.3,385.3,3322,110736,2,1
55369,83,1120.4,386.1,3322,110738,2,1
55370,83,1120.6,387,3322,110740,2,1
55371,83,1120.7,387.7,3323,110742,2,1
55372,83,1120.8,388.4,3323,110744,2,1
55373,83,1120.8,389.1,3323,110746,2,1
55374,83,1121,389.3,3323,110748,2,1
55375,83,1121.3,389.2,3323,110750,2,1
55376,83,1122.7,387.7,3323,110752,2,1
55377,83,1124.6,385.7,3323,110754,2,1
55378,83,1128.1,382.9,3323,110756,2,1
55379,83,1131.6,380.1,3323,110758,2,1
55380,83,1135.1,377.3,3323,110760,2,1
55381,83,1138.7,374.5,3323,110762,2,1
55382,83,1142,371.9,3323,110764,2,1
55383,83,1144.5,370.4,3323,110766,2,1
55384,83,1146.4,369.2,3323,110768,2,1
55385,83,1146.6,368.8,3323,110770,2,1
55386,83,1146.6,368.6,3323,110772,2,1
55387,83,1146.6,368.6,3324,110774,2,1
55388,83,1145.8,369.3,3324,110776,2,1
55389,83,1145,370.1,3324,110778,2,1
55390,83,1144,371,3324,110780,2,1
55391,83,1143.1,371.9,3324,110782,2,1
55392,83,1142.3,372.7,3324,110784,2,1
55393,83,1142,373.3,3324,110786,2,1
55394,83,1141.7,374,3324,110788,2,1
55395,83,1142.7,374.1,3324,110790,2,1
55396,83,1143.7,374.2,3324,110792,2,1
55397,83,1144.7,374.3,3324,110794,2,1
55398,83,1145.7,374,3324,110796,2,1
55399,83,1146.6,373.7,3324,110798,2,1
55400,83,1147.1,373.5,3324,110800,2,1
55401,83,1147.5,373.3,3324,110802,2,1
55402,83,1146.8,373.4,3324,110804,2,1
55403,83,1146.2,373.7,3324,110806,2,1
55404,83,1145.7,374,3325,110808,2,1
55405,83,1145.5,374.5,3325,110810,2,1
55406,83,1145.6,374.9,3325,110812,2,1
55407,83,1145.9,375.5,3325,110814,2,1
55408,83,1146.2,376.1,3325,110816,2,1
55409,83,1146.4,376.7,3325,110818,2,1
55410,83,1146.7,377,3325,110820,2,1
55411,83,1146.9,377.4,3325,110822,2,1
55412,83,1146.7,377.9,3325,110824,2,1
55413,83,1146.4,378.5,3325,110826,2,1
55414,83,1146,378.9,3325,110828,2,1
55415,83,1145.5,379,3325,110830,2,1
55416,83,1145.1,379.1,3325,110832,2,1
55417,83,1144.8,379.2,3325,110834,2,1
55418,83,1144.6,379.2,3325,110836,2,1
55419,83,1144.5,379.1,3325,110838,2,1
55420,83,1144.3,378.8,3325,110840,2,1
55421,83,1144.2,378.5,3326,110842,2,1
55422,83,1143.6,378.4,3326,110844,2,1
55423,83,1143.1,378.3,3326,110846,2,1
55424,83,1142.6,378.1,3326,110848,2,1
55425,83,1142.2,378.1,3326,110850,2,1
55426,83,1141.7,378.2,3326,110852,2,1
55427,83,1141.4,378.6,3326,110854,2,1
55428,83,1141.2,379.2,3326,110856,2,1
55429,83,1141.3,380,3326,110858,2,1
55430,83,1141.2,380.8,3326,110860,2,1
55431,83,1141.1,381.5,3326,110862,2,1
55432,83,1140.6,382.1,3326,110864,2,1
55433,83,1140.6,382.4,3326,110866,2,1
55434,83,1140.7,382.2,3326,110868,2,1
55435,83,1140.8,382,3326,110870,2,1
55436,83,1141.1,381.4,3326,110872,2,1
55437,83,1141.6,380.8,3327,110874,2,1
55438,83,1142,380.2,3327,110876,2,1
55439,83,1142.4,380.1,3327,110878,2,1
55440,83,1142.2,380,3327,110880,2,1
55441,83,1141.4,380,3327,110882,2,1
55442,83,1140.6,380.1,3327,110884,2,1
55443,83,1139.8,380.2,3327,110886,2,1
55444,83,1139,380.4,3327,110888,2,1
55445,83,1138.4,380.5,3327,110890,2,1
55446,83,1137.8,380.6,3327,110892,2,1
55447,83,1137.4,380.8,3327,110894,2,1
55448,83,1137.5,380.9,3327,110896,2,1
55449,83,1137,381.1,3327,110898,2,1
55450,83,1136.5,381.7,3327,110900,2,1
55451,83,1135.9,382.2,3327,110902,2,1
55452,83,1135.4,382.7,3327,110904,2,1
55453,83,1134.9,383.3,3327,110906,2,1
55454,83,1134.9,383.8,3328,110908,2,1
55455,83,1135.1,384.3,3328,110910,2,1
55456,83,1135.9,384.7,3328,110912,2,1
55457,83,1136.8,384.7,3328,110914,2,1
55458,83,1137.4,384.9,3328,110916,2,1
55459,83,1137.8,385.2,3328,110918,2,1
55460,83,1138.2,385.4,3328,110920,2,1
55461,83,1138.1,385.5,3328,110922,2,1
55462,83,1137.8,385.8,3328,110924,2,1
55463,83,1137.3,386,3328,110926,2,1
55464,83,1136.8,386.3,3328,110928,2,1
55465,83,1135.9,386.9,3328,110930,2,1
55466,83,1135.2,387.2,3328,110932,2,1
55467,83,1134.5,387.6,3328,110934,2,1
55468,83,1133.8,388.2,3328,110936,2,1
55469,83,1133,388.8,3328,110938,2,1
55470,83,1132.4,389.4,3328,110940,2,1
55471,83,1132.1,389.8,3329,110942,2,1
55472,83,1132.3,390.2,3329,110944,2,1
55473,83,1132.6,390.7,3329,110946,2,1
55474,83,1132.8,391.3,3329,110948,2,1
55475,83,1133.1,391.6,3329,110950,2,1
55476,83,1133.5,391.7,3329,110952,2,1
55477,83,1134,391.6,3329,110954,2,1
55478,83,1134.4,391.5,3329,110956,2,1
55479,83,1134.6,391.4,3329,110958,2,1
55480,83,1134.8,391.3,3329,110960,2,1
55481,83,1134.9,391.1,3329,110962,2,1
55482,83,1135.1,390.8,3329,110964,2,1
55483,83,1135.4,390.7,3329,110966,2,1
55484,83,1135.7,390.5,3329,110968,2,1
55485,83,1135.8,389.9,3329,110970,2,1
55486,83,1135.9,389.4,3329,110972,2,1
55487,83,1136.1,388.7,3330,110974,2,1
55488,83,1136.2,388.7,3330,110976,2,1
55489,83,1136.3,388.7,3330,110978,2,1
55490,83,1136.3,388.7,3330,110980,2,1
55491,83,1136.2,388.8,3330,110982,2,1
55492,83,1136.1,389.3,3330,110984,2,1
55493,83,1135.4,389.9,3330,110986,2,1
55494,83,1135.1,390.5,3330,110988,2,1
55495,83,1134.9,390.7,3330,110990,2,1
55496,83,1134.8,390.9,3330,110992,2,1
55497,83,1134.4,391.4,3330,110994,2,1
55498,83,1134.1,392.1,3330,110996,2,1
55499,83,1134.4,392.4,3330,110998,2,1
55500,83,1135.3,392.6,3330,111000,2,1
55501,83,1135.8,392.8,3330,111002,2,1
55502,83,1136,392.3,3330,111004,2,1
55503,83,1136.1,392,3330,111006,2,1
55504,83,1136.3,391.6,3331,111008,2,1
55505,83,1136.5,391.3,3331,111010,2,1
55506,83,1136.7,390.7,3331,111012,2,1
55507,83,1136.9,390,3331,111014,2,1
55508,83,1137.1,389.2,3331,111016,2,1
55509,83,1137.3,389,3331,111018,2,1
55510,83,1137.5,388.9,3331,111020,2,1
55511,83,1137.4,389.7,3331,111022,2,1
55512,83,1137.4,390.3,3331,111024,2,1
55513,83,1137.4,391,3331,111026,2,1
55514,83,1137.4,391.9,3331,111028,2,1
55515,83,1137.3,393.1,3331,111030,2,1
55516,83,1137,394.4,3331,111032,2,1
55517,83,1136.8,395.7,3331,111034,2,1
55518,83,1136.6,396.1,3331,111036,2,1
55519,83,1136.4,396.4,3331,111038,2,1
55520,83,1136.5,396.7,3331,111040,2,1
55521,83,1137.4,396.5,3332,111042,2,1
55522,83,1138.3,396.2,3332,111044,2,1
55523,83,1139.2,396,3332,111046,2,1
55524,83,1140,395.8,3332,111048,2,1
55525,83,1140.6,395.6,3332,111050,2,1
55526,83,1141.1,395.5,3332,111052,2,1
55527,83,1141.5,395.5,3332,111054,2,1
55528,83,1141.2,395.9,3332,111056,2,1
55529,83,1141.9,396.2,3332,111058,2,1
55530,83,1142.8,396.4,3332,111060,2,1
55531,83,1144.8,396.3,3332,111062,2,1
55532,83,1146.9,396.2,3332,111064,2,1
55533,83,1149.1,396,3332,111066,2,1
55534,83,1152.2,395.7,3332,111068,2,1
55535,83,1155.2,395.5,3332,111070,2,1
55536,83,1157,395.5,3332,111072,2,1
55537,83,1158.9,395.5,3333,111074,2,1
55538,83,1160,395.4,3333,111076,2,1
55539,83,1161,395.4,3333,111078,2,1
55540,83,1162,395.5,3333,111080,2,1
55541,83,1161.4,396.1,3333,111082,2,1
55542,83,1160.2,396.7,3333,111084,2,1
55543,83,1159,397.4,3333,111086,2,1
55544,83,1158,398.1,3333,111088,2,1
55545,83,1157.5,398.4,3333,111090,2,1
55546,83,1157.1,398.5,3333,111092,2,1
55547,83,1156.6,398.5,3333,111094,2,1
55548,83,1156.5,398.2,3333,111096,2,1
55549,83,1157.1,397.9,3333,111098,2,1
55550,83,1157.5,397.6,3333,111100,2,1
55551,83,1157.8,397.5,3333,111102,2,1
55552,83,1157.4,398.1,3333,111104,2,1
55553,83,1157.1,398.7,3333,111106,2,1
55554,83,1157,399.2,3334,111108,2,1
55555,83,1157.1,399.6,3334,111110,2,1
55556,83,1157.3,399.9,3334,111112,2,1
55557,83,1157.7,400.3,3334,111114,2,1
55558,83,1158,400.5,3334,111116,2,1
55559,83,1158.3,400.8,3334,111118,2,1
55560,83,1158.5,401.2,3334,111120,2,1
55561,83,1158.8,401.6,3334,111122,2,1
55562,83,1159.2,401.9,3334,111124,2,1
55563,83,1159.6,402,3334,111126,2,1
55564,83,1159.8,402.2,3334,111128,2,1
55565,83,1159.5,402.4,3334,111130,2,1
55566,83,1159.2,402.4,3334,111132,2,1
55567,83,1158.9,402.2,3334,111134,2,1
55568,83,1158.4,401.9,3334,111136,2,1
55569,83,1157.9,401.6,3334,111138,2,1
55570,83,1157.3,401.1,3334,111140,2,1
55571,83,1156.7,400.5,3335,111142,2,1
55572,83,1156.3,400.1,3335,111144,2,1
55573,83,1156,399.6,3335,111146,2,1
55574,83,1155.8,399.2,3335,111148,2,1
55575,83,1155.8,398.7,3335,111150,2,1
55576,83,1156.3,398,3335,111152,2,1
55577,83,1157,397.5,3335,111154,2,1
55578,83,1157.8,397.1,3335,111156,2,1
55579,83,1158.4,396.8,3335,111158,2,1
55580,83,1158.8,396.7,3335,111160,2,1
55581,83,1159,396.6,3335,111162,2,1
55582,83,1159.1,396.7,3335,111164,2,1
55583,83,1158.8,396.8,3335,111166,2,1
55584,83,1158.2,396.9,3335,111168,2,1
55585,83,1157.8,396.5,3335,111170,2,1
55586,83,1157.6,395.8,3335,111172,2,1
55587,83,1157.7,395.1,3336,111174,2,1
55588,83,1157.8,395.1,3336,111176,2,1
55589,83,1158,395.1,3336,111178,2,1
55590,83,1158.2,395.3,3336,111180,2,1
55591,83,1158.5,395.5,3336,111182,2,1
55592,83,1158.6,396.4,3336,111184,2,1
55593,83,1158.6,397.1,3336,111186,2,1
55594,83,1158.7,397.6,3336,111188,2,1
55595,83,1158.8,397.5,3336,111190,2,1
55596,83,1158.7,397.5,3336,111192,2,1
55597,83,1157.7,397.6,3336,111194,2,1
55598,83,1156.7,397.7,3336,111196,2,1
55599,83,1155.8,397.8,3336,111198,2,1
55600,83,1155.1,397.8,3336,111200,2,1
55601,83,1154.6,398,3336,111202,2,1
55602,83,1154.2,398.2,3336,111204,2,1
55603,83,1154,398.4,3336,111206,2,1
55604,83,1154.4,398.7,3337,111208,2,1
55605,83,1154.6,399,3337,111210,2,1
55606,83,1154.8,399.3,3337,111212,2,1
55607,83,1154.8,399.6,3337,111214,2,1
55608,83,1154.7,399.8,3337,111216,2,1
55609,83,1154.5,399.9,3337,111218,2,1
55610,83,1154.1,400.1,3337,111220,2,1
55611,83,1153.9,400.1,3337,111222,2,1
55612,83,1153.9,400.1,3337,111224,2,1
55613,83,1154.1,400,3337,111226,2,1
55614,83,1154.4,399.7,3337,111228,2,1
55615,83,1154.7,399.5,3337,111230,2,1
55616,83,1155.1,399.4,3337,111232,2,1
55617,83,1155.5,399.3,3337,111234,2,1
55618,83,1156,399.1,3337,111236,2,1
55619,83,1156.4,398.9,3337,111238,2,1
55620,83,1156.5,398.8,3337,111240,2,1
55621,83,1156.7,398.6,3338,111242,2,1
55622,83,1157.1,398.4,3338,111244,2,1
55623,83,1157.5,398.2,3338,111246,2,1
55624,83,1157.8,398,3338,111248,2,1
55625,83,1158.1,397.6,3338,111250,2,1
55626,83,1158.4,397.3,3338,111252,2,1
55627,83,1158.6,396.9,3338,111254,2,1
55628,83,1158.9,396.7,3338,111256,2,1
55629,83,1158.7,396.5,3338,111258,2,1
55630,83,1158.5,396.6,3338,111260,2,1
55631,83,1158.1,396.9,3338,111262,2,1
55632,83,1157.8,397.2,3338,111264,2,1
55633,83,1157.6,397.6,3338,111266,2,1
55634,83,1157.4,398.1,3338,111268,2,1
55635,83,1157.1,398.5,3338,111270,2,1
55636,83,1156.8,398.8,3338,111272,2,1
55637,83,1156.6,398.9,3339,111274,2,1
55638,83,1156.5,398.9,3339,111276,2,1
55639,83,1156.4,398.5,3339,111278,2,1
55640,83,1156.2,398.2,3339,111280,2,1
55641,83,1156.4,397.6,3339,111282,2,1
55642,83,1156.6,397,3339,111284,2,1
55643,83,1156.6,396.4,3339,111286,2,1
55644,83,1156.3,396,3339,111288,2,1
55645,83,1156,395.7,3339,111290,2,1
55646,83,1155.7,395.9,3339,111292,2,1
55647,83,1155.3,396.1,3339,111294,2,1
55648,83,1154.4,396.9,3339,111296,2,1
55649,83,1153.7,397.5,3339,111298,2,1
55650,83,1153.2,398.2,3339,111300,2,1
55651,83,1153.1,398.7,3339,111302,2,1
55652,83,1153,399,3339,111304,2,1
55653,83,1152.7,399.3,3339,111306,2,1
55654,83,1152.4,399.6,3340,111308,2,1
55655,83,1151.9,399.8,3340,111310,2,1
55656,83,1151.4,400,3340,111312,2,1
55657,83,1150.9,400.2,3340,111314,2,1
55658,83,1150.9,400.2,3340,111316,2,1
55659,83,1150.9,400.4,3340,111318,2,1
55660,83,1151,400.6,3340,111320,2,1
55661,83,1151.1,400.7,3340,111322,2,1
55662,83,1151.4,400.8,3340,111324,2,1
55663,83,1151.6,401,3340,111326,2,1
55664,83,1151.9,401.1,3340,111328,2,1
55665,83,1152.1,401.2,3340,111330,2,1
55666,83,1152.3,401.5,3340,111332,2,1
55667,83,1152.6,401.6,3340,111334,2,1
55668,83,1153,401.7,3340,111336,2,1
55669,83,1153.5,401.6,3340,111338,2,1
55670,83,1153.8,401.5,3340,111340,2,1
55671,83,1153.9,401.6,3341,111342,2,1
55672,83,1153.7,401.8,3341,111344,2,1
55673,83,1153.3,401.9,3341,111346,2,1
55674,83,1153,402,3341,111348,2,1
55675,83,1152.8,402,3341,111350,2,1
55676,83,1152.4,402.2,3341,111352,2,1
55677,83,1152.1,402.3,3341,111354,2,1
55678,83,1151.5,402.6,3341,111356,2,1
55679,83,1150.9,403.1,3341,111358,2,1
55680,83,1150,403.8,3341,111360,2,1
55681,83,1148.8,404.5,3341,111362,2,1
55682,83,1147.6,405.2,3341,111364,2,1
55683,83,1146.4,406,3341,111366,2,1
55684,83,1145.4,406.8,3341,111368,2,1
55685,83,1144.8,407.9,3341,111370,2,1
55686,83,1144.3,408.6,3341,111372,2,1
55687,83,1144,409.3,3342,111374,2,1
55688,83,1144.1,410,3342,111376,2,1
55689,83,1144.1,410.7,3342,111378,2,1
55690,83,1144.1,411.2,3342,111380,2,1
55691,83,1144.2,411.7,3342,111382,2,1
55692,83,1144.5,411.7,3342,111384,2,1
55693,83,1144.7,411.8,3342,111386,2,1
55694,83,1144.7,412.1,3342,111388,2,1
55695,83,1144.4,412.3,3342,111390,2,1
55696,83,1144.2,412.4,3342,111392,2,1
55697,83,1144,412.6,3342,111394,2,1
55698,83,1143.6,412.9,3342,111396,2,1
55699,83,1142.8,413.4,3342,111398,2,1
55700,83,1142.3,414,3342,111400,2,1
55701,83,1141.8,414.5,3342,111402,2,1
55702,83,1141.7,415,3342,111404,2,1
55703,83,1141.7,415.4,3342,111406,2,1
55704,83,1141.6,415.8,3343,111408,2,1
55705,83,1141.5,416.1,3343,111410,2,1
55706,83,1141.4,416.2,3343,111412,2,1
55707,83,1141.4,416.1,3343,111414,2,1
55708,83,1141.3,416,3343,111416,2,1
55709,83,1141.1,415.9,3343,111418,2,1
55710,83,1140.3,415.8,3343,111420,2,1
55711,83,1139.6,416.3,3343,111422,2,1
55712,83,1138.9,416.9,3343,111424,2,1
55713,83,1138,417.5,3343,111426,2,1
55714,83,1137.3,417.9,3343,111428,2,1
55715,83,1136.5,418.4,3343,111430,2,1
55716,83,1136,418.7,3343,111432,2,1
55717,83,1136.1,418.9,3343,111434,2,1
55718,83,1135.8,418.7,3343,111436,2,1
55719,83,1135.5,418.5,3343,111438,2,1
55720,83,1135.4,418.3,3343,111440,2,1
55721,83,1135.5,418.2,3344,111442,2,1
55722,83,1136.3,418.2,3344,111444,2,1
55723,83,1136.9,418,3344,111446,2,1
55724,83,1137.3,417.9,3344,111448,2,1
55725,83,1138.1,417.7,3344,111450,2,1
55726,83,1138.8,417.6,3344,111452,2,1
55727,83,1139.5,417.3,3344,111454,2,1
55728,83,1139.8,417.1,3344,111456,2,1
55729,83,1139.5,417,3344,111458,2,1
55730,83,1139.2,417.1,3344,111460,2,1
55731,83,1139,417.1,3344,111462,2,1
55732,83,1139,416.9,3344,111464,2,1
55733,83,1139.1,416.6,3344,111466,2,1
55734,83,1139,416.4,3344,111468,2,1
55735,83,1138.7,416.4,3344,111470,2,1
55736,83,1138.2,416.7,3344,111472,2,1
55737,83,1137.6,417.5,3345,111474,2,1
55738,83,1137.2,418.6,3345,111476,2,1
55739,83,1136.7,419.7,3345,111478,2,1
55740,83,1136.3,420.6,3345,111480,2,1
55741,83,1135.4,421.2,3345,111482,2,1
55742,83,1134.5,421.7,3345,111484,2,1
55743,83,1134.1,422,3345,111486,2,1
55744,83,1133.7,421.9,3345,111488,2,1
55745,83,1133.8,421.5,3345,111490,2,1
55746,83,1134,421.1,3345,111492,2,1
55747,83,1134.2,420.8,3345,111494,2,1
55748,83,1134.9,420.8,3345,111496,2,1
55749,83,1135.6,420.8,3345,111498,2,1
55750,83,1136.2,421,3345,111500,2,1
55751,83,1136.6,421.1,3345,111502,2,1
55752,83,1136.6,421.1,3345,111504,2,1
55753,83,1136.4,421,3345,111506,2,1
55754,83,1136.1,420.8,3346,111508,2,1
55755,83,1135.8,420.6,3346,111510,2,1
55756,83,1135.5,420.5,3346,111512,2,1
55757,83,1135.3,420.3,3346,111514,2,1
55758,83,1135.1,420.3,3346,111516,2,1
55759,83,1134.9,420.3,3346,111518,2,1
55760,83,1134.6,420.6,3346,111520,2,1
55761,83,1133.5,420.9,3346,111522,2,1
55762,83,1132.6,421.1,3346,111524,2,1
55763,83,1131.6,421.2,3346,111526,2,1
55764,83,1131.4,420.8,3346,111528,2,1
55765,83,1131,420.2,3346,111530,2,1
55766,83,1130.7,419.6,3346,111532,2,1
55767,83,1130.5,418.9,3346,111534,2,1
55768,83,1131.2,418.2,3346,111536,2,1
55769,83,1131.8,417.6,3346,111538,2,1
55770,83,1132.3,417.2,3346,111540,2,1
55771,83,1132,418.1,3347,111542,2,1
55772,83,1131.8,418.9,3347,111544,2,1
55773,83,1131.6,419.8,3347,111546,2,1
55774,83,1131.2,420.9,3347,111548,2,1
55775,83,1130.8,422,3347,111550,2,1
55776,83,1130.4,422.9,3347,111552,2,1
55777,83,1130.1,423.6,3347,111554,2,1
55778,83,1129.9,423.6,3347,111556,2,1
55779,83,1129.7,423.5,3347,111558,2,1
55780,83,1129.7,423.4,3347,111560,2,1
55781,83,1130.3,423,3347,111562,2,1
55782,83,1130.9,422.7,3347,111564,2,1
55783,83,1131.4,422.5,3347,111566,2,1
55784,83,1132,422.6,3347,111568,2,1
55785,83,1132.6,422.5,3347,111570,2,1
55786,83,1133.1,422.4,3347,111572,2,1
55787,83,1133.4,421.8,3348,111574,2,1
55788,83,1133.4,421.3,3348,111576,2,1
55789,83,1133.4,420.7,3348,111578,2,1
55790,83,1133.2,420.2,3348,111580,2,1
55791,83,1132.6,419.9,3348,111582,2,1
55792,83,1132,419.8,3348,111584,2,1
55793,83,1131.3,420,3348,111586,2,1
55794,83,1130.8,420.8,3348,111588,2,1
55795,83,1130.5,421.4,3348,111590,2,1
55796,83,1130.1,422.1,3348,111592,2,1
55797,83,1129.8,422.7,3348,111594,2,1
55798,83,1129.3,423.7,3348,111596,2,1
55799,83,1128.8,424.5,3348,111598,2,1
55800,83,1128.4,425.2,3348,111600,2,1
55801,83,1128.1,425.8,3348,111602,2,1
55802,83,1127.8,426.3,3348,111604,2,1
55803,83,1127.6,426.7,3348,111606,2,1
55804,83,1127.6,427,3349,111608,2,1
55805,83,1128.1,426.7,3349,111610,2,1
55806,83,1128.9,426.5,3349,111612,2,1
55807,83,1129.4,426.5,3349,111614,2,1
55808,83,1129.6,426.4,3349,111616,2,1
55809,83,1129.3,426.4,3349,111618,2,1
55810,83,1129,426.4,3349,111620,2,1
55811,83,1128.8,426.7,3349,111622,2,1
55812,83,1128.4,427,3349,111624,2,1
55813,83,1127.8,427.4,3349,111626,2,1
55814,83,1127.4,427.5,3349,111628,2,1
55815,83,1127.2,427.5,3349,111630,2,1
55816,83,1127.4,427.5,3349,111632,2,1
55817,83,1127.6,427.5,3349,111634,2,1
55818,83,1127.8,427.3,3349,111636,2,1
55819,83,1127.8,427.1,3349,111638,2,1
55820,83,1128.1,426.9,3349,111640,2,1
55821,83,1128.4,426.8,3350,111642,2,1
55822,83,1128.6,426.6,3350,111644,2,1
55823,83,1128.9,426.4,3350,111646,2,1
55824,83,1129.2,425.7,3350,111648,2,1
55825,83,1129.6,425.1,3350,111650,2,1
55826,83,1129.9,424.6,3350,111652,2,1
55827,83,1130,424.2,3350,111654,2,1
55828,83,1129.6,424,3350,111656,2,1
55829,83,1128.6,423.8,3350,111658,2,1
55830,83,1127.7,423.7,3350,111660,2,1
55831,83,1126.8,424,3350,111662,2,1
55832,83,1125.8,424.2,3350,111664,2,1
55833,83,1124.8,424.4,3350,111666,2,1
55834,83,1124,424.4,3350,111668,2,1
55835,83,1123.8,424.4,3350,111670,2,1
55836,83,1124.2,424.4,3350,111672,2,1
55837,83,1124.6,424.4,3351,111674,2,1
55838,83,1125.2,424.4,3351,111676,2,1
55839,83,1125.8,424.1,3351,111678,2,1
55840,83,1126.3,423.6,3351,111680,2,1
55841,83,1126.7,423.2,3351,111682,2,1
55842,83,1126.7,422.8,3351,111684,2,1
55843,83,1126.7,422.5,3351,111686,2,1
55844,83,1126.7,422.3,3351,111688,2,1
55845,83,1126.6,421.9,3351,111690,2,1
55846,83,1126.5,422,3351,111692,2,1
55847,83,1126.3,422.1,3351,111694,2,1
55848,83,1125.9,422.4,3351,111696,2,1
55849,83,1125.6,422.5,3351,111698,2,1
55850,83,1125.2,422.6,3351,111700,2,1
55851,83,1124.9,422.8,3351,111702,2,1
55852,83,1124.7,422.9,3351,111704,2,1
55853,83,1124.5,422.9,3351,111706,2,1
55854,83,1124.3,423,3352,111708,2,1
55855,83,1124.2,423,3352,111710,2,1
55856,83,1124.1,423.2,3352,111712,2,1
55857,83,1124,423.1,3352,111714,2,1
55858,83,1123.7,423,3352,111716,2,1
55859,83,1123.3,423,3352,111718,2,1
55860,83,1122.8,423.2,3352,111720,2,1
55861,83,1122.4,423.3,3352,111722,2,1
55862,83,1121.9,423.5,3352,111724,2,1
55863,83,1121.5,423.6,3352,111726,2,1
55864,83,1121,423.4,3352,111728,2,1
55865,83,1120.6,423.3,3352,111730,2,1
55866,83,1120.5,423.2,3352,111732,2,1
55867,83,1120.5,423.1,3352,111734,2,1
55868,83,1120.5,423,3352,111736,2,1
55869,83,1120.4,423.2,3352,111738,2,1
55870,83,1119.4,423.7,3352,111740,2,1
55871,83,1118.3,424.6,3353,111742,2,1
55872,83,1117.1,425.5,3353,111744,2,1
55873,83,1115.9,426.1,3353,111746,2,1
55874,83,1115.3,426.6,3353,111748,2,1
55875,83,1115.3,426.9,3353,111750,2,1
55876,83,1115.4,427,3353,111752,2,1
55877,83,1116.5,427.1,3353,111754,2,1
55878,83,1117.5,427.2,3353,111756,2,1
55879,83,1118.4,427.1,3353,111758,2,1
55880,83,1119.3,427,3353,111760,2,1
55881,83,1119.8,426.8,3353,111762,2,1
55882,83,1119.8,426.6,3353,111764,2,1
55883,83,1119.7,426.3,3353,111766,2,1
55884,83,1119.6,426,3353,111768,2,1
55885,83,1119.5,425.8,3353,111770,2,1
55886,83,1119.4,426.1,3353,111772,2,1
55887,83,1119.6,426.2,3354,111774,2,1
55888,83,1119.8,426.2,3354,111776,2,1
55889,83,1120.2,426.2,3354,111778,2,1
55890,83,1119.7,426.3,3354,111780,2,1
55891,83,1119.2,426.4,3354,111782,2,1
55892,83,1118.5,426.5,3354,111784,2,1
55893,83,1118,426.6,3354,111786,2,1
55894,83,1117.4,426.5,3354,111788,2,1
55895,83,1117.3,426.4,3354,111790,2,1
55896,83,1117.3,426.4,3354,111792,2,1
55897,83,1118.1,426.3,3354,111794,2,1
55898,83,1119.4,426.1,3354,111796,2,1
55899,83,1120.7,426.1,3354,111798,2,1
55900,83,1121.8,426,3354,111800,2,1
55901,83,1122.8,426.1,3354,111802,2,1
55902,83,1123.3,426.1,3354,111804,2,1
55903,83,1123.8,426,3354,111806,2,1
55904,83,1124.1,425.8,3355,111808,2,1
55905,83,1124,425.6,3355,111810,2,1
55906,83,1123.3,425.4,3355,111812,2,1
55907,83,1122.6,425.2,3355,111814,2,1
55908,83,1121.9,425.1,3355,111816,2,1
55909,83,1121.1,424.9,3355,111818,2,1
55910,83,1120.4,424.9,3355,111820,2,1
55911,83,1119.8,425,3355,111822,2,1
55912,83,1119.4,425.1,3355,111824,2,1
55913,83,1119.3,425.2,3355,111826,2,1
55914,83,1119.3,425.4,3355,111828,2,1
55915,83,1119.2,425.4,3355,111830,2,1
55916,83,1119.2,425.5,3355,111832,2,1
55917,83,1119.1,425.7,3355,111834,2,1
55918,83,1119.2,425.9,3355,111836,2,1
55919,83,1119.3,426.1,3355,111838,2,1
55920,83,1119.6,426.4,3355,111840,2,1
55921,83,1120.1,426.7,3356,111842,2,1
55922,83,1120.6,427.1,3356,111844,2,1
55923,83,1121.1,427.4,3356,111846,2,1
55924,83,1121.6,427.6,3356,111848,2,1
55925,83,1121.7,427.7,3356,111850,2,1
55926,83,1122,427.5,3356,111852,2,1
55927,83,1122.1,427,3356,111854,2,1
55928,83,1122.1,426.5,3356,111856,2,1
55929,83,1122.3,426,3356,111858,2,1
55930,83,1123.1,425.4,3356,111860,2,1
55931,83,1123.7,425,3356,111862,2,1
55932,83,1124.2,424.6,3356,111864,2,1
55933,83,1124.5,424.5,3356,111866,2,1
55934,83,1125,424.4,3356,111868,2,1
55935,83,1125.1,424.3,3356,111870,2,1
55936,83,1125.1,424.3,3356,111872,2,1
55937,83,1124.1,424.2,3357,111874,2,1
55938,83,1123.2,424,3357,111876,2,1
55939,83,1122.3,423.3,3357,111878,2,1
55940,83,1122.5,422.6,3357,111880,2,1
55941,83,1122.7,421.9,3357,111882,2,1
55942,83,1123,421.4,3357,111884,2,1
55943,83,1123.4,420.9,3357,111886,2,1
55944,83,1124.1,420.6,3357,111888,2,1
55945,83,1124.9,420.5,3357,111890,2,1
55946,83,1125.7,420.9,3357,111892,2,1
55947,83,1125.6,421.3,3357,111894,2,1
55948,83,1125.4,421.8,3357,111896,2,1
55949,83,1125.1,422.2,3357,111898,2,1
55950,83,1124.4,422.6,3357,111900,2,1
55951,83,1123.7,423,3357,111902,2,1
55952,83,1123.1,423.3,3357,111904,2,1
55953,83,1122.7,423.8,3357,111906,2,1
55954,83,1122.2,424.3,3358,111908,2,1
55955,83,1121.7,424.9,3358,111910,2,1
55956,83,1121.5,425.4,3358,111912,2,1
55957,83,1121.9,425.8,3358,111914,2,1
55958,83,1122.2,426.2,3358,111916,2,1
55959,83,1122.1,426.7,3358,111918,2,1
55960,83,1122,427,3358,111920,2,1
55961,83,1122,427.1,3358,111922,2,1
55962,83,1122.1,427,3358,111924,2,1
55963,83,1122,426.8,3358,111926,2,1
55964,83,1121.8,426,3358,111928,2,1
55965,83,1121.6,425.2,3358,111930,2,1
55966,83,1121.4,424.5,3358,111932,2,1
55967,83,1121,423.8,3358,111934,2,1
55968,83,1120.6,423.2,3358,111936,2,1
55969,83,1120.3,422.8,3358,111938,2,1
55970,83,1119.9,422.3,3358,111940,2,1
55971,83,1119.7,422.5,3359,111942,2,1
55972,83,1119.6,422.4,3359,111944,2,1
55973,83,1120,422.3,3359,111946,2,1
55974,83,1120.4,422.3,3359,111948,2,1
55975,83,1120.8,422.4,3359,111950,2,1
55976,83,1121.2,422.6,3359,111952,2,1
55977,83,1121.8,422.5,3359,111954,2,1
55978,83,1122,422.7,3359,111956,2,1
55979,83,1122.2,423.2,3359,111958,2,1
55980,83,1122.3,423.6,3359,111960,2,1
55981,83,1122.2,424,3359,111962,2,1
55982,83,1122.2,424,3359,111964,2,1
55983,83,1122.2,423.6,3359,111966,2,1
55984,83,1122.1,423.3,3359,111968,2,1
55985,83,1122.2,423,3359,111970,2,1
55986,83,1122.3,422.6,3359,111972,2,1
55987,83,1122.2,422.1,3360,111974,2,1
55988,83,1122.2,421.8,3360,111976,2,1
55989,83,1122.2,421.4,3360,111978,2,1
55990,83,1122.1,421.7,3360,111980,2,1
55991,83,1121.9,421.9,3360,111982,2,1
55992,83,1122.3,422.2,3360,111984,2,1
55993,83,1122.9,422.3,3360,111986,2,1
55994,83,1123.4,422.1,3360,111988,2,1
55995,83,1124.1,421.8,3360,111990,2,1
55996,83,1124.8,421.4,3360,111992,2,1
55997,83,1125.8,421,3360,111994,2,1
55998,83,1126.6,420.6,3360,111996,2,1
55999,83,1127,420.2,3360,111998,2,1
56000,83,1127,419.9,3360,112000,2,1
56001,83,1127,420,3360,112002,2,1
56002,83,1126.9,419.9,3360,112004,2,1
56003,83,1126.9,419.9,3360,112006,2,1
56004,83,1126.6,419.9,3361,112008,2,1
56005,83,1126.3,419.3,3361,112010,2,1
56006,83,1125.9,418.9,3361,112012,2,1
56007,83,1125.7,418.3,3361,112014,2,1
56008,83,1125.4,418,3361,112016,2,1
56009,83,1125.2,417.8,3361,112018,2,1
56010,83,1125,417.5,3361,112020,2,1
56011,83,1124.9,417.3,3361,112022,2,1
56012,83,1125,417.6,3361,112024,2,1
56013,83,1125.1,417.9,3361,112026,2,1
56014,83,1125.3,418.2,3361,112028,2,1
56015,83,1125.4,418.6,3361,112030,2,1
56016,83,1125.5,418.8,3361,112032,2,1
56017,83,1125.7,419,3361,112034,2,1
56018,83,1125.8,419.1,3361,112036,2,1
56019,83,1125.8,419.2,3361,112038,2,1
56020,83,1125.8,419.2,3361,112040,2,1
56021,83,1125.7,419.1,3362,112042,2,1
56022,83,1125.6,418.5,3362,112044,2,1
56023,83,1125.4,418.1,3362,112046,2,1
56024,83,1125.2,417.7,3362,112048,2,1
56025,83,1125,417.2,3362,112050,2,1
56026,83,1124.7,416.8,3362,112052,2,1
56027,83,1124.6,416.5,3362,112054,2,1
56028,83,1124.3,416.2,3362,112056,2,1
56029,83,1124.2,416.1,3362,112058,2,1
56030,83,1124.2,415.9,3362,112060,2,1
56031,83,1124.2,415.5,3362,112062,2,1
56032,83,1124.7,415.1,3362,112064,2,1
56033,83,1125.6,414.6,3362,112066,2,1
56034,83,1126.4,414.1,3362,112068,2,1
56035,83,1127.2,413.6,3362,112070,2,1
56036,83,1127.8,413.2,3362,112072,2,1
56037,83,1128.4,412.8,3363,112074,2,1
56038,83,1128.9,412.4,3363,112076,2,1
56039,83,1129,412,3363,112078,2,1
56040,83,1128.6,411.7,3363,112080,2,1
56041,83,1128.3,411.5,3363,112082,2,1
56042,83,1127.8,411.3,3363,112084,2,1
56043,83,1127.6,411.2,3363,112086,2,1
56044,83,1127.4,411.1,3363,112088,2,1
56045,83,1127.3,411.2,3363,112090,2,1
56046,83,1127.1,411.3,3363,112092,2,1
56047,83,1126.9,411.4,3363,112094,2,1
56048,83,1127.7,411.5,3363,112096,2,1
56049,83,1128.5,411.5,3363,112098,2,1
56050,83,1129.2,411.5,3363,112100,2,1
56051,83,1129.9,411.5,3363,112102,2,1
56052,83,1130.5,411.3,3363,112104,2,1
56053,83,1131,411.2,3363,112106,2,1
56054,83,1131.6,411.1,3364,112108,2,1
56055,83,1131.1,411.3,3364,112110,2,1
56056,83,1130.7,411.4,3364,112112,2,1
56057,83,1130.3,411.5,3364,112114,2,1
56058,83,1130.1,411.5,3364,112116,2,1
56059,83,1129.9,411.6,3364,112118,2,1
56060,83,1129.8,411.3,3364,112120,2,1
56061,83,1129.6,411,3364,112122,2,1
56062,83,1129.8,410.6,3364,112124,2,1
56063,83,1130.3,409.8,3364,112126,2,1
56064,83,1130.6,409.2,3364,112128,2,1
56065,83,1130.6,408.7,3364,112130,2,1
56066,83,1130.8,408.3,3364,112132,2,1
56067,83,1131,407.9,3364,112134,2,1
56068,83,1130.9,407.7,3364,112136,2,1
56069,83,1130.5,407.5,3364,112138,2,1
56070,83,1129.9,407.3,3364,112140,2,1
56071,83,1129.3,407.1,3365,112142,2,1
56072,83,1129,406.9,3365,112144,2,1
56073,83,1128.8,406.5,3365,112146,2,1
56074,83,1129,406.2,3365,112148,2,1
56075,83,1129.7,405.9,3365,112150,2,1
56076,83,1130.6,405.6,3365,112152,2,1
56077,83,1131.4,405.7,3365,112154,2,1
56078,83,1132.4,405.7,3365,112156,2,1
56079,83,1133.3,405.8,3365,112158,2,1
56080,83,1133.9,405.9,3365,112160,2,1
56081,83,1134.3,405.6,3365,112162,2,1
56082,83,1134.6,404.5,3365,112164,2,1
56083,83,1135.5,402.1,3365,112166,2,1
56084,83,1136.6,399.1,3365,112168,2,1
56085,83,1138.8,395.4,3365,112170,2,1
56086,83,1140.9,390.9,3365,112172,2,1
56087,83,1144.1,384.9,3366,112174,2,1
56088,83,1147.4,379,3366,112176,2,1
56089,83,1150.7,374.2,3366,112178,2,1
56090,83,1153.6,369.5,3366,112180,2,1
56091,83,1156.5,365.3,3366,112182,2,1
56092,83,1158.3,362,3366,112184,2,1
56093,83,1160,359.3,3366,112186,2,1
56094,83,1160.7,358.4,3366,112188,2,1
56095,83,1161.2,357.7,3366,112190,2,1
56096,83,1161.5,357.2,3366,112192,2,1
56097,83,1161.4,357.7,3366,112194,2,1
56098,83,1161.2,358.2,3366,112196,2,1
56099,83,1161.2,358.9,3366,112198,2,1
56100,83,1161.5,359.5,3366,112200,2,1
56101,83,1161.8,360.3,3366,112202,2,1
56102,83,1162.2,360.5,3366,112204,2,1
56103,83,1162.5,360.6,3366,112206,2,1
56104,83,1162.7,360.8,3367,112208,2,1
56105,83,1162.8,360.8,3367,112210,2,1
56106,83,1163,360.8,3367,112212,2,1
56107,83,1162.5,361,3367,112214,2,1
56108,83,1162.2,360.9,3367,112216,2,1
56109,83,1162.2,360.8,3367,112218,2,1
56110,83,1162,360.8,3367,112220,2,1
56111,83,1161.8,360.9,3367,112222,2,1
56112,83,1161.5,360.9,3367,112224,2,1
56113,83,1161.2,360.7,3367,112226,2,1
56114,83,1160.5,360.6,3367,112228,2,1
56115,83,1159.9,360.4,3367,112230,2,1
56116,83,1158.9,360.4,3367,112232,2,1
56117,83,1158.9,360.3,3367,112234,2,1
56118,83,1159,360.3,3367,112236,2,1
56119,83,1159.2,360.4,3367,112238,2,1
56120,83,1159.5,360.5,3367,112240,2,1
56121,83,1160.1,360.7,3368,112242,2,1
56122,83,1160.7,360.9,3368,112244,2,1
56123,83,1161.3,360.9,3368,112246,2,1
56124,83,1161.2,360.9,3368,112248,2,1
56125,83,1161,360.9,3368,112250,2,1
56126,83,1160.7,361,3368,112252,2,1
56127,83,1160.3,361.1,3368,112254,2,1
56128,83,1160,361.1,3368,112256,2,1
56129,83,1159.7,361.1,3368,112258,2,1
56130,83,1159.3,361.1,3368,112260,2,1
56131,83,1158.9,360.9,3368,112262,2,1
56132,83,1158.7,360.6,3368,112264,2,1
56133,83,1158.9,360.2,3368,112266,2,1
56134,83,1159,360,3368,112268,2,1
56135,83,1159.1,359.8,3368,112270,2,1
56136,83,1159.3,359.5,3368,112272,2,1
56137,83,1159.6,359.3,3369,112274,2,1
56138,83,1159.7,359.5,3369,112276,2,1
56139,83,1159.9,359.7,3369,112278,2,1
56140,83,1159.8,359.9,3369,112280,2,1
56141,83,1159.7,360.2,3369,112282,2,1
56142,83,1159.6,360.3,3369,112284,2,1
56143,83,1159.5,360.5,3369,112286,2,1
56144,83,1159.6,360.6,3369,112288,2,1
56145,83,1159.6,360.8,3369,112290,2,1
56146,83,1159.6,360.8,3369,112292,2,1
56147,83,1159.7,360.4,3369,112294,2,1
56148,83,1159.7,360,3369,112296,2,1
56149,83,1159.6,359.8,3369,112298,2,1
56150,83,1159.4,359.5,3369,112300,2,1
56151,83,1159.2,359.1,3369,112302,2,1
56152,83,1158.8,359.1,3369,112304,2,1
56153,83,1158.8,359.3,3369,112306,2,1
56154,83,1158.8,359.8,3370,112308,2,1
56155,83,1159,360.2,3370,112310,2,1
56156,83,1159.1,360.3,3370,112312,2,1
56157,83,1159.3,360.3,3370,112314,2,1
56158,83,1159.3,360.2,3370,112316,2,1
56159,83,1159.1,360.1,3370,112318,2,1
56160,83,1158.5,360.3,3370,112320,2,1
56161,83,1157.9,360.5,3370,112322,2,1
56162,83,1157.2,360.8,3370,112324,2,1
56163,83,1156.5,361.3,3370,112326,2,1
56164,83,1156,361.5,3370,112328,2,1
56165,83,1155.7,361.2,3370,112330,2,1
56166,83,1155.6,360.8,3370,112332,2,1
56167,83,1155.4,359.9,3370,112334,2,1
56168,83,1155.3,359,3370,112336,2,1
56169,83,1155.3,358.2,3370,112338,2,1
56170,83,1155.6,357.5,3370,112340,2,1
56171,83,1156.3,357.1,3371,112342,2,1
56172,83,1156.9,357.1,3371,112344,2,1
56173,83,1157.7,357.3,3371,112346,2,1
56174,83,1158.3,357.5,3371,112348,2,1
56175,83,1158.7,357.8,3371,112350,2,1
56176,83,1159.1,358,3371,112352,2,1
56177,83,1159.3,358.1,3371,112354,2,1
56178,83,1158.9,358.5,3371,112356,2,1
56179,83,1158.8,358.7,3371,112358,2,1
56180,83,1158.7,358.8,3371,112360,2,1
56181,83,1158.8,358.8,3371,112362,2,1
56182,83,1158.9,358.8,3371,112364,2,1
56183,83,1159,359,3371,112366,2,1
56184,83,1159,359.1,3371,112368,2,1
56185,83,1159,359.2,3371,112370,2,1
56186,83,1158.6,359.4,3371,112372,2,1
56187,83,1158.2,359.6,3372,112374,2,1
56188,83,1157.8,359.8,3372,112376,2,1
56189,83,1157.3,360.1,3372,112378,2,1
56190,83,1156.8,360.3,3372,112380,2,1
56191,83,1156.5,360.5,3372,112382,2,1
56192,83,1156.3,360.6,3372,112384,2,1
56193,83,1156.2,360.6,3372,112386,2,1
56194,83,1156.1,360.4,3372,112388,2,1
56195,83,1156.3,360.1,3372,112390,2,1
56196,83,1156.4,359.8,3372,112392,2,1
56197,83,1156.5,359.4,3372,112394,2,1
56198,83,1156.8,358.9,3372,112396,2,1
56199,83,1157.2,358.4,3372,112398,2,1
56200,83,1157.5,358.1,3372,112400,2,1
56201,83,1157.8,357.8,3372,112402,2,1
56202,83,1158,357.6,3372,112404,2,1
56203,83,1158.5,357.4,3372,112406,2,1
56204,83,1158.9,357.3,3373,112408,2,1
56205,83,1159.2,357.2,3373,112410,2,1
56206,83,1159.4,357.2,3373,112412,2,1
56207,83,1159.5,357.2,3373,112414,2,1
56208,83,1159.7,357.2,3373,112416,2,1
56209,83,1159.9,357.3,3373,112418,2,1
56210,83,1160.2,357.5,3373,112420,2,1
56211,83,1160.3,357.9,3373,112422,2,1
56212,83,1160.4,358.3,3373,112424,2,1
56213,83,1160.5,358.7,3373,112426,2,1
56214,83,1160.6,359.1,3373,112428,2,1
56215,83,1160.6,359.5,3373,112430,2,1
56216,83,1160.3,360,3373,112432,2,1
56217,83,1159.9,360.4,3373,112434,2,1
56218,83,1159.6,360.7,3373,112436,2,1
56219,83,1159.2,361.1,3373,112438,2,1
56220,83,1158.8,361.4,3373,112440,2,1
56221,83,1158.4,361.4,3374,112442,2,1
56222,83,1158,361.5,3374,112444,2,1
56223,83,1158,361.5,3374,112446,2,1
56224,83,1157.9,361.9,3374,112448,2,1
56225,83,1157.8,362.3,3374,112450,2,1
56226,83,1157.6,362.6,3374,112452,2,1
56227,83,1157.3,362.9,3374,112454,2,1
56228,83,1157.1,363.4,3374,112456,2,1
56229,83,1156.9,363.6,3374,112458,2,1
56230,83,1156.9,363.7,3374,112460,2,1
56231,83,1156.9,363.2,3374,112462,2,1
56232,83,1157.4,362.8,3374,112464,2,1
56233,83,1158,362.1,3374,112466,2,1
56234,83,1158.6,361.4,3374,112468,2,1
56235,83,1159,360.9,3374,112470,2,1
56236,83,1159.4,360.6,3374,112472,2,1
56237,83,1159.6,360.4,3375,112474,2,1
56238,83,1159.7,360.3,3375,112476,2,1
56239,83,1159.5,360.3,3375,112478,2,1
56240,83,1159.3,360.4,3375,112480,2,1
56241,83,1159.1,360.5,3375,112482,2,1
56242,83,1159,360.6,3375,112484,2,1
56243,83,1159,360.7,3375,112486,2,1
56244,83,1159,361.4,3375,112488,2,1
56245,83,1159,361.9,3375,112490,2,1
56246,83,1159,362.3,3375,112492,2,1
56247,83,1159,362.3,3375,112494,2,1
56248,83,1159,362.2,3375,112496,2,1
56249,83,1159,362.1,3375,112498,2,1
56250,83,1159,362,3375,112500,2,1
56251,83,1159.2,361.3,3375,112502,2,1
56252,83,1159.6,360.6,3375,112504,2,1
56253,83,1160,360.2,3375,112506,2,1
56254,83,1160.3,359.9,3376,112508,2,1
56255,83,1160.7,359.7,3376,112510,2,1
56256,83,1161,359.5,3376,112512,2,1
56257,83,1161.2,359.2,3376,112514,2,1
56258,83,1160.8,359.2,3376,112516,2,1
56259,83,1160.1,359.2,3376,112518,2,1
56260,83,1159.5,359.2,3376,112520,2,1
56261,83,1158.9,359.4,3376,112522,2,1
56262,83,1158.3,359.7,3376,112524,2,1
56263,83,1157.8,359.9,3376,112526,2,1
56264,83,1157.4,360.2,3376,112528,2,1
56265,83,1157.4,360.5,3376,112530,2,1
56266,83,1157.4,360.8,3376,112532,2,1
56267,83,1157.4,361.2,3376,112534,2,1
56268,83,1157.5,361.5,3376,112536,2,1
56269,83,1157.6,361.8,3376,112538,2,1
56270,83,1157.8,362,3376,112540,2,1
56271,83,1158,362.2,3377,112542,2,1
56272,83,1158.4,362.1,3377,112544,2,1
56273,83,1158.8,361.7,3377,112546,2,1
56274,83,1159,361.4,3377,112548,2,1
56275,83,1159.2,361.1,3377,112550,2,1
56276,83,1159.4,360.8,3377,112552,2,1
56277,83,1159.6,360.6,3377,112554,2,1
56278,83,1159.7,360.5,3377,112556,2,1
56279,83,1159.4,360.5,3377,112558,2,1
56280,83,1159.4,360.8,3377,112560,2,1
56281,83,1159.5,361.1,3377,112562,2,1
56282,83,1159.6,361.3,3377,112564,2,1
56283,83,1159.9,361.3,3377,112566,2,1
56284,83,1160.1,361.2,3377,112568,2,1
56285,83,1160.4,361,3377,112570,2,1
56286,83,1160.5,360.7,3377,112572,2,1
56287,83,1160.6,361,3378,112574,2,1
56288,83,1160.7,361.2,3378,112576,2,1
56289,83,1160.7,361.7,3378,112578,2,1
56290,83,1160.7,362.4,3378,112580,2,1
56291,83,1160.6,363.1,3378,112582,2,1
56292,83,1160.7,363.7,3378,112584,2,1
56293,83,1161.2,364.1,3378,112586,2,1
56294,83,1161.7,364,3378,112588,2,1
56295,83,1162.2,363.9,3378,112590,2,1
56296,83,1162.6,363.8,3378,112592,2,1
56297,83,1162.8,363.5,3378,112594,2,1
56298,83,1162.9,363.4,3378,112596,2,1
56299,83,1162.5,363.5,3378,112598,2,1
56300,83,1161.7,364.2,3378,112600,2,1
56301,83,1161.1,364.8,3378,112602,2,1
56302,83,1160.6,365.2,3378,112604,2,1
56303,83,1160.5,365.5,3378,112606,2,1
56304,83,1160.9,365.3,3379,112608,2,1
56305,83,1161.2,365,3379,112610,2,1
56306,83,1162,364.6,3379,112612,2,1
56307,83,1162.9,363.8,3379,112614,2,1
56308,83,1163.7,362.9,3379,112616,2,1
56309,83,1164.3,362.3,3379,112618,2,1
56310,83,1164.2,362,3379,112620,2,1
56311,83,1164.2,362.3,3379,112622,2,1
56312,83,1164.1,362.7,3379,112624,2,1
56313,83,1164,363.1,3379,112626,2,1
56314,83,1163.9,363.5,3379,112628,2,1
56315,83,1163.8,364,3379,112630,2,1
56316,83,1163.8,365,3379,112632,2,1
56317,83,1164.1,365.9,3379,112634,2,1
56318,83,1164.3,366.7,3379,112636,2,1
56319,83,1164.6,367.5,3379,112638,2,1
56320,83,1164.7,368.2,3379,112640,2,1
56321,83,1164.9,368.9,3380,112642,2,1
56322,83,1165,369.5,3380,112644,2,1
56323,83,1164.9,369.6,3380,112646,2,1
56324,83,1164.8,369.5,3380,112648,2,1
56325,83,1164.7,369.1,3380,112650,2,1
56326,83,1163.8,368.6,3380,112652,2,1
56327,83,1162.8,367.7,3380,112654,2,1
56328,83,1160.5,366,3380,112656,2,1
56329,83,1157.3,364.4,3380,112658,2,1
56330,83,1151.7,362.4,3380,112660,2,1
56331,83,1143.5,360.5,3380,112662,2,1
56332,83,1133.3,358,3380,112664,2,1
56333,83,1122.5,354.8,3380,112666,2,1
56334,83,1110.5,351.6,3380,112668,2,1
56335,83,1098.9,347.9,3380,112670,2,1
56336,83,1086.9,344.3,3380,112672,2,1
56337,83,1076.3,341.3,3381,112674,2,1
56338,83,1068.1,338.5,3381,112676,2,1
56339,83,1062.1,336.4,3381,112678,2,1
56340,83,1057.4,335.3,3381,112680,2,1
56341,83,1053.7,334.6,3381,112682,2,1
56342,83,1050.6,335.5,3381,112684,2,1
56343,83,1048,336.5,3381,112686,2,1
56344,83,1046.6,337.4,3381,112688,2,1
56345,83,1045.3,338,3381,112690,2,1
56346,83,1044,338.9,3381,112692,2,1
56347,83,1042.6,339.6,3381,112694,2,1
56348,83,1041.6,340.4,3381,112696,2,1
56349,83,1040.9,341,3381,112698,2,1
56350,83,1041,341.5,3381,112700,2,1
56351,83,1041.3,342,3381,112702,2,1
56352,83,1041.5,342.4,3381,112704,2,1
56353,83,1041.9,342.4,3381,112706,2,1
56354,83,1042.3,342.3,3382,112708,2,1
56355,83,1042.9,341.5,3382,112710,2,1
56356,83,1043.2,340.9,3382,112712,2,1
56357,83,1043.4,340.1,3382,112714,2,1
56358,83,1043.5,339.4,3382,112716,2,1
56359,83,1043.6,338.7,3382,112718,2,1
56360,83,1043.7,338.3,3382,112720,2,1
56361,83,1043.8,338.3,3382,112722,2,1
56362,83,1043.7,338.8,3382,112724,2,1
56363,83,1043.6,339.3,3382,112726,2,1
56364,83,1043.5,339.6,3382,112728,2,1
56365,83,1043.3,340,3382,112730,2,1
56366,83,1043,340.3,3382,112732,2,1
56367,83,1042.1,340.6,3382,112734,2,1
56368,83,1041.2,340.6,3382,112736,2,1
56369,83,1040.3,341.1,3382,112738,2,1
56370,83,1039.5,341.5,3382,112740,2,1
56371,83,1038.8,342.1,3383,112742,2,1
56372,83,1038.1,342.7,3383,112744,2,1
56373,83,1037.6,343.2,3383,112746,2,1
56374,83,1037.4,343.5,3383,112748,2,1
56375,83,1037.2,343.7,3383,112750,2,1
56376,83,1037.1,343.4,3383,112752,2,1
56377,83,1037.1,343,3383,112754,2,1
56378,83,1037.1,342.6,3383,112756,2,1
56379,83,1037.2,342.1,3383,112758,2,1
56380,83,1037.3,341.7,3383,112760,2,1
56381,83,1038.2,341.4,3383,112762,2,1
56382,83,1039.1,341.2,3383,112764,2,1
56383,83,1039.9,341.1,3383,112766,2,1
56384,83,1040.7,341,3383,112768,2,1
56385,83,1041.3,340.9,3383,112770,2,1
56386,83,1041.7,341,3383,112772,2,1
56387,83,1042.1,341.7,3384,112774,2,1
56388,83,1041.9,342.5,3384,112776,2,1
56389,83,1041.6,343.3,3384,112778,2,1
56390,83,1041.4,344,3384,112780,2,1
56391,83,1041.3,344.7,3384,112782,2,1
56392,83,1041.2,345.3,3384,112784,2,1
56393,83,1041.1,345.9,3384,112786,2,1
56394,83,1041.2,345.7,3384,112788,2,1
56395,83,1041.1,345.5,3384,112790,2,1
56396,83,1041.3,345.2,3384,112792,2,1
56397,83,1041.5,345,3384,112794,2,1
56398,83,1041.6,344.7,3384,112796,2,1
56399,83,1041.9,344.4,3384,112798,2,1
56400,83,1042.1,344.1,3384,112800,2,1
56401,83,1042.4,343.9,3384,112802,2,1
56402,83,1042.6,343.6,3384,112804,2,1
56403,83,1042.7,343.8,3384,112806,2,1
56404,83,1042.6,344.1,3385,112808,2,1
56405,83,1042.4,344.5,3385,112810,2,1
56406,83,1042.3,344.9,3385,112812,2,1
56407,83,1042.2,345.2,3385,112814,2,1
56408,83,1042.1,345.5,3385,112816,2,1
56409,83,1042,345.8,3385,112818,2,1
56410,83,1041.9,345.8,3385,112820,2,1
56411,83,1041.9,345.8,3385,112822,2,1
56412,83,1041.9,345.8,3385,112824,2,1
56413,83,1041.9,345.8,3385,112826,2,1
56414,83,1042.1,345.8,3385,112828,2,1
56415,83,1042.3,345.9,3385,112830,2,1
56416,83,1042.5,346,3385,112832,2,1
56417,83,1042.6,346,3385,112834,2,1
56418,83,1042.7,346.1,3385,112836,2,1
56419,83,1042.8,346,3385,112838,2,1
56420,83,1042.2,346.1,3385,112840,2,1
56421,83,1041.5,346.3,3386,112842,2,1
56422,83,1040.7,346.4,3386,112844,2,1
56423,83,1039.9,346.6,3386,112846,2,1
56424,83,1039.2,346.9,3386,112848,2,1
56425,83,1038.5,347.1,3386,112850,2,1
56426,83,1037.7,347.3,3386,112852,2,1
56427,83,1037.4,347.4,3386,112854,2,1
56428,83,1037.2,347.5,3386,112856,2,1
56429,83,1036.8,348,3386,112858,2,1
56430,83,1036.5,348.5,3386,112860,2,1
56431,83,1036.3,349,3386,112862,2,1
56432,83,1036.3,349.3,3386,112864,2,1
56433,83,1036.4,349.3,3386,112866,2,1
56434,83,1036.9,349.1,3386,112868,2,1
56435,83,1037.5,348.9,3386,112870,2,1
56436,83,1038,348.4,3386,112872,2,1
56437,83,1038.7,348.2,3387,112874,2,1
56438,83,1039.3,348,3387,112876,2,1
56439,83,1039.7,348,3387,112878,2,1
56440,83,1040.1,348,3387,112880,2,1
56441,83,1040.4,348.1,3387,112882,2,1
56442,83,1040.7,348.2,3387,112884,2,1
56443,83,1040.8,348.3,3387,112886,2,1
56444,83,1040.4,348.3,3387,112888,2,1
56445,83,1040,348.3,3387,112890,2,1
56446,83,1039.6,348.3,3387,112892,2,1
56447,83,1039,348.5,3387,112894,2,1
56448,83,1038.3,348.7,3387,112896,2,1
56449,83,1037.6,349,3387,112898,2,1
56450,83,1037.2,349.7,3387,112900,2,1
56451,83,1037,350.7,3387,112902,2,1
56452,83,1036.9,351.8,3387,112904,2,1
56453,83,1036.7,353,3387,112906,2,1
56454,83,1036.7,354,3388,112908,2,1
56455,83,1036.7,354.9,3388,112910,2,1
56456,83,1036.8,355.8,3388,112912,2,1
56457,83,1036.9,356.4,3388,112914,2,1
56458,83,1037,356.6,3388,112916,2,1
56459,83,1037.2,356.8,3388,112918,2,1
56460,83,1037.4,356.8,3388,112920,2,1
56461,83,1037.8,356.7,3388,112922,2,1
56462,83,1038.1,356.6,3388,112924,2,1
56463,83,1037.6,356.6,3388,112926,2,1
56464,83,1036.2,356.7,3388,112928,2,1
56465,83,1033.5,356.9,3388,112930,2,1
56466,83,1030.1,357.3,3388,112932,2,1
56467,83,1025.9,357.9,3388,112934,2,1
56468,83,1021.3,358.5,3388,112936,2,1
56469,83,1015.7,359.4,3388,112938,2,1
56470,83,1010.4,360.1,3388,112940,2,1
56471,83,1005.9,361,3389,112942,2,1
56472,83,1002.6,362,3389,112944,2,1
56473,83,1000,362.8,3389,112946,2,1
56474,83,998.8,363.4,3389,112948,2,1
56475,83,998.1,363.9,3389,112950,2,1
56476,83,998.4,364.2,3389,112952,2,1
56477,83,999.2,364.6,3389,112954,2,1
56478,83,1000.3,364.7,3389,112956,2,1
56479,83,1001.5,364.6,3389,112958,2,1
56480,83,1002.7,364.8,3389,112960,2,1
56481,83,1003.2,365.1,3389,112962,2,1
56482,83,1003.7,365.4,3389,112964,2,1
56483,83,1003.9,365.8,3389,112966,2,1
56484,83,1003.5,366.4,3389,112968,2,1
56485,83,1002.7,367,3389,112970,2,1
56486,83,1001.8,367.8,3389,112972,2,1
56487,83,1000.8,368.4,3390,112974,2,1
56488,83,1000,369,3390,112976,2,1
56489,83,999.2,369.6,3390,112978,2,1
56490,83,998.8,370.2,3390,112980,2,1
56491,83,998.8,370.8,3390,112982,2,1
56492,83,998.9,371.3,3390,112984,2,1
56493,83,999.1,371.7,3390,112986,2,1
56494,83,998.7,372.1,3390,112988,2,1
56495,83,998.3,372.4,3390,112990,2,1
56496,83,997.8,372.6,3390,112992,2,1
56497,83,997.1,372.8,3390,112994,2,1
56498,83,996.5,372.8,3390,112996,2,1
56499,83,995.8,372.8,3390,112998,2,1
56500,83,995.2,372.6,3390,113000,2,1
56501,83,995.1,372.4,3390,113002,2,1
56502,83,995.1,372.1,3390,113004,2,1
56503,83,995.1,371.8,3390,113006,2,1
56504,83,995.1,371.4,3391,113008,2,1
56505,83,995.2,371.1,3391,113010,2,1
56506,83,995.3,370.9,3391,113012,2,1
56507,83,995.3,371,3391,113014,2,1
56508,83,995.4,371.2,3391,113016,2,1
56509,83,995.6,371.6,3391,113018,2,1
56510,83,996,372.1,3391,113020,2,1
56511,83,996.3,372.5,3391,113022,2,1
56512,83,996.8,373,3391,113024,2,1
56513,83,997.3,373.3,3391,113026,2,1
56514,83,997.9,373.4,3391,113028,2,1
56515,83,998.4,373.4,3391,113030,2,1
56516,83,998.7,373.1,3391,113032,2,1
56517,83,999.1,372.3,3391,113034,2,1
56518,83,999.4,371.5,3391,113036,2,1
56519,83,999.5,370.8,3391,113038,2,1
56520,83,999.4,370.4,3391,113040,2,1
56521,83,999.4,370.2,3392,113042,2,1
56522,83,999.4,370,3392,113044,2,1
56523,83,999.2,370.6,3392,113046,2,1
56524,83,999.1,371.4,3392,113048,2,1
56525,83,999,372.2,3392,113050,2,1
56526,83,999,373.1,3392,113052,2,1
56527,83,999.3,373.8,3392,113054,2,1
56528,83,999.5,374.3,3392,113056,2,1
56529,83,999.7,374.8,3392,113058,2,1
56530,83,999.9,374.6,3392,113060,2,1
56531,83,1000.1,374.5,3392,113062,2,1
56532,83,1000.2,374.3,3392,113064,2,1
56533,83,1000.2,374,3392,113066,2,1
56534,83,1000,374,3392,113068,2,1
56535,83,999.7,373.9,3392,113070,2,1
56536,83,999.4,373.7,3392,113072,2,1
56537,83,999.2,373.6,3393,113074,2,1
56538,83,998.9,373.4,3393,113076,2,1
56539,83,998.7,373.4,3393,113078,2,1
56540,83,998.5,373.5,3393,113080,2,1
56541,83,998.3,373.5,3393,113082,2,1
56542,83,998.3,373.6,3393,113084,2,1
56543,83,998.3,373.7,3393,113086,2,1
56544,83,998.4,373.8,3393,113088,2,1
56545,83,998.8,373.6,3393,113090,2,1
56546,83,999.2,373.2,3393,113092,2,1
56547,83,999.5,372.8,3393,113094,2,1
56548,83,999.8,372.4,3393,113096,2,1
56549,83,1000,371.9,3393,113098,2,1
56550,83,999.8,371.7,3393,113100,2,1
56551,83,999.6,371.6,3393,113102,2,1
56552,83,999.1,371.7,3393,113104,2,1
56553,83,998.6,371.7,3393,113106,2,1
56554,83,998.2,371.8,3394,113108,2,1
56555,83,997.9,371.7,3394,113110,2,1
56556,83,997.8,371.7,3394,113112,2,1
56557,83,998,371.4,3394,113114,2,1
56558,83,998.2,371.1,3394,113116,2,1
56559,83,998.8,370.9,3394,113118,2,1
56560,83,999.4,370.6,3394,113120,2,1
56561,83,1000.1,370.4,3394,113122,2,1
56562,83,1000.7,370.3,3394,113124,2,1
56563,83,1001.3,370.4,3394,113126,2,1
56564,83,1001.7,370.8,3394,113128,2,1
56565,83,1002,371.2,3394,113130,2,1
56566,83,1002,371.4,3394,113132,2,1
56567,83,1002,371.6,3394,113134,2,1
56568,83,1001.8,371.8,3394,113136,2,1
56569,83,1001.6,371.9,3394,113138,2,1
56570,83,1001.4,371.8,3394,113140,2,1
56571,83,1001.3,371.5,3395,113142,2,1
56572,83,1001.3,371.2,3395,113144,2,1
56573,83,1001.2,371,3395,113146,2,1
56574,83,1001.3,370.8,3395,113148,2,1
56575,83,1001.6,370.7,3395,113150,2,1
56576,83,1001.8,370.7,3395,113152,2,1
56577,83,1002.1,370.8,3395,113154,2,1
56578,83,1002.5,370.8,3395,113156,2,1
56579,83,1002.9,371,3395,113158,2,1
56580,83,1003.3,371.1,3395,113160,2,1
56581,83,1003.6,371.3,3395,113162,2,1
56582,83,1003.6,371.5,3395,113164,2,1
56583,83,1003.6,371.8,3395,113166,2,1
56584,83,1003.6,372,3395,113168,2,1
56585,83,1003.5,372.2,3395,113170,2,1
56586,83,1003.4,372.5,3395,113172,2,1
56587,83,1003.4,372.7,3396,113174,2,1
56588,83,1003.4,373,3396,113176,2,1
56589,83,1003.5,373.2,3396,113178,2,1
56590,83,1003.6,373.3,3396,113180,2,1
56591,83,1003.8,373.6,3396,113182,2,1
56592,83,1004.1,373.9,3396,113184,2,1
56593,83,1004.3,374,3396,113186,2,1
56594,83,1004.4,374.2,3396,113188,2,1
56595,83,1004.1,374.4,3396,113190,2,1
56596,83,1003.8,374.6,3396,113192,2,1
56597,83,1003.4,374.7,3396,113194,2,1
56598,83,1003,374.7,3396,113196,2,1
56599,83,1002.5,374.7,3396,113198,2,1
56600,83,1002.1,374.7,3396,113200,2,1
56601,83,1001.9,374.6,3396,113202,2,1
56602,83,1002,374.5,3396,113204,2,1
56603,83,1002.2,374.3,3396,113206,2,1
56604,83,1002.4,373.9,3397,113208,2,1
56605,83,1002.6,373.6,3397,113210,2,1
56606,83,1002.8,373.3,3397,113212,2,1
56607,83,1003,373.1,3397,113214,2,1
56608,83,1003.1,373,3397,113216,2,1
56609,83,1003.2,373,3397,113218,2,1
56610,83,1003.3,373.1,3397,113220,2,1
56611,83,1003.5,373.6,3397,113222,2,1
56612,83,1003.6,374.1,3397,113224,2,1
56613,83,1003.6,374.5,3397,113226,2,1
56614,83,1003.6,375.1,3397,113228,2,1
56615,83,1003.6,375.6,3397,113230,2,1
56616,83,1003.6,375.8,3397,113232,2,1
56617,83,1003.6,375.9,3397,113234,2,1
56618,83,1003.7,375.5,3397,113236,2,1
56619,83,1003.7,375.2,3397,113238,2,1
56620,83,1003.7,374.9,3397,113240,2,1
56621,83,1003.6,374.6,3398,113242,2,1
56622,83,1003.5,374.6,3398,113244,2,1
56623,83,1003.3,374.6,3398,113246,2,1
56624,83,1003.1,374.6,3398,113248,2,1
56625,83,1002.9,374.5,3398,113250,2,1
56626,83,1002.7,374.4,3398,113252,2,1
56627,83,1002.5,374.2,3398,113254,2,1
56628,83,1002.3,374.1,3398,113256,2,1
56629,83,1002.2,373.7,3398,113258,2,1
56630,83,1002.1,373.4,3398,113260,2,1
56631,83,1002,373.1,3398,113262,2,1
56632,83,1002,373.2,3398,113264,2,1
56633,83,1002,373.5,3398,113266,2,1
56634,83,1002,373.9,3398,113268,2,1
56635,83,1002.1,374.2,3398,113270,2,1
56636,83,1002.4,374.6,3398,113272,2,1
56637,83,1002.6,375,3399,113274,2,1
56638,83,1002.8,375.2,3399,113276,2,1
56639,83,1003,375.3,3399,113278,2,1
56640,83,1003.1,375.2,3399,113280,2,1
56641,83,1003.2,375.2,3399,113282,2,1
56642,83,1003.2,375.3,3399,113284,2,1
56643,83,1003.1,375.5,3399,113286,2,1
56644,83,1003,375.6,3399,113288,2,1
56645,83,1003,375.9,3399,113290,2,1
56646,83,1003,376.1,3399,113292,2,1
56647,83,1003.1,376.4,3399,113294,2,1
56648,83,1003.2,376.5,3399,113296,2,1
56649,83,1003.2,376.5,3399,113298,2,1
56650,83,1003.2,376.5,3399,113300,2,1
56651,83,1003.2,376.3,3399,113302,2,1
56652,83,1003.1,375.6,3399,113304,2,1
56653,83,1002.8,375,3399,113306,2,1
56654,83,1002.5,374.3,3400,113308,2,1
56655,83,1002.2,373.7,3400,113310,2,1
56656,83,1001.9,373.1,3400,113312,2,1
56657,83,1001.7,372.5,3400,113314,2,1
56658,83,1001.5,372,3400,113316,2,1
56659,83,1001.4,372,3400,113318,2,1
56660,83,1001.4,372,3400,113320,2,1
56661,83,1001.4,372,3400,113322,2,1
56662,83,1001.3,371.9,3400,113324,2,1
56663,83,1001.3,372,3400,113326,2,1
56664,83,1001.3,372.1,3400,113328,2,1
56665,83,1001.4,372.2,3400,113330,2,1
56666,83,1001.5,372.3,3400,113332,2,1
56667,83,1001.6,372.4,3400,113334,2,1
56668,83,1001.8,372.5,3400,113336,2,1
56669,83,1002,372.6,3400,113338,2,1
56670,83,1002.6,372.6,3400,113340,2,1
56671,83,1003.1,372.5,3401,113342,2,1
56672,83,1003.6,372,3401,113344,2,1
56673,83,1004,371.5,3401,113346,2,1
56674,83,1004.4,371,3401,113348,2,1
56675,83,1004.7,370.5,3401,113350,2,1
56676,83,1004.7,370.2,3401,113352,2,1
56677,83,1004.3,370.2,3401,113354,2,1
56678,83,1003.8,370.2,3401,113356,2,1
56679,83,1003.5,370.9,3401,113358,2,1
56680,83,1003.1,371.7,3401,113360,2,1
56681,83,1002.8,372.5,3401,113362,2,1
56682,83,1002.4,373.5,3401,113364,2,1
56683,83,1002.4,374.2,3401,113366,2,1
56684,83,1002.2,374.6,3401,113368,2,1
56685,83,1001.9,374.8,3401,113370,2,1
56686,83,1001.6,374.2,3401,113372,2,1
56687,83,1001.3,373.5,3402,113374,2,1
56688,83,1001,372.7,3402,113376,2,1
56689,83,1000.6,371.8,3402,113378,2,1
56690,83,1000.3,370.9,3402,113380,2,1
56691,83,1000.3,370.1,3402,113382,2,1
56692,83,1000.5,369.5,3402,113384,2,1
56693,83,1000.7,369.5,3402,113386,2,1
56694,83,1001,369.3,3402,113388,2,1
56695,83,1001.1,369.2,3402,113390,2,1
56696,83,1001.5,369.1,3402,113392,2,1
56697,83,1001.8,369,3402,113394,2,1
56698,83,1002,368.7,3402,113396,2,1
56699,83,1002.1,368.3,3402,113398,2,1
56700,83,1002.2,367.9,3402,113400,2,1
56701,83,1002.3,367.5,3402,113402,2,1
56702,83,1002.5,367.2,3402,113404,2,1
56703,83,1002.7,367.3,3402,113406,2,1
56704,83,1002.9,367.4,3403,113408,2,1
56705,83,1003.2,367.7,3403,113410,2,1
56706,83,1003.6,367.8,3403,113412,2,1
56707,83,1003.9,367.9,3403,113414,2,1
56708,83,1004.2,367.9,3403,113416,2,1
56709,83,1004.4,368,3403,113418,2,1
56710,83,1004.6,367.8,3403,113420,2,1
56711,83,1004.6,367.2,3403,113422,2,1
56712,83,1004.4,366.8,3403,113424,2,1
56713,83,1003.6,366.7,3403,113426,2,1
56714,83,1002.8,366.9,3403,113428,2,1
56715,83,1002.1,367.1,3403,113430,2,1
56716,83,1001.4,367.3,3403,113432,2,1
56717,83,1000.6,367.5,3403,113434,2,1
56718,83,999.8,367.8,3403,113436,2,1
56719,83,999,368,3403,113438,2,1
56720,83,998.8,368,3403,113440,2,1
56721,83,998.5,367.7,3404,113442,2,1
56722,83,998.2,367.4,3404,113444,2,1
56723,83,997.8,367.2,3404,113446,2,1
56724,83,997.6,367.1,3404,113448,2,1
56725,83,997.4,366.9,3404,113450,2,1
56726,83,997.8,366.7,3404,113452,2,1
56727,83,998.2,366.5,3404,113454,2,1
56728,83,998.6,366.4,3404,113456,2,1
56729,83,998.8,366.5,3404,113458,2,1
56730,83,998.8,366.7,3404,113460,2,1
56731,83,998.8,366.9,3404,113462,2,1
56732,83,998.7,367.1,3404,113464,2,1
56733,83,998.3,367.5,3404,113466,2,1
56734,83,997.9,367.8,3404,113468,2,1
56735,83,997.8,367.9,3404,113470,2,1
56736,83,997.8,367.9,3404,113472,2,1
56737,83,998.1,367.7,3405,113474,2,1
56738,83,998.3,367.3,3405,113476,2,1
56739,83,998.1,367,3405,113478,2,1
56740,83,997.9,366.6,3405,113480,2,1
56741,83,997.4,366.3,3405,113482,2,1
56742,83,996.7,366.3,3405,113484,2,1
56743,83,996,366.4,3405,113486,2,1
56744,83,995.3,366.4,3405,113488,2,1
56745,83,994.6,366.5,3405,113490,2,1
56746,83,994.3,366.5,3405,113492,2,1
56747,83,994,366.5,3405,113494,2,1
56748,83,993.8,366.5,3405,113496,2,1
56749,83,993.7,366.5,3405,113498,2,1
56750,83,993.7,366.4,3405,113500,2,1
56751,83,993.8,366.7,3405,113502,2,1
56752,83,995.8,367,3405,113504,2,1
56753,83,999.1,367,3405,113506,2,1
56754,83,1005.2,366.4,3406,113508,2,1
56755,83,1012.7,365.2,3406,113510,2,1
56756,83,1022.4,363.1,3406,113512,2,1
56757,83,1034,360.7,3406,113514,2,1
56758,83,1046.1,358,3406,113516,2,1
56759,83,1056.7,355.7,3406,113518,2,1
56760,83,1066.1,353.8,3406,113520,2,1
56761,83,1072.8,353.2,3406,113522,2,1
56762,83,1078.4,353.1,3406,113524,2,1
56763,83,1081.6,353.8,3406,113526,2,1
56764,83,1083.1,354.8,3406,113528,2,1
56765,83,1083.7,355.8,3406,113530,2,1
56766,83,1083.7,356.7,3406,113532,2,1
56767,83,1083.8,357.4,3406,113534,2,1
56768,83,1083.9,357.3,3406,113536,2,1
56769,83,1083.8,357.3,3406,113538,2,1
56770,83,1083.6,357.1,3406,113540,2,1
56771,83,1083.3,356.9,3407,113542,2,1
56772,83,1083,356.7,3407,113544,2,1
56773,83,1082.7,356.6,3407,113546,2,1
56774,83,1082.6,356.6,3407,113548,2,1
56775,83,1082.6,356.7,3407,113550,2,1
56776,83,1082.6,356.8,3407,113552,2,1
56777,83,1082.8,357.3,3407,113554,2,1
56778,83,1082.9,357.8,3407,113556,2,1
56779,83,1083.2,358.3,3407,113558,2,1
56780,83,1083.3,358.7,3407,113560,2,1
56781,83,1083.4,358.9,3407,113562,2,1
56782,83,1083.5,359.2,3407,113564,2,1
56783,83,1083.4,359.3,3407,113566,2,1
56784,83,1083.5,359.4,3407,113568,2,1
56785,83,1083.6,359.3,3407,113570,2,1
56786,83,1083.8,359.2,3407,113572,2,1
56787,83,1084,359.3,3408,113574,2,1
56788,83,1084,359.5,3408,113576,2,1
56789,83,1083.9,359.7,3408,113578,2,1
56790,83,1083.8,359.9,3408,113580,2,1
56791,83,1083.4,360.6,3408,113582,2,1
56792,83,1083,361.4,3408,113584,2,1
56793,83,1081.8,362.2,3408,113586,2,1
56794,83,1080.7,362.9,3408,113588,2,1
56795,83,1079.6,363.5,3408,113590,2,1
56796,83,1078.5,364.1,3408,113592,2,1
56797,83,1077.4,364.8,3408,113594,2,1
56798,83,1076.3,365.3,3408,113596,2,1
56799,83,1075.2,365.7,3408,113598,2,1
56800,83,1074.9,366.1,3408,113600,2,1
56801,83,1074.7,366.5,3408,113602,2,1
56802,83,1074.6,366.9,3408,113604,2,1
56803,83,1074.6,367.3,3408,113606,2,1
56804,83,1074.6,367.6,3409,113608,2,1
56805,83,1074.6,367.7,3409,113610,2,1
56806,83,1074.6,367.7,3409,113612,2,1
56807,83,1074.6,367.4,3409,113614,2,1
56808,83,1074.8,367.2,3409,113616,2,1
56809,83,1074.7,366.9,3409,113618,2,1
56810,83,1074.7,366.7,3409,113620,2,1
56811,83,1074.7,366.5,3409,113622,2,1
56812,83,1074.8,366.4,3409,113624,2,1
56813,83,1074.8,366.8,3409,113626,2,1
56814,83,1074.7,367.5,3409,113628,2,1
56815,83,1074.4,368.2,3409,113630,2,1
56816,83,1074,369,3409,113632,2,1
56817,83,1073.6,369.9,3409,113634,2,1
56818,83,1073.3,370.7,3409,113636,2,1
56819,83,1072.9,371.4,3409,113638,2,1
56820,83,1072.7,371.5,3409,113640,2,1
56821,83,1072.3,371.7,3410,113642,2,1
56822,83,1072,371.9,3410,113644,2,1
56823,83,1071.6,372.2,3410,113646,2,1
56824,83,1071.1,372.3,3410,113648,2,1
56825,83,1070.5,372.7,3410,113650,2,1
56826,83,1069.9,373.1,3410,113652,2,1
56827,83,1068.6,373.4,3410,113654,2,1
56828,83,1067.4,373.5,3410,113656,2,1
56829,83,1066.2,373.2,3410,113658,2,1
56830,83,1064.7,372.8,3410,113660,2,1
56831,83,1063.3,372.5,3410,113662,2,1
56832,83,1062.1,372.4,3410,113664,2,1
56833,83,1061.8,372.2,3410,113666,2,1
56834,83,1062.3,372,3410,113668,2,1
56835,83,1062.8,372.1,3410,113670,2,1
56836,83,1063.4,372.6,3410,113672,2,1
56837,83,1064.5,373,3411,113674,2,1
56838,83,1064.5,373.6,3411,113676,2,1
56839,83,1064.4,374,3411,113678,2,1
56840,83,1063.5,374.4,3411,113680,2,1
56841,83,1062.8,374.5,3411,113682,2,1
56842,83,1062,374.2,3411,113684,2,1
56843,83,1061.5,373.8,3411,113686,2,1
56844,83,1061.1,373.4,3411,113688,2,1
56845,83,1061.6,372.4,3411,113690,2,1
56846,83,1062.4,371.4,3411,113692,2,1
56847,83,1063.2,370.6,3411,113694,2,1
56848,83,1063.8,370.3,3411,113696,2,1
56849,83,1064.3,370.5,3411,113698,2,1
56850,83,1064.6,370.8,3411,113700,2,1
56851,83,1064.8,371.3,3411,113702,2,1
56852,83,1065.1,372.1,3411,113704,2,1
56853,83,1064.8,372.9,3411,113706,2,1
56854,83,1064.5,373.7,3412,113708,2,1
56855,83,1063.8,374.2,3412,113710,2,1
56856,83,1063.3,374.6,3412,113712,2,1
56857,83,1062.9,374.9,3412,113714,2,1
56858,83,1062.5,375,3412,113716,2,1
56859,83,1062.1,375,3412,113718,2,1
56860,83,1061.9,375,3412,113720,2,1
56861,83,1061.8,375,3412,113722,2,1
56862,83,1062.2,374.8,3412,113724,2,1
56863,83,1062.4,374.7,3412,113726,2,1
56864,83,1062.5,374.6,3412,113728,2,1
56865,83,1062.6,374.5,3412,113730,2,1
56866,83,1062.7,374.4,3412,113732,2,1
56867,83,1062.7,374.3,3412,113734,2,1
56868,83,1062.7,374.1,3412,113736,2,1
56869,83,1062.8,374,3412,113738,2,1
56870,83,1062.7,373.7,3412,113740,2,1
56871,83,1062.4,373.5,3413,113742,2,1
56872,83,1062,373.3,3413,113744,2,1
56873,83,1061.6,373.2,3413,113746,2,1
56874,83,1061.2,373.1,3413,113748,2,1
56875,83,1060.7,373.7,3413,113750,2,1
56876,83,1060,374.4,3413,113752,2,1
56877,83,1059.2,375.2,3413,113754,2,1
56878,83,1058.6,376,3413,113756,2,1
56879,83,1058,376.9,3413,113758,2,1
56880,83,1057.5,377.8,3413,113760,2,1
56881,83,1057,378.4,3413,113762,2,1
56882,83,1056.5,377.5,3413,113764,2,1
56883,83,1056.2,376.6,3413,113766,2,1
56884,83,1056,375.7,3413,113768,2,1
56885,83,1055.6,374.9,3413,113770,2,1
56886,83,1055.4,374,3413,113772,2,1
56887,83,1055.1,373.2,3414,113774,2,1
56888,83,1054.9,372.8,3414,113776,2,1
56889,83,1054.9,373.1,3414,113778,2,1
56890,83,1055,373.3,3414,113780,2,1
56891,83,1055.2,373.5,3414,113782,2,1
56892,83,1055.5,373.7,3414,113784,2,1
56893,83,1055.7,373.9,3414,113786,2,1
56894,83,1055.7,374,3414,113788,2,1
56895,83,1055.7,374,3414,113790,2,1
56896,83,1056.1,373.9,3414,113792,2,1
56897,83,1056.2,374,3414,113794,2,1
56898,83,1056.3,374.1,3414,113796,2,1
56899,83,1056.5,374.4,3414,113798,2,1
56900,83,1056.5,375.4,3414,113800,2,1
56901,83,1056.5,376.4,3414,113802,2,1
56902,83,1056.5,377.3,3414,113804,2,1
56903,83,1056,378.2,3414,113806,2,1
56904,83,1055.5,379,3415,113808,2,1
56905,83,1054.8,379.6,3415,113810,2,1
56906,83,1054.1,379.9,3415,113812,2,1
56907,83,1054,379.1,3415,113814,2,1
56908,83,1054.3,378.4,3415,113816,2,1
56909,83,1054.7,377.7,3415,113818,2,1
56910,83,1055,377.2,3415,113820,2,1
56911,83,1055.4,376.6,3415,113822,2,1
56912,83,1056,376.3,3415,113824,2,1
56913,83,1056.5,375.9,3415,113826,2,1
56914,83,1056.8,376,3415,113828,2,1
56915,83,1056.5,376.7,3415,113830,2,1
56916,83,1056,377.4,3415,113832,2,1
56917,83,1055.5,378.1,3415,113834,2,1
56918,83,1054.8,378.7,3415,113836,2,1
56919,83,1054.2,379.3,3415,113838,2,1
56920,83,1053.7,379.3,3415,113840,2,1
56921,83,1053.3,379.3,3416,113842,2,1
56922,83,1052.9,378.6,3416,113844,2,1
56923,83,1052.7,378.2,3416,113846,2,1
56924,83,1052.6,378,3416,113848,2,1
56925,83,1052.3,377.9,3416,113850,2,1
56926,83,1052,377.8,3416,113852,2,1
56927,83,1051.7,378.4,3416,113854,2,1
56928,83,1051.6,378.9,3416,113856,2,1
56929,83,1051.8,379.4,3416,113858,2,1
56930,83,1052.1,379.6,3416,113860,2,1
56931,83,1052.4,379.5,3416,113862,2,1
56932,83,1052.5,379.5,3416,113864,2,1
56933,83,1052,379.8,3416,113866,2,1
56934,83,1051.4,380.1,3416,113868,2,1
56935,83,1050.9,380.4,3416,113870,2,1
56936,83,1050,380.6,3416,113872,2,1
56937,83,1049.2,380.7,3417,113874,2,1
56938,83,1048.5,381.2,3417,113876,2,1
56939,83,1047.9,381.6,3417,113878,2,1
56940,83,1047.8,382,3417,113880,2,1
56941,83,1047.7,382.3,3417,113882,2,1
56942,83,1047.7,382.5,3417,113884,2,1
56943,83,1047.6,382.7,3417,113886,2,1
56944,83,1047.7,382.8,3417,113888,2,1
56945,83,1047.7,383,3417,113890,2,1
56946,83,1047.7,383.3,3417,113892,2,1
56947,83,1047.9,383.5,3417,113894,2,1
56948,83,1048,383.7,3417,113896,2,1
56949,83,1048.2,383.8,3417,113898,2,1
56950,83,1048.3,384,3417,113900,2,1
56951,83,1048.4,384.6,3417,113902,2,1
56952,83,1047.9,385.1,3417,113904,2,1
56953,83,1047.4,385.6,3417,113906,2,1
56954,83,1046.8,385.9,3418,113908,2,1
56955,83,1046.1,386.3,3418,113910,2,1
56956,83,1045.4,386.6,3418,113912,2,1
56957,83,1044.6,387,3418,113914,2,1
56958,83,1043.8,387,3418,113916,2,1
56959,83,1043.6,386.8,3418,113918,2,1
56960,83,1043.5,386.6,3418,113920,2,1
56961,83,1043.3,386.5,3418,113922,2,1
56962,83,1042.8,386.5,3418,113924,2,1
56963,83,1041.8,386.5,3418,113926,2,1
56964,83,1040.9,386.3,3418,113928,2,1
56965,83,1040.1,386.2,3418,113930,2,1
56966,83,1039.3,385.9,3418,113932,2,1
56967,83,1038.7,385.6,3418,113934,2,1
56968,83,1038.2,385.3,3418,113936,2,1
56969,83,1038,385.1,3418,113938,2,1
56970,83,1038.8,385.2,3418,113940,2,1
56971,83,1039.6,385.6,3419,113942,2,1
56972,83,1040.5,386.1,3419,113944,2,1
56973,83,1041.3,386.7,3419,113946,2,1
56974,83,1042,387.3,3419,113948,2,1
56975,83,1042.5,387.9,3419,113950,2,1
56976,83,1043.1,388.5,3419,113952,2,1
56977,83,1042.9,388.4,3419,113954,2,1
56978,83,1042.7,387.8,3419,113956,2,1
56979,83,1042.5,387.1,3419,113958,2,1
56980,83,1042.3,386.4,3419,113960,2,1
56981,83,1042.1,385.6,3419,113962,2,1
56982,83,1041.8,384.9,3419,113964,2,1
56983,83,1041.5,384.4,3419,113966,2,1
56984,83,1041.3,385.1,3419,113968,2,1
56985,83,1040.8,386,3419,113970,2,1
56986,83,1040.3,386.8,3419,113972,2,1
56987,83,1039.8,387.7,3420,113974,2,1
56988,83,1039.5,388.6,3420,113976,2,1
56989,83,1039.1,389.5,3420,113978,2,1
56990,83,1038.7,390.3,3420,113980,2,1
56991,83,1038.4,390.5,3420,113982,2,1
56992,83,1038.7,390.6,3420,113984,2,1
56993,83,1038.9,390.7,3420,113986,2,1
56994,83,1039.1,390.4,3420,113988,2,1
56995,83,1039.4,390.1,3420,113990,2,1
56996,83,1039.7,389.7,3420,113992,2,1
56997,83,1039.9,389.4,3420,113994,2,1
56998,83,1040,389.3,3420,113996,2,1
56999,83,1039.9,389.3,3420,113998,2,1
57000,83,1039.8,389.3,3420,114000,2,1
57001,83,1039.7,389.6,3420,114002,2,1
57002,83,1039.5,389.9,3420,114004,2,1
57003,83,1039.3,390.2,3420,114006,2,1
57004,83,1039.3,390.3,3421,114008,2,1
57005,83,1039.3,390.4,3421,114010,2,1
57006,83,1039.3,390.2,3421,114012,2,1
57007,83,1039.5,390.1,3421,114014,2,1
57008,83,1039.9,390.1,3421,114016,2,1
57009,83,1040.2,390.2,3421,114018,2,1
57010,83,1040.5,390.4,3421,114020,2,1
57011,83,1040.9,390.6,3421,114022,2,1
57012,83,1041.3,390.9,3421,114024,2,1
57013,83,1041.8,391.2,3421,114026,2,1
57014,83,1042.1,391.4,3421,114028,2,1
57015,83,1042.3,391.3,3421,114030,2,1
57016,83,1042.5,391.4,3421,114032,2,1
57017,83,1042.7,391.3,3421,114034,2,1
57018,83,1043.2,391.1,3421,114036,2,1
57019,83,1043.4,390.8,3421,114038,2,1
57020,83,1044.1,390.5,3421,114040,2,1
57021,83,1044.7,389.9,3422,114042,2,1
57022,83,1045.3,389.5,3422,114044,2,1
57023,83,1045.8,389.2,3422,114046,2,1
57024,83,1046.3,388.8,3422,114048,2,1
57025,83,1046.6,388.5,3422,114050,2,1
57026,83,1047.1,388.2,3422,114052,2,1
57027,83,1047.1,388,3422,114054,2,1
57028,83,1047.3,388.4,3422,114056,2,1
57029,83,1047.5,389.1,3422,114058,2,1
57030,83,1047.8,389.8,3422,114060,2,1
57031,83,1048.1,390.5,3422,114062,2,1
57032,83,1048.5,391.2,3422,114064,2,1
57033,83,1048.8,391.9,3422,114066,2,1
57034,83,1049,392.6,3422,114068,2,1
57035,83,1049.2,393,3422,114070,2,1
57036,83,1049.3,393.2,3422,114072,2,1
57037,83,1049.2,393.5,3423,114074,2,1
57038,83,1049.1,393.6,3423,114076,2,1
57039,83,1048.8,393.7,3423,114078,2,1
57040,83,1048.6,393.8,3423,114080,2,1
57041,83,1047.7,393.9,3423,114082,2,1
57042,83,1046.7,394,3423,114084,2,1
57043,83,1045.6,394.1,3423,114086,2,1
57044,83,1044.5,394.1,3423,114088,2,1
57045,83,1043.5,393.9,3423,114090,2,1
57046,83,1042.5,393.7,3423,114092,2,1
57047,83,1041.5,393.5,3423,114094,2,1
57048,83,1041,393.4,3423,114096,2,1
57049,83,1040.6,393.3,3423,114098,2,1
57050,83,1040,393.5,3423,114100,2,1
57051,83,1039.6,393.5,3423,114102,2,1
57052,83,1039.2,393.8,3423,114104,2,1
57053,83,1038.7,394.1,3423,114106,2,1
57054,83,1038.3,394.5,3424,114108,2,1
57055,83,1038,395.2,3424,114110,2,1
57056,83,1037.8,396,3424,114112,2,1
57057,83,1037.7,396.8,3424,114114,2,1
57058,83,1037.6,397.7,3424,114116,2,1
57059,83,1037.2,398.8,3424,114118,2,1
57060,83,1036.6,399.9,3424,114120,2,1
57061,83,1036.1,400.9,3424,114122,2,1
57062,83,1035.3,401.4,3424,114124,2,1
57063,83,1034.5,401.6,3424,114126,2,1
57064,83,1033.5,401.7,3424,114128,2,1
57065,83,1032.4,401.7,3424,114130,2,1
57066,83,1031.8,401.5,3424,114132,2,1
57067,83,1031.2,401.4,3424,114134,2,1
57068,83,1030.4,401.3,3424,114136,2,1
57069,83,1029.7,401.4,3424,114138,2,1
57070,83,1028,401.8,3424,114140,2,1
57071,83,1026,402.2,3425,114142,2,1
57072,83,1023.8,402.3,3425,114144,2,1
57073,83,1018.3,400.7,3425,114146,2,1
57074,83,1011.9,399,3425,114148,2,1
57075,83,1002.2,395.9,3425,114150,2,1
57076,83,991.4,392.5,3425,114152,2,1
57077,83,978.4,388.2,3425,114154,2,1
57078,83,964,382.7,3425,114156,2,1
57079,83,947.8,378,3425,114158,2,1
57080,83,933.9,375,3425,114160,2,1
57081,83,919.8,372.2,3425,114162,2,1
57082,83,909.3,370.5,3425,114164,2,1
57083,83,898.7,369.3,3425,114166,2,1
57084,83,891.2,368.7,3425,114168,2,1
57085,83,885.7,369.5,3425,114170,2,1
57086,83,882,370.5,3425,114172,2,1
57087,83,879.1,371.8,3426,114174,2,1
57088,83,877.1,373.3,3426,114176,2,1
57089,83,875,374.7,3426,114178,2,1
57090,83,874,375.9,3426,114180,2,1
57091,83,873.1,376.9,3426,114182,2,1
57092,83,872.1,377.6,3426,114184,2,1
57093,83,871.2,378.1,3426,114186,2,1
57094,83,870.6,378.1,3426,114188,2,1
57095,83,869.4,378,3426,114190,2,1
57096,83,868.3,378.2,3426,114192,2,1
57097,83,867.4,378.6,3426,114194,2,1
57098,83,866.5,379.4,3426,114196,2,1
57099,83,865.9,380.2,3426,114198,2,1
57100,83,865.2,380.9,3426,114200,2,1
57101,83,864.8,381.5,3426,114202,2,1
57102,83,865,381.6,3426,114204,2,1
57103,83,865.3,381.7,3426,114206,2,1
57104,83,865.5,381,3427,114208,2,1
57105,83,865.8,380.4,3427,114210,2,1
57106,83,866.1,379.6,3427,114212,2,1
57107,83,866.3,378.9,3427,114214,2,1
57108,83,866.3,378.3,3427,114216,2,1
57109,83,866.3,378,3427,114218,2,1
57110,83,866.3,377.8,3427,114220,2,1
57111,83,866.3,378.1,3427,114222,2,1
57112,83,866.4,378.3,3427,114224,2,1
57113,83,866.2,378.7,3427,114226,2,1
57114,83,865.9,379.1,3427,114228,2,1
57115,83,865.6,379.6,3427,114230,2,1
57116,83,865.4,380.1,3427,114232,2,1
57117,83,865.1,380.6,3427,114234,2,1
57118,83,864.7,381,3427,114236,2,1
57119,83,864.2,381.3,3427,114238,2,1
57120,83,864,381.6,3427,114240,2,1
57121,83,863.9,381.8,3428,114242,2,1
57122,83,863.8,382,3428,114244,2,1
57123,83,863.9,381.9,3428,114246,2,1
57124,83,864,381.8,3428,114248,2,1
57125,83,864.5,381.7,3428,114250,2,1
57126,83,865,381.8,3428,114252,2,1
57127,83,865.6,381.8,3428,114254,2,1
57128,83,866.2,381.8,3428,114256,2,1
57129,83,866.8,381.8,3428,114258,2,1
57130,83,867.2,381.8,3428,114260,2,1
57131,83,867.6,381.8,3428,114262,2,1
57132,83,867.7,381.8,3428,114264,2,1
57133,83,867.5,381.7,3428,114266,2,1
57134,83,867.1,381.9,3428,114268,2,1
57135,83,866.7,382.1,3428,114270,2,1
57136,83,866.3,382.5,3428,114272,2,1
57137,83,865.7,383.2,3429,114274,2,1
57138,83,865.2,383.8,3429,114276,2,1
57139,83,864.4,384.4,3429,114278,2,1
57140,83,863.8,384.9,3429,114280,2,1
57141,83,862.9,385.1,3429,114282,2,1
57142,83,862.1,385.4,3429,114284,2,1
57143,83,861.5,385.5,3429,114286,2,1
57144,83,861.5,385.4,3429,114288,2,1
57145,83,861.5,385.3,3429,114290,2,1
57146,83,862,385.2,3429,114292,2,1
57147,83,862.5,385.1,3429,114294,2,1
57148,83,863.3,385,3429,114296,2,1
57149,83,863.8,384.9,3429,114298,2,1
57150,83,863.9,384.9,3429,114300,2,1
57151,83,863.1,384.9,3429,114302,2,1
57152,83,862.2,385,3429,114304,2,1
57153,83,861.3,385.2,3429,114306,2,1
57154,83,860.3,385.4,3430,114308,2,1
57155,83,859.4,385.6,3430,114310,2,1
57156,83,858.6,385.8,3430,114312,2,1
57157,83,858.1,386,3430,114314,2,1
57158,83,858,386.2,3430,114316,2,1
57159,83,857.8,386.4,3430,114318,2,1
57160,83,857.6,386.5,3430,114320,2,1
57161,83,857.5,386.3,3430,114322,2,1
57162,83,857.9,386.1,3430,114324,2,1
57163,83,858.3,385.6,3430,114326,2,1
57164,83,858.7,385.1,3430,114328,2,1
57165,83,859.2,384.5,3430,114330,2,1
57166,83,859.5,384.1,3430,114332,2,1
57167,83,859.7,383.7,3430,114334,2,1
57168,83,859.9,383.5,3430,114336,2,1
57169,83,859.4,383.6,3430,114338,2,1
57170,83,858.9,384.2,3430,114340,2,1
57171,83,858.5,384.7,3431,114342,2,1
57172,83,858,385.4,3431,114344,2,1
57173,83,857.6,386.1,3431,114346,2,1
57174,83,856.9,386.9,3431,114348,2,1
57175,83,856.3,387.4,3431,114350,2,1
57176,83,855.7,387.9,3431,114352,2,1
57177,83,855.2,388.4,3431,114354,2,1
57178,83,854.7,388.7,3431,114356,2,1
57179,83,854.6,389.1,3431,114358,2,1
57180,83,854.5,389.3,3431,114360,2,1
57181,83,854.8,389.3,3431,114362,2,1
57182,83,855.1,389.4,3431,114364,2,1
57183,83,855.4,389.5,3431,114366,2,1
57184,83,855.6,389.8,3431,114368,2,1
57185,83,855.6,390.1,3431,114370,2,1
57186,83,855.4,390.3,3431,114372,2,1
57187,83,855.2,390.5,3432,114374,2,1
57188,83,854.9,390.6,3432,114376,2,1
57189,83,854.4,390.8,3432,114378,2,1
57190,83,854,391,3432,114380,2,1
57191,83,853.5,391.2,3432,114382,2,1
57192,83,853.2,391.4,3432,114384,2,1
57193,83,852.9,391.4,3432,114386,2,1
57194,83,853,391.4,3432,114388,2,1
57195,83,853.1,391.5,3432,114390,2,1
57196,83,853.4,391.6,3432,114392,2,1
57197,83,853.6,391.7,3432,114394,2,1
57198,83,853.9,391.8,3432,114396,2,1
57199,83,854.1,391.9,3432,114398,2,1
57200,83,854.4,392,3432,114400,2,1
57201,83,854.5,392.1,3432,114402,2,1
57202,83,854.6,392.2,3432,114404,2,1
57203,83,854.8,392.3,3432,114406,2,1
57204,83,855,392.6,3433,114408,2,1
57205,83,855.2,392.7,3433,114410,2,1
57206,83,855.5,393,3433,114412,2,1
57207,83,855.7,393.4,3433,114414,2,1
57208,83,855.9,393.9,3433,114416,2,1
57209,83,856,394.4,3433,114418,2,1
57210,83,856,394.8,3433,114420,2,1
57211,83,856.2,395.1,3433,114422,2,1
57212,83,856.5,395.3,3433,114424,2,1
57213,83,856.7,395.6,3433,114426,2,1
57214,83,857,395.8,3433,114428,2,1
57215,83,857.3,396.1,3433,114430,2,1
57216,83,857.5,396.3,3433,114432,2,1
57217,83,857.8,396.6,3433,114434,2,1
57218,83,858,396.9,3433,114436,2,1
57219,83,858.1,397.4,3433,114438,2,1
57220,83,858.1,398,3433,114440,2,1
57221,83,858,398.5,3434,114442,2,1
57222,83,858.3,398.7,3434,114444,2,1
57223,83,858.6,398.7,3434,114446,2,1
57224,83,858.8,398.6,3434,114448,2,1
57225,83,858.7,398.7,3434,114450,2,1
57226,83,857.9,399.1,3434,114452,2,1
57227,83,857.2,399.4,3434,114454,2,1
57228,83,856.6,399.9,3434,114456,2,1
57229,83,855.9,400.3,3434,114458,2,1
57230,83,855.2,400.7,3434,114460,2,1
57231,83,854.7,401.1,3434,114462,2,1
57232,83,854.5,401.5,3434,114464,2,1
57233,83,855,400.4,3434,114466,2,1
57234,83,854.7,398.2,3434,114468,2,1
57235,83,854.4,394.4,3434,114470,2,1
57236,83,854,390.5,3434,114472,2,1
57237,83,853.5,385.4,3435,114474,2,1
57238,83,853,380.4,3435,114476,2,1
57239,83,852.5,375.4,3435,114478,2,1
57240,83,851.8,372,3435,114480,2,1
57241,83,851.5,370,3435,114482,2,1
57242,83,851.2,369.6,3435,114484,2,1
57243,83,850.8,369.2,3435,114486,2,1
57244,83,850.5,370.2,3435,114488,2,1
57245,83,850.1,371.3,3435,114490,2,1
57246,83,849.8,372.3,3435,114492,2,1
57247,83,849.4,373.4,3435,114494,2,1
57248,83,849,374.2,3435,114496,2,1
57249,83,848.7,375.1,3435,114498,2,1
57250,83,848.3,375.9,3435,114500,2,1
57251,83,847.9,376.2,3435,114502,2,1
57252,83,847.6,376.5,3435,114504,2,1
57253,83,847.3,376.5,3435,114506,2,1
57254,83,847.1,376.6,3436,114508,2,1
57255,83,847.1,376.6,3436,114510,2,1
57256,83,847.2,376.5,3436,114512,2,1
57257,83,847.3,376.4,3436,114514,2,1
57258,83,847.5,376.5,3436,114516,2,1
57259,83,847.6,376.6,3436,114518,2,1
57260,83,847.7,376.8,3436,114520,2,1
57261,83,847.8,377,3436,114522,2,1
57262,83,847.7,377.3,3436,114524,2,1
57263,83,847.5,377.4,3436,114526,2,1
57264,83,847.2,377.5,3436,114528,2,1
57265,83,846.8,377.6,3436,114530,2,1
57266,83,846.5,377.6,3436,114532,2,1
57267,83,846.2,377.8,3436,114534,2,1
57268,83,845.9,378.1,3436,114536,2,1
57269,83,845.6,378.4,3436,114538,2,1
57270,83,845.4,378.6,3436,114540,2,1
57271,83,845.3,378.9,3437,114542,2,1
57272,83,845.1,379.1,3437,114544,2,1
57273,83,845,379.5,3437,114546,2,1
57274,83,844.9,380,3437,114548,2,1
57275,83,844.8,380.4,3437,114550,2,1
57276,83,844.6,380.8,3437,114552,2,1
57277,83,844.4,381,3437,114554,2,1
57278,83,844.3,381.1,3437,114556,2,1
57279,83,844.2,381.4,3437,114558,2,1
57280,83,844.1,381.6,3437,114560,2,1
57281,83,844.1,381.7,3437,114562,2,1
57282,83,844,381.9,3437,114564,2,1
57283,83,844,382.1,3437,114566,2,1
57284,83,844,382.5,3437,114568,2,1
57285,83,844.1,382.8,3437,114570,2,1
57286,83,844.2,383,3437,114572,2,1
57287,83,844.2,383.1,3438,114574,2,1
57288,83,844.2,383.1,3438,114576,2,1
57289,83,844.3,383.1,3438,114578,2,1
57290,83,844.4,383.1,3438,114580,2,1
57291,83,844.5,383.1,3438,114582,2,1
57292,83,844.5,383.2,3438,114584,2,1
57293,83,844.4,383.3,3438,114586,2,1
57294,83,844.2,383.6,3438,114588,2,1
57295,83,844,383.8,3438,114590,2,1
57296,83,843.8,383.9,3438,114592,2,1
57297,83,843.6,384.2,3438,114594,2,1
57298,83,843.4,384.5,3438,114596,2,1
57299,83,843.3,384.7,3438,114598,2,1
57300,83,843.2,384.9,3438,114600,2,1
57301,83,843.3,385,3438,114602,2,1
57302,83,843.4,385.1,3438,114604,2,1
57303,83,843.6,385.2,3438,114606,2,1
57304,83,843.7,385,3439,114608,2,1
57305,83,843.9,384.9,3439,114610,2,1
57306,83,844.2,384.8,3439,114612,2,1
57307,83,844.5,384.8,3439,114614,2,1
57308,83,844.6,385.1,3439,114616,2,1
57309,83,844.7,385.5,3439,114618,2,1
57310,83,844.8,385.9,3439,114620,2,1
57311,83,844.8,386.3,3439,114622,2,1
57312,83,844.9,386.7,3439,114624,2,1
57313,83,844.7,387.2,3439,114626,2,1
57314,83,844.5,387.8,3439,114628,2,1
57315,83,843.9,388.1,3439,114630,2,1
57316,83,843.2,388.3,3439,114632,2,1
57317,83,842.6,388.6,3439,114634,2,1
57318,83,841.9,388.7,3439,114636,2,1
57319,83,841.3,388.9,3439,114638,2,1
57320,83,840.7,389,3439,114640,2,1
57321,83,840.1,388.9,3440,114642,2,1
57322,83,840,388.9,3440,114644,2,1
57323,83,839.8,388.9,3440,114646,2,1
57324,83,839.7,389.6,3440,114648,2,1
57325,83,839.5,390.3,3440,114650,2,1
57326,83,839.7,390.9,3440,114652,2,1
57327,83,839.8,391.4,3440,114654,2,1
57328,83,840.3,391.9,3440,114656,2,1
57329,83,841,392.5,3440,114658,2,1
57330,83,841.8,392.8,3440,114660,2,1
57331,83,842.5,392.3,3440,114662,2,1
57332,83,843.1,392,3440,114664,2,1
57333,83,843.5,391.7,3440,114666,2,1
57334,83,843.8,391.4,3440,114668,2,1
57335,83,843.8,391.2,3440,114670,2,1
57336,83,843.4,391.1,3440,114672,2,1
57337,83,843.1,391.1,3441,114674,2,1
57338,83,842.6,391.7,3441,114676,2,1
57339,83,842.2,392.1,3441,114678,2,1
57340,83,841.7,392.4,3441,114680,2,1
57341,83,841.4,392.5,3441,114682,2,1
57342,83,841.4,392.4,3441,114684,2,1
57343,83,841.4,392.4,3441,114686,2,1
57344,83,841.4,392.1,3441,114688,2,1
57345,83,841.4,391.9,3441,114690,2,1
57346,83,841.4,391.9,3441,114692,2,1
57347,83,841.2,391.7,3441,114694,2,1
57348,83,841,391.7,3441,114696,2,1
57349,83,840.7,391.7,3441,114698,2,1
57350,83,840.5,391.8,3441,114700,2,1
57351,83,840.2,391.9,3441,114702,2,1
57352,83,840.1,391.9,3441,114704,2,1
57353,83,840.1,391.9,3441,114706,2,1
57354,83,840.2,391.9,3442,114708,2,1
57355,83,840.3,391.9,3442,114710,2,1
57356,83,840.5,391.8,3442,114712,2,1
57357,83,840.6,391.8,3442,114714,2,1
57358,83,841,391.8,3442,114716,2,1
57359,83,841.2,391.7,3442,114718,2,1
57360,83,841.5,391.6,3442,114720,2,1
57361,83,841.7,391.4,3442,114722,2,1
57362,83,841.8,391.2,3442,114724,2,1
57363,83,841.9,391,3442,114726,2,1
57364,83,842.1,390.8,3442,114728,2,1
57365,83,842.1,390.6,3442,114730,2,1
57366,83,842.1,390.4,3442,114732,2,1
57367,83,842.2,390.4,3442,114734,2,1
57368,83,842.5,390.6,3442,114736,2,1
57369,83,842.8,390.8,3442,114738,2,1
57370,83,843.1,391,3442,114740,2,1
57371,83,843.3,391.7,3443,114742,2,1
57372,83,843.3,392.6,3443,114744,2,1
57373,83,843.2,393.7,3443,114746,2,1
57374,83,843,394.8,3443,114748,2,1
57375,83,842.7,395.7,3443,114750,2,1
57376,83,842.4,396.7,3443,114752,2,1
57377,83,842.1,397.8,3443,114754,2,1
57378,83,841.9,398.5,3443,114756,2,1
57379,83,841.9,399,3443,114758,2,1
57380,83,842,399.3,3443,114760,2,1
57381,83,842.3,399.4,3443,114762,2,1
57382,83,842.5,399.5,3443,114764,2,1
57383,83,842.7,399.7,3443,114766,2,1
57384,83,842.9,399.8,3443,114768,2,1
57385,83,843.1,400,3443,114770,2,1
57386,83,843.3,400.2,3443,114772,2,1
57387,83,843.5,400.3,3444,114774,2,1
57388,83,843.7,400.5,3444,114776,2,1
57389,83,844.1,400.6,3444,114778,2,1
57390,83,844.5,400.7,3444,114780,2,1
57391,83,844.9,400.7,3444,114782,2,1
57392,83,845.2,400.7,3444,114784,2,1
57393,83,845.5,400.7,3444,114786,2,1
57394,83,845.6,400.7,3444,114788,2,1
57395,83,845.8,400.7,3444,114790,2,1
57396,83,845.8,400.9,3444,114792,2,1
57397,83,845.9,401,3444,114794,2,1
57398,83,846.1,401,3444,114796,2,1
57399,83,846.3,401.2,3444,114798,2,1
57400,83,846.6,401.2,3444,114800,2,1
57401,83,846.8,401.4,3444,114802,2,1
57402,83,847.1,401.7,3444,114804,2,1
57403,83,847.4,402.1,3444,114806,2,1
57404,83,847.5,402,3445,114808,2,1
57405,83,847.7,401.8,3445,114810,2,1
57406,83,847.8,401.4,3445,114812,2,1
57407,83,848,400.9,3445,114814,2,1
57408,83,848.3,399.7,3445,114816,2,1
57409,83,848.8,398.3,3445,114818,2,1
57410,83,849.3,396.8,3445,114820,2,1
57411,83,850.5,395.7,3445,114822,2,1
57412,83,852,395.1,3445,114824,2,1
57413,83,853.5,398.9,3445,114826,2,1
57414,83,855.2,407,3445,114828,2,1
57415,83,857.7,418.7,3445,114830,2,1
57416,83,861.4,439.1,3445,114832,2,1
57417,83,866.2,467.8,3445,114834,2,1
57418,83,870.6,507.5,3445,114836,2,1
57419,83,875.4,559.6,3445,114838,2,1
57420,83,886.3,634.3,3445,114840,2,1
57421,83,902.7,705.6,3446,114842,2,1
57422,83,935.7,737.4,3446,114844,2,1
57423,83,964,724.6,3446,114846,2,1
57424,83,1000.4,812.7,3446,114848,2,1
57425,83,1010.2,1012.6,3446,114850,2,1
57426,83,-9999,-9999,3446,114852,2,1
57427,83,-9999,-9999,3446,114854,2,1
57428,83,-9999,-9999,3446,114856,2,1
57429,83,-9999,-9999,3446,114858,2,1
57430,83,-9999,-9999,3446,114860,2,1
57431,83,-9999,-9999,3446,114862,2,1
57432,83,-9999,-9999,3446,114864,2,1
57433,83,-9999,-9999,3446,114866,2,1
57434,83,-9999,-9999,3446,114868,2,1
57435,83,-9999,-9999,3446,114870,2,1
57436,83,-9999,-9999,3446,114872,2,1
57437,83,-9999,-9999,3447,114874,2,1
57438,83,-9999,-9999,3447,114876,2,1
57439,83,-9999,-9999,3447,114878,2,1
57440,83,-9999,-9999,3447,114880,2,1
57441,83,-9999,-9999,3447,114882,2,1
57442,83,-9999,-9999,3447,114884,2,1
57443,83,-9999,-9999,3447,114886,2,1
57444,83,-9999,-9999,3447,114888,2,1
57445,83,-9999,-9999,3447,114890,2,1
57446,83,-9999,-9999,3447,114892,2,1
57447,83,-9999,-9999,3447,114894,2,1
57448,83,-9999,-9999,3447,114896,2,1
57449,83,-9999,-9999,3447,114898,2,1
57450,83,-9999,-9999,3447,114900,2,1
57451,83,-9999,-9999,3447,114902,2,1
57452,83,-9999,-9999,3447,114904,2,1
57453,83,-9999,-9999,3447,114906,2,1
57454,83,1272.3,1021.9,3448,114908,2,1
57455,83,1202.7,940.2,3448,114910,2,1
57456,83,1135.6,858.1,3448,114912,2,1
57457,83,1071.1,776.9,3448,114914,2,1
57458,83,1010.4,705.9,3448,114916,2,1
57459,83,955.8,640.6,3448,114918,2,1
57460,83,913.1,619.3,3448,114920,2,1
57461,83,878.7,593.5,3448,114922,2,1
57462,83,876.3,568.1,3448,114924,2,1
57463,83,874.1,546.4,3448,114926,2,1
57464,83,872.4,529.9,3448,114928,2,1
57465,83,871,510.3,3448,114930,2,1
57466,83,870.5,494.2,3448,114932,2,1
57467,83,869.9,478,3448,114934,2,1
57468,83,869.2,465,3448,114936,2,1
57469,83,868.8,452.4,3448,114938,2,1
57470,83,868.5,441.9,3448,114940,2,1
57471,83,868.2,432.7,3449,114942,2,1
57472,83,867.9,426.6,3449,114944,2,1
57473,83,867.6,421.1,3449,114946,2,1
57474,83,867.5,414.6,3449,114948,2,1
57475,83,867.5,408.2,3449,114950,2,1
57476,83,867.6,404.8,3449,114952,2,1
57477,83,867.5,400.6,3449,114954,2,1
57478,83,867.4,397.6,3449,114956,2,1
57479,83,867.2,394.6,3449,114958,2,1
57480,83,867.1,392.2,3449,114960,2,1
57481,83,867.1,391,3449,114962,2,1
57482,83,867.3,389.9,3449,114964,2,1
57483,83,867.4,389,3449,114966,2,1
57484,83,867.7,388.8,3449,114968,2,1
57485,83,867.9,388.7,3449,114970,2,1
57486,83,868,388.7,3449,114972,2,1
57487,83,868,388.9,3450,114974,2,1
57488,83,867.8,389.1,3450,114976,2,1
57489,83,867.2,389.7,3450,114978,2,1
57490,83,866.6,390.2,3450,114980,2,1
57491,83,866.1,390.8,3450,114982,2,1
57492,83,865.6,390.6,3450,114984,2,1
57493,83,865.1,390.2,3450,114986,2,1
57494,83,864.6,389.6,3450,114988,2,1
57495,83,864.4,388.8,3450,114990,2,1
57496,83,864.3,387.5,3450,114992,2,1
57497,83,864.1,386.1,3450,114994,2,1
57498,83,863.8,384.5,3450,114996,2,1
57499,83,863.2,383.6,3450,114998,2,1
57500,83,862.7,381.8,3450,115000,2,1
57501,83,862.2,380.2,3450,115002,2,1
57502,83,861.7,378,3450,115004,2,1
57503,83,861.1,375.3,3450,115006,2,1
57504,83,860.5,372.7,3451,115008,2,1
57505,83,859.8,370.4,3451,115010,2,1
57506,83,859.2,368.1,3451,115012,2,1
57507,83,858.6,366.8,3451,115014,2,1
57508,83,857.9,365.6,3451,115016,2,1
57509,83,857.2,364.9,3451,115018,2,1
57510,83,856.5,365.3,3451,115020,2,1
57511,83,856,365.9,3451,115022,2,1
57512,83,855.6,367.7,3451,115024,2,1
57513,83,856.2,370.4,3451,115026,2,1
57514,83,856.8,373,3451,115028,2,1
57515,83,857.4,375.5,3451,115030,2,1
57516,83,857.7,378.1,3451,115032,2,1
57517,83,858.1,380.6,3451,115034,2,1
57518,83,858.6,383.2,3451,115036,2,1
57519,83,859.3,384.9,3451,115038,2,1
57520,83,859.3,385.7,3451,115040,2,1
57521,83,859.4,387.1,3452,115042,2,1
57522,83,859.6,388.5,3452,115044,2,1
57523,83,860.2,390,3452,115046,2,1
57524,83,860.6,391.3,3452,115048,2,1
57525,83,860.9,392.3,3452,115050,2,1
57526,83,861.1,393.1,3452,115052,2,1
57527,83,861.4,393.6,3452,115054,2,1
57528,83,861.7,393.5,3452,115056,2,1
57529,83,862,393.3,3452,115058,2,1
57530,83,862.4,393,3452,115060,2,1
57531,83,862.9,392.8,3452,115062,2,1
57532,83,863.4,392.6,3452,115064,2,1
57533,83,863.8,392.5,3452,115066,2,1
57534,83,864.2,392.3,3452,115068,2,1
57535,83,864.6,391.7,3452,115070,2,1
57536,83,865.7,391.2,3452,115072,2,1
57537,83,866.5,390.7,3453,115074,2,1
57538,83,867.3,390.2,3453,115076,2,1
57539,83,868.8,389.5,3453,115078,2,1
57540,83,870.2,388.9,3453,115080,2,1
57541,83,871.6,388.3,3453,115082,2,1
57542,83,873,387.8,3453,115084,2,1
57543,83,873.7,387.7,3453,115086,2,1
57544,83,874.3,387.6,3453,115088,2,1
57545,83,875,387.3,3453,115090,2,1
57546,83,874.9,387.1,3453,115092,2,1
57547,83,874.7,386.9,3453,115094,2,1
57548,83,874.5,386.3,3453,115096,2,1
57549,83,874.1,385.7,3453,115098,2,1
57550,83,873.9,384.8,3453,115100,2,1
57551,83,873.5,384.1,3453,115102,2,1
57552,83,873.2,383.5,3453,115104,2,1
57553,83,872.9,383.1,3453,115106,2,1
57554,83,872.7,383.1,3454,115108,2,1
57555,83,872.3,383.6,3454,115110,2,1
57556,83,872,384.4,3454,115112,2,1
57557,83,871.5,385.1,3454,115114,2,1
57558,83,870.7,385.9,3454,115116,2,1
57559,83,869.8,386.7,3454,115118,2,1
57560,83,868.9,387.5,3454,115120,2,1
57561,83,868.1,387.6,3454,115122,2,1
57562,83,867.7,387.4,3454,115124,2,1
57563,83,867.4,387.2,3454,115126,2,1
57564,83,867.3,387.2,3454,115128,2,1
57565,83,868.3,387.1,3454,115130,2,1
57566,83,869.2,387.6,3454,115132,2,1
57567,83,870.1,388.3,3454,115134,2,1
57568,83,870.9,389,3454,115136,2,1
57569,83,871.8,389.5,3454,115138,2,1
57570,83,872.4,390.1,3454,115140,2,1
57571,83,872.9,390.7,3455,115142,2,1
57572,83,872.9,391.2,3455,115144,2,1
57573,83,872.9,391,3455,115146,2,1
57574,83,873,390.8,3455,115148,2,1
57575,83,873.2,390.7,3455,115150,2,1
57576,83,874,391.5,3455,115152,2,1
57577,83,875.7,392.9,3455,115154,2,1
57578,83,877.4,395.2,3455,115156,2,1
57579,83,879.1,398.9,3455,115158,2,1
57580,83,881.1,404.6,3455,115160,2,1
57581,83,883.1,410.5,3455,115162,2,1
57582,83,885.1,416.6,3455,115164,2,1
57583,83,886.6,421.9,3455,115166,2,1
57584,83,887.2,426.6,3455,115168,2,1
57585,83,887.7,430.4,3455,115170,2,1
57586,83,888.2,432.7,3455,115172,2,1
57587,83,888.4,432.6,3456,115174,2,1
57588,83,888.4,430.9,3456,115176,2,1
57589,83,888.5,429,3456,115178,2,1
57590,83,888.5,426.9,3456,115180,2,1
57591,83,888.6,425.5,3456,115182,2,1
57592,83,888.7,424.2,3456,115184,2,1
57593,83,889,423.8,3456,115186,2,1
57594,83,889.3,423.9,3456,115188,2,1
57595,83,889.6,425.3,3456,115190,2,1
57596,83,889.8,426.7,3456,115192,2,1
57597,83,890.1,428.2,3456,115194,2,1
57598,83,890.6,429,3456,115196,2,1
57599,83,891.2,429.6,3456,115198,2,1
57600,83,891.7,429.5,3456,115200,2,1
57601,83,892.2,429.3,3456,115202,2,1
57602,83,892.7,428.6,3456,115204,2,1
57603,83,893.2,428.2,3456,115206,2,1
57604,83,893.6,427.8,3457,115208,2,1
57605,83,893.7,428,3457,115210,2,1
57606,83,893.8,428,3457,115212,2,1
57607,83,893.8,428.1,3457,115214,2,1
57608,83,893.3,427.7,3457,115216,2,1
57609,83,892.9,427.8,3457,115218,2,1
57610,83,892.4,427.8,3457,115220,2,1
57611,83,891.8,427.7,3457,115222,2,1
57612,83,891.3,427.4,3457,115224,2,1
57613,83,890.8,427.1,3457,115226,2,1
57614,83,890.4,426.9,3457,115228,2,1
57615,83,890.5,427.3,3457,115230,2,1
57616,83,890.5,427.8,3457,115232,2,1
57617,83,890.3,428,3457,115234,2,1
57618,83,890.1,427.8,3457,115236,2,1
57619,83,889.9,427.2,3457,115238,2,1
57620,83,889.7,426.7,3458,115240,2,1
57621,83,889.5,426.3,3458,115242,2,1
57622,83,889.2,425.9,3458,115244,2,1
57623,83,888.8,425.6,3458,115246,2,1
57624,83,888.7,425.2,3458,115248,2,1
57625,83,888.7,425.2,3458,115250,2,1
57626,83,888.8,425.3,3458,115252,2,1
57627,83,889,425.4,3458,115254,2,1
57628,83,889.3,425.4,3458,115256,2,1
57629,83,889.7,425.3,3458,115258,2,1
57630,83,890.3,425,3458,115260,2,1
57631,83,890.8,424.7,3458,115262,2,1
57632,83,891.4,424.4,3458,115264,2,1
57633,83,891.7,424.1,3458,115266,2,1
57634,83,892,423.9,3458,115268,2,1
57635,83,892.2,423.7,3458,115270,2,1
57636,83,892.3,423.4,3458,115272,2,1
57637,83,892.5,422.8,3459,115274,2,1
57638,83,892.7,422.1,3459,115276,2,1
57639,83,893,421.4,3459,115278,2,1
57640,83,893.7,420.6,3459,115280,2,1
57641,83,894.5,419.8,3459,115282,2,1
57642,83,895.1,419,3459,115284,2,1
57643,83,895.6,418.3,3459,115286,2,1
57644,83,895.6,417.8,3459,115288,2,1
57645,83,895.4,417.4,3459,115290,2,1
57646,83,895.1,417.2,3459,115292,2,1
57647,83,894.3,417.1,3459,115294,2,1
57648,83,893.5,417,3459,115296,2,1
57649,83,892.9,417,3459,115298,2,1
57650,83,892.7,417.1,3459,115300,2,1
57651,83,892.9,417.1,3459,115302,2,1
57652,83,893.2,417,3459,115304,2,1
57653,83,893.5,416.9,3459,115306,2,1
57654,83,893.7,416.8,3460,115308,2,1
57655,83,894,416.7,3460,115310,2,1
57656,83,894.1,416.7,3460,115312,2,1
57657,83,894.2,417.4,3460,115314,2,1
57658,83,894.3,418.2,3460,115316,2,1
57659,83,894.5,418.9,3460,115318,2,1
57660,83,894.8,419.6,3460,115320,2,1
57661,83,895.1,420.3,3460,115322,2,1
57662,83,895.4,421,3460,115324,2,1
57663,83,895.7,421.6,3460,115326,2,1
57664,83,895.8,421.4,3460,115328,2,1
57665,83,895.9,420.7,3460,115330,2,1
57666,83,896,420.1,3460,115332,2,1
57667,83,896.2,419.4,3460,115334,2,1
57668,83,896.3,418.8,3460,115336,2,1
57669,83,896.6,418.1,3460,115338,2,1
57670,83,896.9,417.2,3461,115340,2,1
57671,83,897.3,415.9,3461,115342,2,1
57672,83,897.5,414.9,3461,115344,2,1
57673,83,897.7,414,3461,115346,2,1
57674,83,897.9,413.1,3461,115348,2,1
57675,83,897.9,412.3,3461,115350,2,1
57676,83,897.8,411.6,3461,115352,2,1
57677,83,897.7,410.9,3461,115354,2,1
57678,83,897.5,410.9,3461,115356,2,1
57679,83,897.4,410.9,3461,115358,2,1
57680,83,897.4,411,3461,115360,2,1
57681,83,897.4,411,3461,115362,2,1
57682,83,897.5,411.1,3461,115364,2,1
57683,83,897.7,411.1,3461,115366,2,1
57684,83,897.9,411.3,3461,115368,2,1
57685,83,898.1,411.3,3461,115370,2,1
57686,83,898.3,411.3,3461,115372,2,1
57687,83,898.4,411.1,3462,115374,2,1
57688,83,898.4,410.9,3462,115376,2,1
57689,83,898.4,410.9,3462,115378,2,1
57690,83,898.3,411.1,3462,115380,2,1
57691,83,898.1,411.3,3462,115382,2,1
57692,83,898,411.7,3462,115384,2,1
57693,83,897.9,412.1,3462,115386,2,1
57694,83,897.8,412.4,3462,115388,2,1
57695,83,897.6,412.7,3462,115390,2,1
57696,83,897.3,413,3462,115392,2,1
57697,83,897,412.9,3462,115394,2,1
57698,83,896.8,412.6,3462,115396,2,1
57699,83,896.7,412.2,3462,115398,2,1
57700,83,896.5,411.8,3462,115400,2,1
57701,83,896.5,411.6,3462,115402,2,1
57702,83,896.6,411.4,3462,115404,2,1
57703,83,896.9,411.3,3462,115406,2,1
57704,83,897.3,411.3,3463,115408,2,1
57705,83,897.7,411.5,3463,115410,2,1
57706,83,898.1,411.7,3463,115412,2,1
57707,83,898.5,412,3463,115414,2,1
57708,83,898.9,412.2,3463,115416,2,1
57709,83,899.1,412.4,3463,115418,2,1
57710,83,899.3,412.5,3463,115420,2,1
57711,83,899.5,412.6,3463,115422,2,1
57712,83,899.6,412.8,3463,115424,2,1
57713,83,899.5,413.4,3463,115426,2,1
57714,83,899.2,414,3463,115428,2,1
57715,83,898.9,414.7,3463,115430,2,1
57716,83,898.6,415.3,3463,115432,2,1
57717,83,898.1,416,3463,115434,2,1
57718,83,897.7,416.7,3463,115436,2,1
57719,83,897.5,417.2,3463,115438,2,1
57720,83,898.3,417.4,3463,115440,2,1
57721,83,899.3,417.4,3464,115442,2,1
57722,83,900.3,417.5,3464,115444,2,1
57723,83,901.1,417.7,3464,115446,2,1
57724,83,902,417.9,3464,115448,2,1
57725,83,902.6,418.3,3464,115450,2,1
57726,83,903.1,418.6,3464,115452,2,1
57727,83,902.7,419,3464,115454,2,1
57728,83,902.4,419.4,3464,115456,2,1
57729,83,902.1,419.7,3464,115458,2,1
57730,83,901.8,419.8,3464,115460,2,1
57731,83,901.7,419.7,3464,115462,2,1
57732,83,901.5,419.7,3464,115464,2,1
57733,83,901.2,419.6,3464,115466,2,1
57734,83,900.9,419.6,3464,115468,2,1
57735,83,900.7,419.6,3464,115470,2,1
57736,83,900.4,420,3464,115472,2,1
57737,83,900.1,420.6,3465,115474,2,1
57738,83,899.8,421.2,3465,115476,2,1
57739,83,899.6,421.6,3465,115478,2,1
57740,83,899.4,422,3465,115480,2,1
57741,83,899.2,422.3,3465,115482,2,1
57742,83,899,422.5,3465,115484,2,1
57743,83,898.8,422.4,3465,115486,2,1
57744,83,898.5,422.3,3465,115488,2,1
57745,83,898.4,422.2,3465,115490,2,1
57746,83,898.4,422.2,3465,115492,2,1
57747,83,898.4,422.2,3465,115494,2,1
57748,83,898.4,422.4,3465,115496,2,1
57749,83,898.4,422.6,3465,115498,2,1
57750,83,898.4,423.1,3465,115500,2,1
57751,83,898.4,423.7,3465,115502,2,1
57752,83,898.5,424.2,3465,115504,2,1
57753,83,898.8,424.6,3465,115506,2,1
57754,83,899.1,425,3466,115508,2,1
57755,83,899.8,425.4,3466,115510,2,1
57756,83,900.5,425.8,3466,115512,2,1
57757,83,901.3,425.9,3466,115514,2,1
57758,83,902.1,426,3466,115516,2,1
57759,83,902.8,426.1,3466,115518,2,1
57760,83,903.2,426.3,3466,115520,2,1
57761,83,903.6,426.5,3466,115522,2,1
57762,83,903.2,427,3466,115524,2,1
57763,83,902.7,427.7,3466,115526,2,1
57764,83,902.1,428.6,3466,115528,2,1
57765,83,901.6,429.5,3466,115530,2,1
57766,83,901.1,430.4,3466,115532,2,1
57767,83,900.9,431.5,3466,115534,2,1
57768,83,900.9,432.6,3466,115536,2,1
57769,83,901.1,433.5,3466,115538,2,1
57770,83,901.6,434.3,3467,115540,2,1
57771,83,902.2,434.9,3467,115542,2,1
57772,83,902.9,435.5,3467,115544,2,1
57773,83,903.6,436,3467,115546,2,1
57774,83,904.1,436.3,3467,115548,2,1
57775,83,904.6,436.5,3467,115550,2,1
57776,83,905.1,436.7,3467,115552,2,1
57777,83,905.3,436.8,3467,115554,2,1
57778,83,905.4,436.9,3467,115556,2,1
57779,83,905.3,437.2,3467,115558,2,1
57780,83,905.1,437.3,3467,115560,2,1
57781,83,904.9,437.5,3467,115562,2,1
57782,83,904.6,437.6,3467,115564,2,1
57783,83,904.2,437.7,3467,115566,2,1
57784,83,903.9,437.8,3467,115568,2,1
57785,83,903.6,437.9,3467,115570,2,1
57786,83,903.2,438.5,3467,115572,2,1
57787,83,902.7,439.4,3468,115574,2,1
57788,83,902.1,440.4,3468,115576,2,1
57789,83,901.5,441.4,3468,115578,2,1
57790,83,901,442.3,3468,115580,2,1
57791,83,900.6,443,3468,115582,2,1
57792,83,900.3,443.6,3468,115584,2,1
57793,83,900.1,443.7,3468,115586,2,1
57794,83,900,443.4,3468,115588,2,1
57795,83,900.2,443.2,3468,115590,2,1
57796,83,900.4,443,3468,115592,2,1
57797,83,901.1,442.8,3468,115594,2,1
57798,83,901.9,442.8,3468,115596,2,1
57799,83,902.6,443.2,3468,115598,2,1
57800,83,903.3,443.6,3468,115600,2,1
57801,83,903.8,444.1,3468,115602,2,1
57802,83,904.4,444.4,3468,115604,2,1
57803,83,904.9,444.7,3468,115606,2,1
57804,83,904.8,445,3469,115608,2,1
57805,83,904.7,445.3,3469,115610,2,1
57806,83,904.5,445.3,3469,115612,2,1
57807,83,904.3,445.3,3469,115614,2,1
57808,83,904.1,445.3,3469,115616,2,1
57809,83,903.9,445.3,3469,115618,2,1
57810,83,903,445.3,3469,115620,2,1
57811,83,902.2,446.5,3469,115622,2,1
57812,83,901.4,448.4,3469,115624,2,1
57813,83,900.7,450.9,3469,115626,2,1
57814,83,900,455,3469,115628,2,1
57815,83,899.4,461.2,3469,115630,2,1
57816,83,898.5,468.4,3469,115632,2,1
57817,83,898.2,475.7,3469,115634,2,1
57818,83,897.7,482.3,3469,115636,2,1
57819,83,897.2,488,3469,115638,2,1
57820,83,896.5,493,3469,115640,2,1
57821,83,895.9,495.9,3470,115642,2,1
57822,83,895.2,496.4,3470,115644,2,1
57823,83,894.8,495.7,3470,115646,2,1
57824,83,894.7,494.6,3470,115648,2,1
57825,83,894.6,493.3,3470,115650,2,1
57826,83,894.9,492.1,3470,115652,2,1
57827,83,895.5,491,3470,115654,2,1
57828,83,896.1,490.2,3470,115656,2,1
57829,83,896.6,489.8,3470,115658,2,1
57830,83,897.5,489.7,3470,115660,2,1
57831,83,898.2,489.9,3470,115662,2,1
57832,83,898.9,490.9,3470,115664,2,1
57833,83,899.2,491.9,3470,115666,2,1
57834,83,899.2,493,3470,115668,2,1
57835,83,899.2,494,3470,115670,2,1
57836,83,899.3,495,3470,115672,2,1
57837,83,899.3,495.5,3471,115674,2,1
57838,83,899.6,495.5,3471,115676,2,1
57839,83,900,494.7,3471,115678,2,1
57840,83,900.4,493.7,3471,115680,2,1
57841,83,901,492.5,3471,115682,2,1
57842,83,901.6,491.2,3471,115684,2,1
57843,83,902.3,490.1,3471,115686,2,1
57844,83,902.7,488.9,3471,115688,2,1
57845,83,902.7,488.1,3471,115690,2,1
57846,83,902.8,487.4,3471,115692,2,1
57847,83,902.7,486.8,3471,115694,2,1
57848,83,902.6,486.6,3471,115696,2,1
57849,83,902.5,486.4,3471,115698,2,1
57850,83,902.4,486.4,3471,115700,2,1
57851,83,902.1,486.9,3471,115702,2,1
57852,83,901.9,487.4,3471,115704,2,1
57853,83,901.6,487.9,3471,115706,2,1
57854,83,901.6,488.4,3472,115708,2,1
57855,83,901.7,488.8,3472,115710,2,1
57856,83,902.2,489.3,3472,115712,2,1
57857,83,902.7,489.6,3472,115714,2,1
57858,83,903.3,489.7,3472,115716,2,1
57859,83,903.9,489.7,3472,115718,2,1
57860,83,904.5,489.7,3472,115720,2,1
57861,83,905,489.4,3472,115722,2,1
57862,83,905.3,488.9,3472,115724,2,1
57863,83,905.2,488.1,3472,115726,2,1
57864,83,904.9,487.3,3472,115728,2,1
57865,83,904.6,486.5,3472,115730,2,1
57866,83,904.4,485.7,3472,115732,2,1
57867,83,904.2,485,3472,115734,2,1
57868,83,904.1,484.8,3472,115736,2,1
57869,83,903.9,484.8,3472,115738,2,1
57870,83,903.7,485,3473,115740,2,1
57871,83,903.2,485.2,3473,115742,2,1
57872,83,902.8,485.6,3473,115744,2,1
57873,83,902.5,486,3473,115746,2,1
57874,83,902.1,486.3,3473,115748,2,1
57875,83,901.9,486.4,3473,115750,2,1
57876,83,901.8,486.5,3473,115752,2,1
57877,83,901.9,486.6,3473,115754,2,1
57878,83,902.5,486.6,3473,115756,2,1
57879,83,903,486.5,3473,115758,2,1
57880,83,903.7,486.3,3473,115760,2,1
57881,83,904.4,486.1,3473,115762,2,1
57882,83,905,486.1,3473,115764,2,1
57883,83,905.5,485.9,3473,115766,2,1
57884,83,906.1,485.7,3473,115768,2,1
57885,83,906.6,485.6,3473,115770,2,1
57886,83,907,485.4,3473,115772,2,1
57887,83,907.1,485.2,3474,115774,2,1
57888,83,907.2,485,3474,115776,2,1
57889,83,907.4,484.8,3474,115778,2,1
57890,83,907.8,484.6,3474,115780,2,1
57891,83,908.2,484.5,3474,115782,2,1
57892,83,908.5,484.4,3474,115784,2,1
57893,83,909.1,484.4,3474,115786,2,1
57894,83,909.8,484.5,3474,115788,2,1
57895,83,910.6,484.6,3474,115790,2,1
57896,83,911.4,484.6,3474,115792,2,1
57897,83,912,484.5,3474,115794,2,1
57898,83,912.8,484.4,3474,115796,2,1
57899,83,913.7,483.6,3474,115798,2,1
57900,83,914.5,482.8,3474,115800,2,1
57901,83,915.1,481.8,3474,115802,2,1
57902,83,915.6,480.9,3474,115804,2,1
57903,83,915.9,480,3474,115806,2,1
57904,83,916.2,479.4,3475,115808,2,1
57905,83,916.1,479.1,3475,115810,2,1
57906,83,916.1,479.2,3475,115812,2,1
57907,83,916.2,479.4,3475,115814,2,1
57908,83,916.7,479.2,3475,115816,2,1
57909,83,917.8,478.6,3475,115818,2,1
57910,83,919,476.8,3475,115820,2,1
57911,83,921.8,474.7,3475,115822,2,1
57912,83,925.4,471.1,3475,115824,2,1
57913,83,928.9,466.3,3475,115826,2,1
57914,83,932.3,461.5,3475,115828,2,1
57915,83,935.3,455.4,3475,115830,2,1
57916,83,938,449.6,3475,115832,2,1
57917,83,940.9,444.8,3475,115834,2,1
57918,83,942.3,440.1,3475,115836,2,1
57919,83,942.8,436.4,3475,115838,2,1
57920,83,943.2,433.9,3476,115840,2,1
57921,83,943.5,431.3,3476,115842,2,1
57922,83,943.7,430.6,3476,115844,2,1
57923,83,943.5,430,3476,115846,2,1
57924,83,943.2,429.6,3476,115848,2,1
57925,83,942.8,429.5,3476,115850,2,1
57926,83,942.5,429.8,3476,115852,2,1
57927,83,942.5,430.2,3476,115854,2,1
57928,83,942.8,430.6,3476,115856,2,1
57929,83,943.9,430.8,3476,115858,2,1
57930,83,945.1,431,3476,115860,2,1
57931,83,946.2,431.2,3476,115862,2,1
57932,83,947.2,431.1,3476,115864,2,1
57933,83,948.3,431,3476,115866,2,1
57934,83,949,431.2,3476,115868,2,1
57935,83,949.4,431.4,3476,115870,2,1
57936,83,949,431.7,3476,115872,2,1
57937,83,948.5,432,3477,115874,2,1
57938,83,948.1,432.4,3477,115876,2,1
57939,83,947.8,432.7,3477,115878,2,1
57940,83,947.3,432.9,3477,115880,2,1
57941,83,946.9,432.9,3477,115882,2,1
57942,83,946.6,432.9,3477,115884,2,1
57943,83,947,432.8,3477,115886,2,1
57944,83,947.3,432.6,3477,115888,2,1
57945,83,947.7,432.2,3477,115890,2,1
57946,83,948.1,431.8,3477,115892,2,1
57947,83,948.7,431.2,3477,115894,2,1
57948,83,949.1,430.6,3477,115896,2,1
57949,83,949.5,429.9,3477,115898,2,1
57950,83,949.2,429.3,3477,115900,2,1
57951,83,948.9,428.8,3477,115902,2,1
57952,83,948.6,428.7,3477,115904,2,1
57953,83,948.3,428.8,3477,115906,2,1
57954,83,948.1,429.1,3478,115908,2,1
57955,83,948.2,429.7,3478,115910,2,1
57956,83,948.4,430.3,3478,115912,2,1
57957,83,948.7,431,3478,115914,2,1
57958,83,949,431.6,3478,115916,2,1
57959,83,949.3,432.1,3478,115918,2,1
57960,83,949.5,432.3,3478,115920,2,1
57961,83,949.6,432.4,3478,115922,2,1
57962,83,949.1,432.6,3478,115924,2,1
57963,83,948.7,432.8,3478,115926,2,1
57964,83,948.3,433.1,3478,115928,2,1
57965,83,948.9,433.4,3478,115930,2,1
57966,83,949.6,433.6,3478,115932,2,1
57967,83,950.2,433.7,3478,115934,2,1
57968,83,950.7,433.5,3478,115936,2,1
57969,83,951,433.1,3478,115938,2,1
57970,83,951.2,432.4,3479,115940,2,1
57971,83,951.4,431.6,3479,115942,2,1
57972,83,950.4,430.8,3479,115944,2,1
57973,83,949.5,430,3479,115946,2,1
57974,83,948.7,429.8,3479,115948,2,1
57975,83,948,430,3479,115950,2,1
57976,83,947.8,430,3479,115952,2,1
57977,83,947.7,430.2,3479,115954,2,1
57978,83,947.7,430.4,3479,115956,2,1
57979,83,947.7,430.5,3479,115958,2,1
57980,83,948,430.2,3479,115960,2,1
57981,83,948.2,429.5,3479,115962,2,1
57982,83,948.5,428.6,3479,115964,2,1
57983,83,948.8,427.9,3479,115966,2,1
57984,83,949,427.2,3479,115968,2,1
57985,83,949.3,426.7,3479,115970,2,1
57986,83,949.5,426.3,3479,115972,2,1
57987,83,949.7,426.3,3480,115974,2,1
57988,83,949.8,426.9,3480,115976,2,1
57989,83,950,427.5,3480,115978,2,1
57990,83,950.3,428.2,3480,115980,2,1
57991,83,950.5,428.9,3480,115982,2,1
57992,83,950.7,429.6,3480,115984,2,1
57993,83,950.8,430.3,3480,115986,2,1
57994,83,950.8,430.8,3480,115988,2,1
57995,83,951,431.1,3480,115990,2,1
57996,83,951.1,431.4,3480,115992,2,1
57997,83,951,431.8,3480,115994,2,1
57998,83,951,432.3,3480,115996,2,1
57999,83,951,432.6,3480,115998,2,1
58000,83,951.2,432.8,3480,116000,2,1
58001,83,951.3,433.1,3480,116002,2,1
58002,83,951.3,433.1,3480,116004,2,1
58003,83,951.2,433.1,3480,116006,2,1
58004,83,951.2,432.9,3481,116008,2,1
58005,83,951,432.9,3481,116010,2,1
58006,83,950.9,432.9,3481,116012,2,1
58007,83,950.8,432.8,3481,116014,2,1
58008,83,950.7,432.9,3481,116016,2,1
58009,83,950.7,432.9,3481,116018,2,1
58010,83,950.7,432.9,3481,116020,2,1
58011,83,950.6,433,3481,116022,2,1
58012,83,950.8,433,3481,116024,2,1
58013,83,950.9,433.1,3481,116026,2,1
58014,83,951,433,3481,116028,2,1
58015,83,951.1,432.9,3481,116030,2,1
58016,83,951.1,432.9,3481,116032,2,1
58017,83,951.2,432.9,3481,116034,2,1
58018,83,951.2,433,3481,116036,2,1
58019,83,951.2,433.1,3481,116038,2,1
58020,83,952,433.3,3482,116040,2,1
58021,83,952.8,433.7,3482,116042,2,1
58022,83,953.6,434.1,3482,116044,2,1
58023,83,954.2,434.5,3482,116046,2,1
58024,83,954.9,434.9,3482,116048,2,1
58025,83,955.1,435.3,3482,116050,2,1
58026,83,955.3,435.5,3482,116052,2,1
58027,83,954.7,435.8,3482,116054,2,1
58028,83,954.2,434.9,3482,116056,2,1
58029,83,953.8,434,3482,116058,2,1
58030,83,953.8,432.8,3482,116060,2,1
58031,83,953.9,431.6,3482,116062,2,1
58032,83,954.3,430.4,3482,116064,2,1
58033,83,954.8,429.4,3482,116066,2,1
58034,83,955.4,428.4,3482,116068,2,1
58035,83,955.9,428.4,3482,116070,2,1
58036,83,956.3,428.6,3482,116072,2,1
58037,83,956.4,429.2,3483,116074,2,1
58038,83,956.5,429.8,3483,116076,2,1
58039,83,956.5,430.3,3483,116078,2,1
58040,83,956.5,430.7,3483,116080,2,1
58041,83,956.4,431.2,3483,116082,2,1
58042,83,956.4,431.7,3483,116084,2,1
58043,83,956.3,432.2,3483,116086,2,1
58044,83,956.2,432.4,3483,116088,2,1
58045,83,956.1,432.7,3483,116090,2,1
58046,83,956.1,432.9,3483,116092,2,1
58047,83,956.1,433.2,3483,116094,2,1
58048,83,956.1,433.4,3483,116096,2,1
58049,83,956.1,433.4,3483,116098,2,1
58050,83,956.2,432.6,3483,116100,2,1
58051,83,956.2,431.6,3483,116102,2,1
58052,83,956.2,430.5,3483,116104,2,1
58053,83,956.2,429.2,3483,116106,2,1
58054,83,956.1,427.6,3484,116108,2,1
58055,83,956.1,426.1,3484,116110,2,1
58056,83,956.2,424.6,3484,116112,2,1
58057,83,956.8,423.9,3484,116114,2,1
58058,83,957.4,423.5,3484,116116,2,1
58059,83,958,423.4,3484,116118,2,1
58060,83,958.8,423.5,3484,116120,2,1
58061,83,959.4,423.9,3484,116122,2,1
58062,83,960.1,424.4,3484,116124,2,1
58063,83,960.6,425.1,3484,116126,2,1
58064,83,960.6,425.6,3484,116128,2,1
58065,83,960.6,426.2,3484,116130,2,1
58066,83,960.5,426.8,3484,116132,2,1
58067,83,960.1,427,3484,116134,2,1
58068,83,959.9,427.3,3484,116136,2,1
58069,83,959.7,427.7,3484,116138,2,1
58070,83,959.9,427.7,3485,116140,2,1
58071,83,960.2,427.8,3485,116142,2,1
58072,83,960.4,427.7,3485,116144,2,1
58073,83,960.6,427.5,3485,116146,2,1
58074,83,961.3,427.3,3485,116148,2,1
58075,83,961.8,426.2,3485,116150,2,1
58076,83,962.2,425,3485,116152,2,1
58077,83,962.2,424,3485,116154,2,1
58078,83,962.2,423.2,3485,116156,2,1
58079,83,962.2,422.3,3485,116158,2,1
58080,83,962.3,421.4,3485,116160,2,1
58081,83,962.3,420.6,3485,116162,2,1
58082,83,962.3,420.7,3485,116164,2,1
58083,83,962.2,420.9,3485,116166,2,1
58084,83,962.1,421.1,3485,116168,2,1
58085,83,962.1,421.4,3485,116170,2,1
58086,83,962,421.8,3485,116172,2,1
58087,83,961.8,422.3,3486,116174,2,1
58088,83,961.8,423.1,3486,116176,2,1
58089,83,961.4,423.9,3486,116178,2,1
58090,83,961.1,424.7,3486,116180,2,1
58091,83,960.7,425.2,3486,116182,2,1
58092,83,960.5,425.4,3486,116184,2,1
58093,83,960.2,425.3,3486,116186,2,1
58094,83,960.1,424.9,3486,116188,2,1
58095,83,959.9,424.2,3486,116190,2,1
58096,83,960.1,423.2,3486,116192,2,1
58097,83,960.3,422.2,3486,116194,2,1
58098,83,961,420.9,3486,116196,2,1
58099,83,961.5,419.8,3486,116198,2,1
58100,83,961.8,418.9,3486,116200,2,1
58101,83,961.6,418.2,3486,116202,2,1
58102,83,961.4,417.7,3486,116204,2,1
58103,83,961.1,417.2,3486,116206,2,1
58104,83,960.7,416.8,3487,116208,2,1
58105,83,960,416.4,3487,116210,2,1
58106,83,959.6,416.1,3487,116212,2,1
58107,83,959.3,415.7,3487,116214,2,1
58108,83,959.4,415.4,3487,116216,2,1
58109,83,959.5,415.2,3487,116218,2,1
58110,83,959.6,414.9,3487,116220,2,1
58111,83,959.7,414.9,3487,116222,2,1
58112,83,959.8,415,3487,116224,2,1
58113,83,959.8,415.1,3487,116226,2,1
58114,83,959.8,415.2,3487,116228,2,1
58115,83,959.8,415.5,3487,116230,2,1
58116,83,959.9,415.9,3487,116232,2,1
58117,83,960,416.2,3487,116234,2,1
58118,83,960.1,416.5,3487,116236,2,1
58119,83,960,416.8,3487,116238,2,1
58120,83,959.8,417,3488,116240,2,1
58121,83,959.7,417.2,3488,116242,2,1
58122,83,959.5,417.1,3488,116244,2,1
58123,83,959.2,417,3488,116246,2,1
58124,83,958.9,416.8,3488,116248,2,1
58125,83,958.6,416.3,3488,116250,2,1
58126,83,958.5,415.7,3488,116252,2,1
58127,83,958.4,415,3488,116254,2,1
58128,83,958.2,413.7,3488,116256,2,1
58129,83,958.3,412.3,3488,116258,2,1
58130,83,958.7,410.6,3488,116260,2,1
58131,83,958.9,408.5,3488,116262,2,1
58132,83,959,406.7,3488,116264,2,1
58133,83,959,404.9,3488,116266,2,1
58134,83,958.8,403.1,3488,116268,2,1
58135,83,958.4,402,3488,116270,2,1
58136,83,957.8,401.2,3488,116272,2,1
58137,83,957,400.7,3489,116274,2,1
58138,83,956.4,401.2,3489,116276,2,1
58139,83,955.9,401.7,3489,116278,2,1
58140,83,955.5,402.2,3489,116280,2,1
58141,83,955.1,403,3489,116282,2,1
58142,83,955.2,403.6,3489,116284,2,1
58143,83,955.2,404.1,3489,116286,2,1
58144,83,955.3,404.7,3489,116288,2,1
58145,83,955.2,404.9,3489,116290,2,1
58146,83,955.4,404.9,3489,116292,2,1
58147,83,955.7,404.7,3489,116294,2,1
58148,83,956.1,404.4,3489,116296,2,1
58149,83,956.3,404.1,3489,116298,2,1
58150,83,956.6,403.4,3489,116300,2,1
58151,83,956.9,402.7,3489,116302,2,1
58152,83,957.1,401.8,3489,116304,2,1
58153,83,957.3,400.9,3489,116306,2,1
58154,83,957.4,400,3490,116308,2,1
58155,83,957.5,399.2,3490,116310,2,1
58156,83,957.6,398.4,3490,116312,2,1
58157,83,957.7,397.9,3490,116314,2,1
58158,83,957.6,397.4,3490,116316,2,1
58159,83,957.3,397.3,3490,116318,2,1
58160,83,956.8,397.3,3490,116320,2,1
58161,83,956.1,397.4,3490,116322,2,1
58162,83,955.5,397.6,3490,116324,2,1
58163,83,955,397.9,3490,116326,2,1
58164,83,954.7,398.2,3490,116328,2,1
58165,83,954.7,398.5,3490,116330,2,1
58166,83,955,398.8,3490,116332,2,1
58167,83,955.4,399,3490,116334,2,1
58168,83,955.9,399,3490,116336,2,1
58169,83,956.4,399,3490,116338,2,1
58170,83,956.8,398.8,3491,116340,2,1
58171,83,957,398.6,3491,116342,2,1
58172,83,957.4,398.4,3491,116344,2,1
58173,83,957.7,398.3,3491,116346,2,1
58174,83,958,398.3,3491,116348,2,1
58175,83,958.3,398.5,3491,116350,2,1
58176,83,958.6,398.7,3491,116352,2,1
58177,83,958.9,399.1,3491,116354,2,1
58178,83,959.2,399.5,3491,116356,2,1
58179,83,959.2,399.7,3491,116358,2,1
58180,83,959.3,399.9,3491,116360,2,1
58181,83,959.3,400,3491,116362,2,1
58182,83,959.3,400.1,3491,116364,2,1
58183,83,959.2,400.2,3491,116366,2,1
58184,83,959.1,400.2,3491,116368,2,1
58185,83,958.9,400.2,3491,116370,2,1
58186,83,958.5,400.2,3491,116372,2,1
58187,83,958.2,400.3,3492,116374,2,1
58188,83,957.8,400.7,3492,116376,2,1
58189,83,957.4,401.1,3492,116378,2,1
58190,83,957,401.5,3492,116380,2,1
58191,83,956.9,401.9,3492,116382,2,1
58192,83,957.1,402.1,3492,116384,2,1
58193,83,957.5,402.2,3492,116386,2,1
58194,83,958,402.2,3492,116388,2,1
58195,83,958.9,401.9,3492,116390,2,1
58196,83,960,401.6,3492,116392,2,1
58197,83,961.1,401.2,3492,116394,2,1
58198,83,961.9,400.9,3492,116396,2,1
58199,83,962.4,400.8,3492,116398,2,1
58200,83,962.4,400.8,3492,116400,2,1
58201,83,962.4,401,3492,116402,2,1
58202,83,961.9,401,3492,116404,2,1
58203,83,961.5,401,3492,116406,2,1
58204,83,961,400.6,3493,116408,2,1
58205,83,961.1,400,3493,116410,2,1
58206,83,961.4,399.4,3493,116412,2,1
58207,83,961.9,398.9,3493,116414,2,1
58208,83,962.6,398.2,3493,116416,2,1
58209,83,963.3,397.5,3493,116418,2,1
58210,83,964,397.1,3493,116420,2,1
58211,83,964.6,397.2,3493,116422,2,1
58212,83,964.6,397.4,3493,116424,2,1
58213,83,964.6,397.7,3493,116426,2,1
58214,83,964.6,398,3493,116428,2,1
58215,83,965,398.3,3493,116430,2,1
58216,83,965.6,398.6,3493,116432,2,1
58217,83,966.2,398.7,3493,116434,2,1
58218,83,966.9,398.7,3493,116436,2,1
58219,83,967.6,398.3,3493,116438,2,1
58220,83,968.3,398,3494,116440,2,1
58221,83,969.1,397.5,3494,116442,2,1
58222,83,969.3,397,3494,116444,2,1
58223,83,969.3,396.5,3494,116446,2,1
58224,83,969.4,395.9,3494,116448,2,1
58225,83,969.1,395.3,3494,116450,2,1
58226,83,969.1,394.8,3494,116452,2,1
58227,83,969.2,394.4,3494,116454,2,1
58228,83,970,394.2,3494,116456,2,1
58229,83,970.8,394.2,3494,116458,2,1
58230,83,971.8,394.2,3494,116460,2,1
58231,83,972.7,394.3,3494,116462,2,1
58232,83,973.9,394.5,3494,116464,2,1
58233,83,974.9,394.7,3494,116466,2,1
58234,83,975.7,394.8,3494,116468,2,1
58235,83,975.5,394.9,3494,116470,2,1
58236,83,975,395.3,3494,116472,2,1
58237,83,974.4,395.9,3495,116474,2,1
58238,83,973.7,396.2,3495,116476,2,1
58239,83,973.2,396.4,3495,116478,2,1
58240,83,972.7,396.2,3495,116480,2,1
58241,83,972.4,395.9,3495,116482,2,1
58242,83,972.3,395.6,3495,116484,2,1
58243,83,972.5,395.1,3495,116486,2,1
58244,83,972.6,394.6,3495,116488,2,1
58245,83,972.8,394.6,3495,116490,2,1
58246,83,972.7,394.7,3495,116492,2,1
58247,83,972.3,395.4,3495,116494,2,1
58248,83,971.9,396.1,3495,116496,2,1
58249,83,971.5,396.7,3495,116498,2,1
58250,83,970.8,397.3,3495,116500,2,1
58251,83,970.1,397.8,3495,116502,2,1
58252,83,969.4,397.9,3495,116504,2,1
58253,83,968.7,398,3495,116506,2,1
58254,83,968.3,398,3496,116508,2,1
58255,83,968.3,397.9,3496,116510,2,1
58256,83,968.5,397.8,3496,116512,2,1
58257,83,968.9,397.7,3496,116514,2,1
58258,83,969.5,397.7,3496,116516,2,1
58259,83,969.9,397.5,3496,116518,2,1
58260,83,970.2,397.5,3496,116520,2,1
58261,83,970.6,397.3,3496,116522,2,1
58262,83,970.6,397.3,3496,116524,2,1
58263,83,970.3,397.2,3496,116526,2,1
58264,83,970.1,397,3496,116528,2,1
58265,83,970,396.5,3496,116530,2,1
58266,83,970.3,395.9,3496,116532,2,1
58267,83,970.7,395.3,3496,116534,2,1
58268,83,971.1,394.6,3496,116536,2,1
58269,83,971.6,393.7,3496,116538,2,1
58270,83,972,392.6,3497,116540,2,1
58271,83,972.3,391.6,3497,116542,2,1
58272,83,972.6,391,3497,116544,2,1
58273,83,972.5,390.5,3497,116546,2,1
58274,83,972.4,390.2,3497,116548,2,1
58275,83,972.3,390.8,3497,116550,2,1
58276,83,972.1,391.5,3497,116552,2,1
58277,83,971.9,392.6,3497,116554,2,1
58278,83,971.6,393.6,3497,116556,2,1
58279,83,971.2,394.5,3497,116558,2,1
58280,83,970.9,395.3,3497,116560,2,1
58281,83,970.3,395.9,3497,116562,2,1
58282,83,969.8,395.8,3497,116564,2,1
58283,83,969.4,395.6,3497,116566,2,1
58284,83,969.2,395.4,3497,116568,2,1
58285,83,969.4,395.3,3497,116570,2,1
58286,83,969.7,395.2,3497,116572,2,1
58287,83,969.9,394.9,3498,116574,2,1
58288,83,970.5,394.7,3498,116576,2,1
58289,83,971,394.5,3498,116578,2,1
58290,83,971.3,394.2,3498,116580,2,1
58291,83,971.6,394,3498,116582,2,1
58292,83,971.3,393.8,3498,116584,2,1
58293,83,970.8,394,3498,116586,2,1
58294,83,970.3,394.4,3498,116588,2,1
58295,83,969.8,394.6,3498,116590,2,1
58296,83,969.4,394.8,3498,116592,2,1
58297,83,969,395,3498,116594,2,1
58298,83,968.6,395.2,3498,116596,2,1
58299,83,968.4,395.4,3498,116598,2,1
58300,83,968.3,395.5,3498,116600,2,1
58301,83,968.3,395.5,3498,116602,2,1
58302,83,968.1,395.4,3498,116604,2,1
58303,83,967.9,395.4,3498,116606,2,1
58304,83,967.7,394.9,3499,116608,2,1
58305,83,967.4,394.5,3499,116610,2,1
58306,83,967.1,393.9,3499,116612,2,1
58307,83,966.9,393.3,3499,116614,2,1
58308,83,966.6,392.7,3499,116616,2,1
58309,83,966.5,392.2,3499,116618,2,1
58310,83,966.5,392.1,3499,116620,2,1
58311,83,966.5,392.4,3499,116622,2,1
58312,83,966.7,392.8,3499,116624,2,1
58313,83,967,393.3,3499,116626,2,1
58314,83,967.4,393.8,3499,116628,2,1
58315,83,967.8,394.2,3499,116630,2,1
58316,83,968.1,394.3,3499,116632,2,1
58317,83,968.3,394.1,3499,116634,2,1
58318,83,967.8,393.9,3499,116636,2,1
58319,83,967.4,393.7,3499,116638,2,1
58320,83,966.6,393.5,3500,116640,2,1
58321,83,965.9,393.5,3500,116642,2,1
58322,83,965,393.4,3500,116644,2,1
58323,83,964.5,393.8,3500,116646,2,1
58324,83,964.1,394.3,3500,116648,2,1
58325,83,964.3,394.6,3500,116650,2,1
58326,83,964.7,394.8,3500,116652,2,1
58327,83,965.1,395.1,3500,116654,2,1
58328,83,965.5,395.4,3500,116656,2,1
58329,83,965.6,395.6,3500,116658,2,1
58330,83,965.4,395.7,3500,116660,2,1
58331,83,965.2,395.6,3500,116662,2,1
58332,83,965,395.4,3500,116664,2,1
58333,83,964.7,395.2,3500,116666,2,1
58334,83,964.6,395,3500,116668,2,1
58335,83,964.7,394.8,3500,116670,2,1
58336,83,965.2,394.4,3500,116672,2,1
58337,83,965.9,394.1,3501,116674,2,1
58338,83,966.6,393.8,3501,116676,2,1
58339,83,967.2,393.5,3501,116678,2,1
58340,83,967.8,393.2,3501,116680,2,1
58341,83,968.2,392.9,3501,116682,2,1
58342,83,968.5,392.6,3501,116684,2,1
58343,83,968.5,392.4,3501,116686,2,1
58344,83,968.6,392.1,3501,116688,2,1
58345,83,968.8,391.9,3501,116690,2,1
58346,83,969.1,391.6,3501,116692,2,1
58347,83,969.1,391.4,3501,116694,2,1
58348,83,969.1,391.3,3501,116696,2,1
58349,83,968.4,391.8,3501,116698,2,1
58350,83,967.7,392.2,3501,116700,2,1
58351,83,967,392.6,3501,116702,2,1
58352,83,966.2,392.7,3501,116704,2,1
58353,83,965.4,392.8,3501,116706,2,1
58354,83,964.7,392.9,3502,116708,2,1
58355,83,964.2,392.9,3502,116710,2,1
58356,83,964.3,392.3,3502,116712,2,1
58357,83,964.4,391.8,3502,116714,2,1
58358,83,964.6,391.4,3502,116716,2,1
58359,83,964.7,391.2,3502,116718,2,1
58360,83,965.1,391.1,3502,116720,2,1
58361,83,965.4,390.9,3502,116722,2,1
58362,83,965.7,390.4,3502,116724,2,1
58363,83,965.4,390.1,3502,116726,2,1
58364,83,965.1,389.7,3502,116728,2,1
58365,83,965,389.4,3502,116730,2,1
58366,83,964.9,389,3502,116732,2,1
58367,83,964.7,388.7,3502,116734,2,1
58368,83,964.5,388.7,3502,116736,2,1
58369,83,964.3,389,3502,116738,2,1
58370,83,964.8,389.3,3503,116740,2,1
58371,83,965.4,389.6,3503,116742,2,1
58372,83,965.7,389.9,3503,116744,2,1
58373,83,965.8,390.2,3503,116746,2,1
58374,83,965.9,390.1,3503,116748,2,1
58375,83,965.9,389.9,3503,116750,2,1
58376,83,965.8,389.5,3503,116752,2,1
58377,83,965.8,389.1,3503,116754,2,1
58378,83,965.6,388.7,3503,116756,2,1
58379,83,965.5,388.4,3503,116758,2,1
58380,83,965.4,388.2,3503,116760,2,1
58381,83,965.3,388.4,3503,116762,2,1
58382,83,965.1,388.7,3503,116764,2,1
58383,83,964.5,389,3503,116766,2,1
58384,83,963.3,389.1,3503,116768,2,1
58385,83,960.4,389.3,3503,116770,2,1
58386,83,955.6,389,3503,116772,2,1
58387,83,948.1,388.7,3504,116774,2,1
58388,83,938.7,387.6,3504,116776,2,1
58389,83,926.2,386.7,3504,116778,2,1
58390,83,912.1,385,3504,116780,2,1
58391,83,894.8,383,3504,116782,2,1
58392,83,876.5,380.8,3504,116784,2,1
58393,83,857.5,379.1,3504,116786,2,1
58394,83,838.4,377.6,3504,116788,2,1
58395,83,819.4,376.9,3504,116790,2,1
58396,83,800.4,376.3,3504,116792,2,1
58397,83,782.6,376.7,3504,116794,2,1
58398,83,766.5,377.7,3504,116796,2,1
58399,83,752.2,378.7,3504,116798,2,1
58400,83,739.1,379.8,3504,116800,2,1
58401,83,727.4,380.7,3504,116802,2,1
58402,83,717.2,381.1,3504,116804,2,1
58403,83,710.4,380.5,3504,116806,2,1
58404,83,704.4,379.8,3505,116808,2,1
58405,83,700.9,379,3505,116810,2,1
58406,83,698.8,378,3505,116812,2,1
58407,83,698.2,377,3505,116814,2,1
58408,83,698.9,376.1,3505,116816,2,1
58409,83,699.9,375.3,3505,116818,2,1
58410,83,700.9,375.2,3505,116820,2,1
58411,83,701.7,375.2,3505,116822,2,1
58412,83,701.9,375.2,3505,116824,2,1
58413,83,701.2,375.3,3505,116826,2,1
58414,83,700.2,375.3,3505,116828,2,1
58415,83,699.2,375.4,3505,116830,2,1
58416,83,698.2,375.5,3505,116832,2,1
58417,83,697.3,375.8,3505,116834,2,1
58418,83,696.4,376.2,3505,116836,2,1
58419,83,695.7,376.5,3505,116838,2,1
58420,83,695.8,376.7,3506,116840,2,1
58421,83,696.5,376.9,3506,116842,2,1
58422,83,697.3,377.1,3506,116844,2,1
58423,83,698,377.2,3506,116846,2,1
58424,83,698.4,377.5,3506,116848,2,1
58425,83,698.7,377.8,3506,116850,2,1
58426,83,698.9,378,3506,116852,2,1
58427,83,699,378.3,3506,116854,2,1
58428,83,698.6,378.6,3506,116856,2,1
58429,83,698.3,378.8,3506,116858,2,1
58430,83,698.3,379.1,3506,116860,2,1
58431,83,698.9,379.2,3506,116862,2,1
58432,83,699.4,379.2,3506,116864,2,1
58433,83,700.1,379.3,3506,116866,2,1
58434,83,700.7,379.4,3506,116868,2,1
58435,83,701.1,379.6,3506,116870,2,1
58436,83,701.6,379.6,3506,116872,2,1
58437,83,701.5,379.7,3507,116874,2,1
58438,83,701.4,379.8,3507,116876,2,1
58439,83,701.4,379.8,3507,116878,2,1
58440,83,701.2,379.8,3507,116880,2,1
58441,83,701.3,379.7,3507,116882,2,1
58442,83,701.4,379.6,3507,116884,2,1
58443,83,701.6,379.5,3507,116886,2,1
58444,83,701.9,379.4,3507,116888,2,1
58445,83,702.1,379.4,3507,116890,2,1
58446,83,702.4,379.3,3507,116892,2,1
58447,83,702.5,379.2,3507,116894,2,1
58448,83,702.6,379.1,3507,116896,2,1
58449,83,702.8,379,3507,116898,2,1
58450,83,702.9,379.1,3507,116900,2,1
58451,83,703,379.1,3507,116902,2,1
58452,83,703,379.3,3507,116904,2,1
58453,83,702.9,379.8,3507,116906,2,1
58454,83,702.9,380.2,3508,116908,2,1
58455,83,702.9,380.7,3508,116910,2,1
58456,83,703.1,380.9,3508,116912,2,1
58457,83,703.4,381.2,3508,116914,2,1
58458,83,703.6,381.4,3508,116916,2,1
58459,83,703.9,381.5,3508,116918,2,1
58460,83,704.3,381.4,3508,116920,2,1
58461,83,704.6,381.4,3508,116922,2,1
58462,83,704.9,381.6,3508,116924,2,1
58463,83,704.8,381.9,3508,116926,2,1
58464,83,704.7,382.1,3508,116928,2,1
58465,83,704.7,382.4,3508,116930,2,1
58466,83,704.6,382.6,3508,116932,2,1
58467,83,704.7,382.7,3508,116934,2,1
58468,83,705.1,382.9,3508,116936,2,1
58469,83,705.4,383.1,3508,116938,2,1
58470,83,705.8,383.2,3509,116940,2,1
58471,83,706.2,383.5,3509,116942,2,1
58472,83,706.5,383.8,3509,116944,2,1
58473,83,706.7,384.2,3509,116946,2,1
58474,83,706.8,384.5,3509,116948,2,1
58475,83,706.6,384.8,3509,116950,2,1
58476,83,706.4,385.2,3509,116952,2,1
58477,83,706.3,385.4,3509,116954,2,1
58478,83,706.1,385.6,3509,116956,2,1
58479,83,705.8,385.7,3509,116958,2,1
58480,83,705.6,385.9,3509,116960,2,1
58481,83,705.2,386.1,3509,116962,2,1
58482,83,704.8,386.1,3509,116964,2,1
58483,83,704.3,386.1,3509,116966,2,1
58484,83,703.8,386.2,3509,116968,2,1
58485,83,703.3,386.4,3509,116970,2,1
58486,83,702.8,386.9,3509,116972,2,1
58487,83,702.5,387.3,3510,116974,2,1
58488,83,702.4,387.7,3510,116976,2,1
58489,83,702.3,388.1,3510,116978,2,1
58490,83,702.4,388.5,3510,116980,2,1
58491,83,702.6,388.9,3510,116982,2,1
58492,83,702.7,389.2,3510,116984,2,1
58493,83,702.8,389.3,3510,116986,2,1
58494,83,702.8,389.4,3510,116988,2,1
58495,83,702.9,389.6,3510,116990,2,1
58496,83,703,390,3510,116992,2,1
58497,83,703,390.5,3510,116994,2,1
58498,83,702.9,390.9,3510,116996,2,1
58499,83,702.9,391.3,3510,116998,2,1
58500,83,703,391.6,3510,117000,2,1
58501,83,703.1,391.4,3510,117002,2,1
58502,83,703.2,391.1,3510,117004,2,1
58503,83,703.4,390.7,3510,117006,2,1
58504,83,703.6,390.1,3511,117008,2,1
58505,83,704.1,389.6,3511,117010,2,1
58506,83,704.6,389.1,3511,117012,2,1
58507,83,705.1,388.9,3511,117014,2,1
58508,83,705.7,389.4,3511,117016,2,1
58509,83,706.2,389.9,3511,117018,2,1
58510,83,706.8,390.5,3511,117020,2,1
58511,83,707.2,391.1,3511,117022,2,1
58512,83,707.4,391.8,3511,117024,2,1
58513,83,707.7,392.6,3511,117026,2,1
58514,83,707.8,393.8,3511,117028,2,1
58515,83,708,394.6,3511,117030,2,1
58516,83,708.2,395.4,3511,117032,2,1
58517,83,708.3,396.3,3511,117034,2,1
58518,83,708.3,397.1,3511,117036,2,1
58519,83,708.4,397.7,3511,117038,2,1
58520,83,708.3,398.1,3512,117040,2,1
58521,83,708.2,397.8,3512,117042,2,1
58522,83,708.1,397.5,3512,117044,2,1
58523,83,708,397.3,3512,117046,2,1
58524,83,707.9,397,3512,117048,2,1
58525,83,708.1,396.6,3512,117050,2,1
58526,83,708.3,396.3,3512,117052,2,1
58527,83,708.6,396.1,3512,117054,2,1
58528,83,708.8,396,3512,117056,2,1
58529,83,709.1,396.3,3512,117058,2,1
58530,83,709.4,396.6,3512,117060,2,1
58531,83,709.5,397.2,3512,117062,2,1
58532,83,709.5,397.9,3512,117064,2,1
58533,83,709.4,398.7,3512,117066,2,1
58534,83,709.2,399.5,3512,117068,2,1
58535,83,709,400.3,3512,117070,2,1
58536,83,708.9,400.7,3512,117072,2,1
58537,83,708.7,401.1,3513,117074,2,1
58538,83,708.3,401.3,3513,117076,2,1
58539,83,708.1,401.5,3513,117078,2,1
58540,83,707.8,402,3513,117080,2,1
58541,83,707.8,402.5,3513,117082,2,1
58542,83,707.6,403.1,3513,117084,2,1
58543,83,707.4,403.8,3513,117086,2,1
58544,83,707.2,404.4,3513,117088,2,1
58545,83,707,405,3513,117090,2,1
58546,83,706.9,405.5,3513,117092,2,1
58547,83,706.8,405.9,3513,117094,2,1
58548,83,706.7,406.3,3513,117096,2,1
58549,83,706.7,406.6,3513,117098,2,1
58550,83,706.8,406.6,3513,117100,2,1
58551,83,707,406.2,3513,117102,2,1
58552,83,707.2,405.9,3513,117104,2,1
58553,83,707.3,405.5,3513,117106,2,1
58554,83,707,405.2,3514,117108,2,1
58555,83,706.6,404.7,3514,117110,2,1
58556,83,706.2,404.3,3514,117112,2,1
58557,83,705.7,404,3514,117114,2,1
58558,83,705.3,403.9,3514,117116,2,1
58559,83,705.1,403.7,3514,117118,2,1
58560,83,705.4,403.6,3514,117120,2,1
58561,83,706,403.4,3514,117122,2,1
58562,83,706.6,403.3,3514,117124,2,1
58563,83,707.2,403.2,3514,117126,2,1
58564,83,707.8,403.3,3514,117128,2,1
58565,83,707.8,403.4,3514,117130,2,1
58566,83,707.7,403.5,3514,117132,2,1
58567,83,706.3,403.8,3514,117134,2,1
58568,83,705,404.1,3514,117136,2,1
58569,83,703.6,404.3,3514,117138,2,1
58570,83,702.5,404.4,3515,117140,2,1
58571,83,701.6,404.3,3515,117142,2,1
58572,83,701.1,404.1,3515,117144,2,1
58573,83,700.5,403.6,3515,117146,2,1
58574,83,700.7,403.1,3515,117148,2,1
58575,83,700.9,402.6,3515,117150,2,1
58576,83,701,402.2,3515,117152,2,1
58577,83,700.8,402,3515,117154,2,1
58578,83,700.4,401.9,3515,117156,2,1
58579,83,700.1,402,3515,117158,2,1
58580,83,699.6,402.3,3515,117160,2,1
58581,83,699.3,402.6,3515,117162,2,1
58582,83,699,402.8,3515,117164,2,1
58583,83,698.8,402.7,3515,117166,2,1
58584,83,698.6,402.8,3515,117168,2,1
58585,83,698.3,402.7,3515,117170,2,1
58586,83,698,402.6,3515,117172,2,1
58587,83,697.8,402.5,3516,117174,2,1
58588,83,697.6,402.4,3516,117176,2,1
58589,83,697.5,402.4,3516,117178,2,1
58590,83,697.3,402.7,3516,117180,2,1
58591,83,697.2,402.9,3516,117182,2,1
58592,83,697.3,403.2,3516,117184,2,1
58593,83,697.3,403.5,3516,117186,2,1
58594,83,697.5,403.8,3516,117188,2,1
58595,83,697.7,404,3516,117190,2,1
58596,83,697.9,404.2,3516,117192,2,1
58597,83,697.9,404.3,3516,117194,2,1
58598,83,697.9,404.4,3516,117196,2,1
58599,83,697.7,404.6,3516,117198,2,1
58600,83,697.5,405.1,3516,117200,2,1
58601,83,697.1,405.7,3516,117202,2,1
58602,83,696.7,406.3,3516,117204,2,1
58603,83,696.1,406.9,3516,117206,2,1
58604,83,695.7,407.2,3517,117208,2,1
58605,83,695.5,407.4,3517,117210,2,1
58606,83,695.6,407.4,3517,117212,2,1
58607,83,695.8,407.2,3517,117214,2,1
58608,83,696,407,3517,117216,2,1
58609,83,696.3,406.8,3517,117218,2,1
58610,83,696.7,406.6,3517,117220,2,1
58611,83,697.2,406.7,3517,117222,2,1
58612,83,697.6,406.8,3517,117224,2,1
58613,83,698,406.9,3517,117226,2,1
58614,83,698.4,407.4,3517,117228,2,1
58615,83,698.8,407.9,3517,117230,2,1
58616,83,699.1,408.5,3517,117232,2,1
58617,83,699.3,409.2,3517,117234,2,1
58618,83,699.5,409.7,3517,117236,2,1
58619,83,699.7,410.2,3517,117238,2,1
58620,83,699.7,410.6,3518,117240,2,1
58621,83,699.9,410.5,3518,117242,2,1
58622,83,699.9,410.4,3518,117244,2,1
58623,83,699.9,410,3518,117246,2,1
58624,83,699.7,409.8,3518,117248,2,1
58625,83,699.4,409.7,3518,117250,2,1
58626,83,698.9,409.7,3518,117252,2,1
58627,83,698.5,409.7,3518,117254,2,1
58628,83,698.2,409.6,3518,117256,2,1
58629,83,698.1,409.5,3518,117258,2,1
58630,83,698.2,409.3,3518,117260,2,1
58631,83,698.6,409.1,3518,117262,2,1
58632,83,699.1,409,3518,117264,2,1
58633,83,699.5,408.9,3518,117266,2,1
58634,83,699.8,408.9,3518,117268,2,1
58635,83,700,409,3518,117270,2,1
58636,83,700,409.3,3518,117272,2,1
58637,83,699.9,409.4,3519,117274,2,1
58638,83,699.8,409.5,3519,117276,2,1
58639,83,699.7,409.7,3519,117278,2,1
58640,83,699.7,409.8,3519,117280,2,1
58641,83,699.8,409.9,3519,117282,2,1
58642,83,700,409.7,3519,117284,2,1
58643,83,700.3,409.5,3519,117286,2,1
58644,83,700.7,409.4,3519,117288,2,1
58645,83,701.1,409.5,3519,117290,2,1
58646,83,701.4,409.5,3519,117292,2,1
58647,83,702.6,409.7,3519,117294,2,1
58648,83,703.6,410,3519,117296,2,1
58649,83,704.7,410.5,3519,117298,2,1
58650,83,705.6,411,3519,117300,2,1
58651,83,706.1,411.6,3519,117302,2,1
58652,83,706.6,412,3519,117304,2,1
58653,83,707.2,412.5,3519,117306,2,1
58654,83,707.2,413,3520,117308,2,1
58655,83,707.3,413.5,3520,117310,2,1
58656,83,707.4,414,3520,117312,2,1
58657,83,707.5,414.4,3520,117314,2,1
58658,83,707.8,414.6,3520,117316,2,1
58659,83,707.9,414.9,3520,117318,2,1
58660,83,707.8,415.2,3520,117320,2,1
58661,83,706.8,415.7,3520,117322,2,1
58662,83,705.7,416.1,3520,117324,2,1
58663,83,704.6,416.9,3520,117326,2,1
58664,83,703.4,418,3520,117328,2,1
58665,83,702.4,419.3,3520,117330,2,1
58666,83,701.5,420.4,3520,117332,2,1
58667,83,700.5,421.4,3520,117334,2,1
58668,83,700.3,422.1,3520,117336,2,1
58669,83,699.9,422.5,3520,117338,2,1
58670,83,699.6,422.5,3521,117340,2,1
58671,83,699.3,422.1,3521,117342,2,1
58672,83,699.2,421.7,3521,117344,2,1
58673,83,699,421.4,3521,117346,2,1
58674,83,699,421.3,3521,117348,2,1
58675,83,699,421.2,3521,117350,2,1
58676,83,699.2,421.6,3521,117352,2,1
58677,83,699.1,422.1,3521,117354,2,1
58678,83,699.1,422.6,3521,117356,2,1
58679,83,699.1,423.3,3521,117358,2,1
58680,83,698.8,423.7,3521,117360,2,1
58681,83,698.5,424.2,3521,117362,2,1
58682,83,698.1,424.5,3521,117364,2,1
58683,83,697.8,424.8,3521,117366,2,1
58684,83,697.4,425.1,3521,117368,2,1
58685,83,697.1,425.4,3521,117370,2,1
58686,83,696.6,425.8,3521,117372,2,1
58687,83,696,426.1,3522,117374,2,1
58688,83,695.5,426.8,3522,117376,2,1
58689,83,695,427.1,3522,117378,2,1
58690,83,694.6,427.2,3522,117380,2,1
58691,83,694.3,427.2,3522,117382,2,1
58692,83,694,427.1,3522,117384,2,1
58693,83,693.9,427.2,3522,117386,2,1
58694,83,694,427.2,3522,117388,2,1
58695,83,694.3,427.7,3522,117390,2,1
58696,83,694.6,428.2,3522,117392,2,1
58697,83,695,428.6,3522,117394,2,1
58698,83,695.3,429,3522,117396,2,1
58699,83,696,429.5,3522,117398,2,1
58700,83,696.5,430,3522,117400,2,1
58701,83,697.1,430.2,3522,117402,2,1
58702,83,697.5,429.7,3522,117404,2,1
58703,83,697.8,428.7,3522,117406,2,1
58704,83,698,427.7,3523,117408,2,1
58705,83,698.1,426.9,3523,117410,2,1
58706,83,697.6,426,3523,117412,2,1
58707,83,697.1,425.2,3523,117414,2,1
58708,83,696.7,424.8,3523,117416,2,1
58709,83,696.4,424.7,3523,117418,2,1
58710,83,696.6,425.4,3523,117420,2,1
58711,83,696.9,426.1,3523,117422,2,1
58712,83,697.2,426.9,3523,117424,2,1
58713,83,697.8,427.6,3523,117426,2,1
58714,83,698.4,428.3,3523,117428,2,1
58715,83,698.8,428.9,3523,117430,2,1
58716,83,698.8,429.5,3523,117432,2,1
58717,83,698.4,429.3,3523,117434,2,1
58718,83,698,429.1,3523,117436,2,1
58719,83,697.7,428.9,3523,117438,2,1
58720,83,697.4,428.7,3524,117440,2,1
58721,83,697.5,428.5,3524,117442,2,1
58722,83,697.6,428.4,3524,117444,2,1
58723,83,698,428.2,3524,117446,2,1
58724,83,698.4,428.5,3524,117448,2,1
58725,83,698.9,429.1,3524,117450,2,1
58726,83,699.4,429.8,3524,117452,2,1
58727,83,699.8,430.5,3524,117454,2,1
58728,83,699.8,431.2,3524,117456,2,1
58729,83,699.8,431.9,3524,117458,2,1
58730,83,699.9,432.7,3524,117460,2,1
58731,83,700.1,433.1,3524,117462,2,1
58732,83,700.3,433.2,3524,117464,2,1
58733,83,700.4,433.2,3524,117466,2,1
58734,83,700.6,433.3,3524,117468,2,1
58735,83,700.7,433.4,3524,117470,2,1
58736,83,700.7,433.3,3524,117472,2,1
58737,83,700.3,433.2,3525,117474,2,1
58738,83,699.7,433.1,3525,117476,2,1
58739,83,699,432.9,3525,117478,2,1
58740,83,698.3,432.8,3525,117480,2,1
58741,83,697.6,432.7,3525,117482,2,1
58742,83,697.1,432.7,3525,117484,2,1
58743,83,696.6,432.6,3525,117486,2,1
58744,83,696.7,432.7,3525,117488,2,1
58745,83,696.9,432.5,3525,117490,2,1
58746,83,697,431.9,3525,117492,2,1
58747,83,697.1,431.4,3525,117494,2,1
58748,83,697.4,430.9,3525,117496,2,1
58749,83,697.7,430.8,3525,117498,2,1
58750,83,698,430.8,3525,117500,2,1
58751,83,698.1,431.2,3525,117502,2,1
58752,83,698.2,431.7,3525,117504,2,1
58753,83,698.3,432.5,3525,117506,2,1
58754,83,698.5,433,3526,117508,2,1
58755,83,698.4,433.1,3526,117510,2,1
58756,83,698.1,432.9,3526,117512,2,1
58757,83,697.8,432.7,3526,117514,2,1
58758,83,697.7,432,3526,117516,2,1
58759,83,697.5,431.5,3526,117518,2,1
58760,83,697.2,431.2,3526,117520,2,1
58761,83,697,431.4,3526,117522,2,1
58762,83,696.7,431.8,3526,117524,2,1
58763,83,696.6,432.3,3526,117526,2,1
58764,83,696.4,432.8,3526,117528,2,1
58765,83,696.3,433.5,3526,117530,2,1
58766,83,696.6,434.1,3526,117532,2,1
58767,83,696.8,434.5,3526,117534,2,1
58768,83,697.1,434.4,3526,117536,2,1
58769,83,697.4,434.4,3526,117538,2,1
58770,83,697.8,434.4,3527,117540,2,1
58771,83,698,434.3,3527,117542,2,1
58772,83,698.3,434.3,3527,117544,2,1
58773,83,698.3,434.2,3527,117546,2,1
58774,83,698.2,434.1,3527,117548,2,1
58775,83,698.2,434,3527,117550,2,1
58776,83,698.1,434,3527,117552,2,1
58777,83,698,434,3527,117554,2,1
58778,83,698,433.9,3527,117556,2,1
58779,83,697.9,433.8,3527,117558,2,1
58780,83,697.6,433.7,3527,117560,2,1
58781,83,697.1,433.5,3527,117562,2,1
58782,83,696.7,433.4,3527,117564,2,1
58783,83,696.4,433.4,3527,117566,2,1
58784,83,696.1,433.3,3527,117568,2,1
58785,83,695.9,433.3,3527,117570,2,1
58786,83,695.7,433.2,3527,117572,2,1
58787,83,695.8,433.2,3528,117574,2,1
58788,83,696,433.4,3528,117576,2,1
58789,83,696.2,433.4,3528,117578,2,1
58790,83,696.4,433.5,3528,117580,2,1
58791,83,696.5,433.7,3528,117582,2,1
58792,83,696.6,433.7,3528,117584,2,1
58793,83,696.5,433.7,3528,117586,2,1
58794,83,696.2,433.8,3528,117588,2,1
58795,83,695.9,433.9,3528,117590,2,1
58796,83,695.5,434,3528,117592,2,1
58797,83,695,434.2,3528,117594,2,1
58798,83,694.7,434.3,3528,117596,2,1
58799,83,694.3,434.6,3528,117598,2,1
58800,83,694.2,434.9,3528,117600,2,1
58801,83,694.2,435,3528,117602,2,1
58802,83,694.4,435.2,3528,117604,2,1
58803,83,694.5,435.4,3528,117606,2,1
58804,83,694.7,435.2,3529,117608,2,1
58805,83,694.7,435.1,3529,117610,2,1
58806,83,694.8,434.6,3529,117612,2,1
58807,83,694.7,434.2,3529,117614,2,1
58808,83,694.7,433.9,3529,117616,2,1
58809,83,694.5,433.6,3529,117618,2,1
58810,83,694.5,434,3529,117620,2,1
58811,83,694.5,434.6,3529,117622,2,1
58812,83,694.5,435.4,3529,117624,2,1
58813,83,694.3,436.3,3529,117626,2,1
58814,83,694.4,437.1,3529,117628,2,1
58815,83,694.5,437.8,3529,117630,2,1
58816,83,694.8,438.1,3529,117632,2,1
58817,83,695.2,437.4,3529,117634,2,1
58818,83,695.5,436.7,3529,117636,2,1
58819,83,695.6,436,3529,117638,2,1
58820,83,695.8,435.2,3530,117640,2,1
58821,83,695.8,434.7,3530,117642,2,1
58822,83,695.6,434.2,3530,117644,2,1
58823,83,695.3,434,3530,117646,2,1
58824,83,694.9,434.1,3530,117648,2,1
58825,83,694.7,434.3,3530,117650,2,1
58826,83,694.5,434.7,3530,117652,2,1
58827,83,694.3,435,3530,117654,2,1
58828,83,694.1,435.4,3530,117656,2,1
58829,83,693.8,436,3530,117658,2,1
58830,83,693.5,436.8,3530,117660,2,1
58831,83,693.3,437.5,3530,117662,2,1
58832,83,693.1,438.1,3530,117664,2,1
58833,83,693,438.6,3530,117666,2,1
58834,83,692.9,438.9,3530,117668,2,1
58835,83,692.8,439.2,3530,117670,2,1
58836,83,692.8,439.3,3530,117672,2,1
58837,83,692.7,439.3,3531,117674,2,1
58838,83,692.7,439.3,3531,117676,2,1
58839,83,692.6,439.4,3531,117678,2,1
58840,83,692.6,439.4,3531,117680,2,1
58841,83,692.7,439.4,3531,117682,2,1
58842,83,692.8,439.2,3531,117684,2,1
58843,83,693,439.1,3531,117686,2,1
58844,83,693.3,439,3531,117688,2,1
58845,83,693.4,438.8,3531,117690,2,1
58846,83,693.3,438.5,3531,117692,2,1
58847,83,693.2,438,3531,117694,2,1
58848,83,693,437.4,3531,117696,2,1
58849,83,692.8,436.8,3531,117698,2,1
58850,83,692.5,436.3,3531,117700,2,1
58851,83,692.2,435.8,3531,117702,2,1
58852,83,692,435.9,3531,117704,2,1
58853,83,691.9,436.1,3531,117706,2,1
58854,83,692.1,436.6,3532,117708,2,1
58855,83,692.4,437.2,3532,117710,2,1
58856,83,692.7,437.7,3532,117712,2,1
58857,83,693.3,438.3,3532,117714,2,1
58858,83,693.9,438.8,3532,117716,2,1
58859,83,694.6,438.6,3532,117718,2,1
58860,83,695.2,438.4,3532,117720,2,1
58861,83,695.2,438.2,3532,117722,2,1
58862,83,695.1,438,3532,117724,2,1
58863,83,695,437.7,3532,117726,2,1
58864,83,694.8,437.4,3532,117728,2,1
58865,83,694.6,437.2,3532,117730,2,1
58866,83,694.7,436.9,3532,117732,2,1
58867,83,694.9,436.6,3532,117734,2,1
58868,83,695.3,436.3,3532,117736,2,1
58869,83,695.7,436,3532,117738,2,1
58870,83,695.7,435.9,3533,117740,2,1
58871,83,695.6,436.1,3533,117742,2,1
58872,83,695.4,436.3,3533,117744,2,1
58873,83,694.9,436.6,3533,117746,2,1
58874,83,694.4,437,3533,117748,2,1
58875,83,694,437.4,3533,117750,2,1
58876,83,693.7,437.7,3533,117752,2,1
58877,83,693.7,438.1,3533,117754,2,1
58878,83,693.7,438.1,3533,117756,2,1
58879,83,693.8,438.1,3533,117758,2,1
58880,83,693.7,438.2,3533,117760,2,1
58881,83,693.5,438.2,3533,117762,2,1
58882,83,693.4,438.1,3533,117764,2,1
58883,83,693.2,437.8,3533,117766,2,1
58884,83,692.9,437.6,3533,117768,2,1
58885,83,692.6,437.3,3533,117770,2,1
58886,83,692.4,437.1,3533,117772,2,1
58887,83,692.4,437,3534,117774,2,1
58888,83,692.3,437,3534,117776,2,1
58889,83,692.2,437.1,3534,117778,2,1
58890,83,692.2,437.4,3534,117780,2,1
58891,83,692.1,437.8,3534,117782,2,1
58892,83,692,438.4,3534,117784,2,1
58893,83,691.9,438.9,3534,117786,2,1
58894,83,691.8,439.5,3534,117788,2,1
58895,83,691.7,439.9,3534,117790,2,1
58896,83,691.6,440.4,3534,117792,2,1
58897,83,691.5,440.8,3534,117794,2,1
58898,83,691.3,441,3534,117796,2,1
58899,83,691.2,440.7,3534,117798,2,1
58900,83,691,440.5,3534,117800,2,1
58901,83,690.8,440.2,3534,117802,2,1
58902,83,690.4,439.9,3534,117804,2,1
58903,83,690.2,439.5,3534,117806,2,1
58904,83,689.9,439.2,3535,117808,2,1
58905,83,689.7,439,3535,117810,2,1
58906,83,689.6,438.9,3535,117812,2,1
58907,83,689.9,439.2,3535,117814,2,1
58908,83,690.2,439.5,3535,117816,2,1
58909,83,690.6,439.8,3535,117818,2,1
58910,83,691,440.3,3535,117820,2,1
58911,83,691.5,440.9,3535,117822,2,1
58912,83,692.1,441.3,3535,117824,2,1
58913,83,692.7,441.8,3535,117826,2,1
58914,83,692.8,441.9,3535,117828,2,1
58915,83,692.8,441.9,3535,117830,2,1
58916,83,692.9,442,3535,117832,2,1
58917,83,693.1,442,3535,117834,2,1
58918,83,692.9,442.1,3535,117836,2,1
58919,83,692.6,442.2,3535,117838,2,1
58920,83,691.8,442.3,3536,117840,2,1
58921,83,691,442.5,3536,117842,2,1
58922,83,690.2,442.7,3536,117844,2,1
58923,83,689.4,442.9,3536,117846,2,1
58924,83,688.7,443.3,3536,117848,2,1
58925,83,688.1,443.8,3536,117850,2,1
58926,83,687.9,444.1,3536,117852,2,1
58927,83,688.8,444.2,3536,117854,2,1
58928,83,689.7,443.8,3536,117856,2,1
58929,83,690.5,443.4,3536,117858,2,1
58930,83,691.2,442.9,3536,117860,2,1
58931,83,691.9,442.5,3536,117862,2,1
58932,83,692.6,441.8,3536,117864,2,1
58933,83,693.2,441.4,3536,117866,2,1
58934,83,693.1,441.2,3536,117868,2,1
58935,83,692.9,441.4,3536,117870,2,1
58936,83,692.9,441.7,3536,117872,2,1
58937,83,692.8,441.9,3537,117874,2,1
58938,83,692.8,441.9,3537,117876,2,1
58939,83,692.7,441.9,3537,117878,2,1
58940,83,692.7,442,3537,117880,2,1
58941,83,692.7,442.2,3537,117882,2,1
58942,83,692.7,442.3,3537,117884,2,1
58943,83,692.9,442.5,3537,117886,2,1
58944,83,693.1,442.5,3537,117888,2,1
58945,83,693.6,442.5,3537,117890,2,1
58946,83,694.1,442.5,3537,117892,2,1
58947,83,694.4,442.5,3537,117894,2,1
58948,83,694.7,442.2,3537,117896,2,1
58949,83,694.9,442.3,3537,117898,2,1
58950,83,695,442.4,3537,117900,2,1
58951,83,695.2,442.3,3537,117902,2,1
58952,83,695.1,442,3537,117904,2,1
58953,83,695,441.8,3537,117906,2,1
58954,83,695,441.5,3538,117908,2,1
58955,83,695,441.1,3538,117910,2,1
58956,83,695,440.6,3538,117912,2,1
58957,83,695.1,440.2,3538,117914,2,1
58958,83,695.3,440,3538,117916,2,1
58959,83,695.5,440.1,3538,117918,2,1
58960,83,695.6,440.2,3538,117920,2,1
58961,83,695.7,440.3,3538,117922,2,1
58962,83,695.6,440.3,3538,117924,2,1
58963,83,695.4,440.4,3538,117926,2,1
58964,83,695.2,440.6,3538,117928,2,1
58965,83,694.9,440.6,3538,117930,2,1
58966,83,694.8,440.6,3538,117932,2,1
58967,83,694.8,440.5,3538,117934,2,1
58968,83,694.8,440.2,3538,117936,2,1
58969,83,695,439.9,3538,117938,2,1
58970,83,695.3,439.5,3539,117940,2,1
58971,83,695.7,439.2,3539,117942,2,1
58972,83,695.9,438.7,3539,117944,2,1
58973,83,695.9,438,3539,117946,2,1
58974,83,696,437.3,3539,117948,2,1
58975,83,696.1,436.4,3539,117950,2,1
58976,83,696.3,435.7,3539,117952,2,1
58977,83,696.7,434.8,3539,117954,2,1
58978,83,697.6,433.8,3539,117956,2,1
58979,83,698.6,432.7,3539,117958,2,1
58980,83,699.6,431.7,3539,117960,2,1
58981,83,700.5,431,3539,117962,2,1
58982,83,701.4,430.3,3539,117964,2,1
58983,83,702.1,429.5,3539,117966,2,1
58984,83,702.8,428.5,3539,117968,2,1
58985,83,702.8,427.5,3539,117970,2,1
58986,83,702.8,426.2,3539,117972,2,1
58987,83,702.5,424.4,3540,117974,2,1
58988,83,702.4,422.9,3540,117976,2,1
58989,83,702.2,421.6,3540,117978,2,1
58990,83,702,420.6,3540,117980,2,1
58991,83,701.7,419.5,3540,117982,2,1
58992,83,701.5,418.7,3540,117984,2,1
58993,83,701.2,418.3,3540,117986,2,1
58994,83,701,417.9,3540,117988,2,1
58995,83,700.8,417.6,3540,117990,2,1
58996,83,700.6,417.3,3540,117992,2,1
58997,83,700.5,417.1,3540,117994,2,1
58998,83,700.5,416.7,3540,117996,2,1
58999,83,700.8,416.4,3540,117998,2,1
59000,83,701.2,415.6,3540,118000,2,1
59001,83,701.7,415,3540,118002,2,1
59002,83,702.4,414.4,3540,118004,2,1
59003,83,703.1,413.7,3540,118006,2,1
59004,83,704.2,413.1,3541,118008,2,1
59005,83,705.1,412.6,3541,118010,2,1
59006,83,705.8,411.9,3541,118012,2,1
59007,83,706.4,411.2,3541,118014,2,1
59008,83,707.2,410,3541,118016,2,1
59009,83,707.8,408.7,3541,118018,2,1
59010,83,708.8,407.1,3541,118020,2,1
59011,83,709.5,405.5,3541,118022,2,1
59012,83,710.1,403.9,3541,118024,2,1
59013,83,710.8,402.8,3541,118026,2,1
59014,83,711.5,403.3,3541,118028,2,1
59015,83,711.9,404.8,3541,118030,2,1
59016,83,712.1,407.5,3541,118032,2,1
59017,83,711.6,413.3,3541,118034,2,1
59018,83,710.9,420.3,3541,118036,2,1
59019,83,710.2,427.2,3541,118038,2,1
59020,83,709.1,438,3542,118040,2,1
59021,83,707.8,453.1,3542,118042,2,1
59022,83,706.4,467.8,3542,118044,2,1
59023,83,704.6,491.5,3542,118046,2,1
59024,83,702.9,522.9,3542,118048,2,1
59025,83,701.3,557,3542,118050,2,1
59026,83,700.2,591.7,3542,118052,2,1
59027,83,699.2,635.5,3542,118054,2,1
59028,83,698.5,679,3542,118056,2,1
59029,83,698.4,723.2,3542,118058,2,1
59030,83,699.1,772.5,3542,118060,2,1
59031,83,700.3,812.7,3542,118062,2,1
59032,83,702.2,850.8,3542,118064,2,1
59033,83,705.7,890.6,3542,118066,2,1
59034,83,721.1,920.5,3542,118068,2,1
59035,83,741.4,944.4,3542,118070,2,1
59036,83,765.2,968.4,3542,118072,2,1
59037,83,791.3,975.9,3543,118074,2,1
59038,83,873.4,1024,3543,118076,2,1
59039,83,958.1,-9999,3543,118078,2,1
59040,83,1044.8,-9999,3543,118080,2,1
59041,83,1123.9,-9999,3543,118082,2,1
59042,83,1200.6,-9999,3543,118084,2,1
59043,83,1277.3,-9999,3543,118086,2,1
59044,83,-9999,-9999,3543,118088,2,1
59045,83,-9999,-9999,3543,118090,2,1
59046,83,-9999,-9999,3543,118092,2,1
59047,83,-9999,-9999,3543,118094,2,1
59048,83,-9999,-9999,3543,118096,2,1
59049,83,-9999,-9999,3543,118098,2,1
59050,83,-9999,-9999,3543,118100,2,1
59051,83,-9999,-9999,3543,118102,2,1
59052,83,-9999,-9999,3543,118104,2,1
59053,83,-9999,-9999,3543,118106,2,1
59054,83,-9999,-9999,3544,118108,2,1
59055,83,1270.4,-9999,3544,118110,2,1
59056,83,1186.5,-9999,3544,118112,2,1
59057,83,1103,-9999,3544,118114,2,1
59058,83,1020.4,-9999,3544,118116,2,1
59059,83,938.2,-9999,3544,118118,2,1
59060,83,887.5,976.1,3544,118120,2,1
59061,83,833.4,915.4,3544,118122,2,1
59062,83,814.4,897.7,3544,118124,2,1
59063,83,794,876.9,3544,118126,2,1
59064,83,768.3,861.4,3544,118128,2,1
59065,83,745.1,830.3,3544,118130,2,1
59066,83,725.5,786.1,3544,118132,2,1
59067,83,704.7,742.6,3544,118134,2,1
59068,83,692.9,691.6,3544,118136,2,1
59069,83,679.6,641.5,3544,118138,2,1
59070,83,665.6,601.9,3545,118140,2,1
59071,83,654.1,568.3,3545,118142,2,1
59072,83,639.7,549.9,3545,118144,2,1
59073,83,620.7,544,3545,118146,2,1
59074,83,601.1,538.4,3545,118148,2,1
59075,83,579.2,540.3,3545,118150,2,1
59076,83,558.5,542.2,3545,118152,2,1
59077,83,536.9,544.4,3545,118154,2,1
59078,83,517.9,546.8,3545,118156,2,1
59079,83,499.4,549.5,3545,118158,2,1
59080,83,483.9,552.1,3545,118160,2,1
59081,83,470.8,554.7,3545,118162,2,1
59082,83,458.2,558.4,3545,118164,2,1
59083,83,447.3,563.6,3545,118166,2,1
59084,83,439.3,569.7,3545,118168,2,1
59085,83,431.7,575.6,3545,118170,2,1
59086,83,425.7,581.4,3545,118172,2,1
59087,83,420.5,589.6,3546,118174,2,1
59088,83,414.1,598.9,3546,118176,2,1
59089,83,409.2,608.6,3546,118178,2,1
59090,83,405,617.5,3546,118180,2,1
59091,83,400.4,626.9,3546,118182,2,1
59092,83,395.3,635.9,3546,118184,2,1
59093,83,390.9,646.4,3546,118186,2,1
59094,83,386.9,654.1,3546,118188,2,1
59095,83,384.7,660.6,3546,118190,2,1
59096,83,382.7,664.7,3546,118192,2,1
59097,83,380.3,668.3,3546,118194,2,1
59098,83,378.6,670.8,3546,118196,2,1
59099,83,377.5,673.1,3546,118198,2,1
59100,83,376.6,674,3546,118200,2,1
59101,83,375.5,674.6,3546,118202,2,1
59102,83,374.7,675,3546,118204,2,1
59103,83,373.8,675.4,3546,118206,2,1
59104,83,373,675.2,3547,118208,2,1
59105,83,372.5,675,3547,118210,2,1
59106,83,371.8,674.8,3547,118212,2,1
59107,83,371,674.6,3547,118214,2,1
59108,83,369.7,674.8,3547,118216,2,1
59109,83,368.3,675.6,3547,118218,2,1
59110,83,367,676.5,3547,118220,2,1
59111,83,366.1,677.2,3547,118222,2,1
59112,83,365.3,677.9,3547,118224,2,1
59113,83,365,678.4,3547,118226,2,1
59114,83,364.8,679.1,3547,118228,2,1
59115,83,365.5,679.4,3547,118230,2,1
59116,83,367.3,679,3547,118232,2,1
59117,83,372.3,678.5,3547,118234,2,1
59118,83,381.4,677.3,3547,118236,2,1
59119,83,395.7,674,3547,118238,2,1
59120,83,415.8,670.3,3548,118240,2,1
59121,83,442.3,666.2,3548,118242,2,1
59122,83,474.1,659.2,3548,118244,2,1
59123,83,510.9,651,3548,118246,2,1
59124,83,549.3,640.9,3548,118248,2,1
59125,83,587.6,629.4,3548,118250,2,1
59126,83,623.5,618,3548,118252,2,1
59127,83,655.8,605.5,3548,118254,2,1
59128,83,683.7,593.1,3548,118256,2,1
59129,83,705.9,583.2,3548,118258,2,1
59130,83,722.2,574.6,3548,118260,2,1
59131,83,735.2,567.4,3548,118262,2,1
59132,83,746,562,3548,118264,2,1
59133,83,754.9,557.5,3548,118266,2,1
59134,83,764.4,551.7,3548,118268,2,1
59135,83,775.6,543.6,3548,118270,2,1
59136,83,787.3,534.7,3548,118272,2,1
59137,83,799.1,524.2,3549,118274,2,1
59138,83,809.5,514.4,3549,118276,2,1
59139,83,817.9,504.6,3549,118278,2,1
59140,83,824.9,496.2,3549,118280,2,1
59141,83,828.1,492,3549,118282,2,1
59142,83,827.5,491,3549,118284,2,1
59143,83,826,491,3549,118286,2,1
59144,83,824.5,492.4,3549,118288,2,1
59145,83,822.9,493.9,3549,118290,2,1
59146,83,821.4,495.4,3549,118292,2,1
59147,83,821.6,496.6,3549,118294,2,1
59148,83,822.6,496.2,3549,118296,2,1
59149,83,823.8,495.5,3549,118298,2,1
59150,83,825.1,494.1,3549,118300,2,1
59151,83,826.1,492.8,3549,118302,2,1
59152,83,827.2,491.5,3549,118304,2,1
59153,83,828.3,490.5,3549,118306,2,1
59154,83,828,490.2,3550,118308,2,1
59155,83,827.7,490.4,3550,118310,2,1
59156,83,827.4,490.7,3550,118312,2,1
59157,83,827.2,491.8,3550,118314,2,1
59158,83,827.1,492.9,3550,118316,2,1
59159,83,827,494.1,3550,118318,2,1
59160,83,826.9,494.8,3550,118320,2,1
59161,83,826.8,495.2,3550,118322,2,1
59162,83,826.7,495.6,3550,118324,2,1
59163,83,826.6,496,3550,118326,2,1
59164,83,826.5,496.2,3550,118328,2,1
59165,83,826.5,496.2,3550,118330,2,1
59166,83,826.5,496.3,3550,118332,2,1
59167,83,825.9,496.4,3550,118334,2,1
59168,83,825.4,496.5,3550,118336,2,1
59169,83,824.9,496.6,3550,118338,2,1
59170,83,824.3,496.7,3551,118340,2,1
59171,83,823.9,496.7,3551,118342,2,1
59172,83,823.8,496.5,3551,118344,2,1
59173,83,823.9,496.1,3551,118346,2,1
59174,83,824.6,495.5,3551,118348,2,1
59175,83,825.4,494.9,3551,118350,2,1
59176,83,826.2,494.3,3551,118352,2,1
59177,83,827,493.9,3551,118354,2,1
59178,83,827.8,493.5,3551,118356,2,1
59179,83,827.6,493.3,3551,118358,2,1
59180,83,827.2,493.5,3551,118360,2,1
59181,83,826.7,493.6,3551,118362,2,1
59182,83,826.3,493.8,3551,118364,2,1
59183,83,826.1,494,3551,118366,2,1
59184,83,825.8,494.3,3551,118368,2,1
59185,83,825.5,494.6,3551,118370,2,1
59186,83,825.8,494.7,3551,118372,2,1
59187,83,826.1,494.7,3552,118374,2,1
59188,83,826.4,494.9,3552,118376,2,1
59189,83,826.5,495.1,3552,118378,2,1
59190,83,826.5,495.4,3552,118380,2,1
59191,83,826.5,495.6,3552,118382,2,1
59192,83,826.6,495.9,3552,118384,2,1
59193,83,826.8,496.1,3552,118386,2,1
59194,83,827,496.5,3552,118388,2,1
59195,83,827.2,497,3552,118390,2,1
59196,83,827.5,497.4,3552,118392,2,1
59197,83,827.9,497.7,3552,118394,2,1
59198,83,828.3,498,3552,118396,2,1
59199,83,828.6,498.1,3552,118398,2,1
59200,83,828.8,498.9,3552,118400,2,1
59201,83,829,499.5,3552,118402,2,1
59202,83,829.2,500,3552,118404,2,1
59203,83,829.3,500.5,3552,118406,2,1
59204,83,829.4,500.9,3553,118408,2,1
59205,83,829.4,501.3,3553,118410,2,1
59206,83,829.4,501.3,3553,118412,2,1
59207,83,829.4,500.9,3553,118414,2,1
59208,83,829.4,500.5,3553,118416,2,1
59209,83,829.5,500.1,3553,118418,2,1
59210,83,829.5,499.9,3553,118420,2,1
59211,83,829.5,499.8,3553,118422,2,1
59212,83,829.5,499.6,3553,118424,2,1
59213,83,829.6,500.1,3553,118426,2,1
59214,83,829.6,500.5,3553,118428,2,1
59215,83,829.6,501.1,3553,118430,2,1
59216,83,829.7,501.5,3553,118432,2,1
59217,83,830.2,501.9,3553,118434,2,1
59218,83,830.6,502.2,3553,118436,2,1
59219,83,831.1,502.7,3553,118438,2,1
59220,83,831.5,502.7,3554,118440,2,1
59221,83,831.9,502.9,3554,118442,2,1
59222,83,832.2,502.9,3554,118444,2,1
59223,83,832.6,503.1,3554,118446,2,1
59224,83,832.6,503.2,3554,118448,2,1
59225,83,832.7,503.1,3554,118450,2,1
59226,83,832.9,503,3554,118452,2,1
59227,83,833.1,502.8,3554,118454,2,1
59228,83,833.4,502.6,3554,118456,2,1
59229,83,833.7,502.3,3554,118458,2,1
59230,83,833.9,502,3554,118460,2,1
59231,83,833.3,501.7,3554,118462,2,1
59232,83,833,501.4,3554,118464,2,1
59233,83,832.8,501.1,3554,118466,2,1
59234,83,833.4,500.7,3554,118468,2,1
59235,83,834.1,500.3,3554,118470,2,1
59236,83,835.2,499.9,3554,118472,2,1
59237,83,836.3,499.5,3555,118474,2,1
59238,83,838.1,498.9,3555,118476,2,1
59239,83,839.6,498.4,3555,118478,2,1
59240,83,840.5,498.1,3555,118480,2,1
59241,83,840.5,497.9,3555,118482,2,1
59242,83,840.6,497.7,3555,118484,2,1
59243,83,840.3,497.6,3555,118486,2,1
59244,83,840,497.6,3555,118488,2,1
59245,83,839.7,497.6,3555,118490,2,1
59246,83,839.5,497.7,3555,118492,2,1
59247,83,839.9,497.6,3555,118494,2,1
59248,83,840.5,497.6,3555,118496,2,1
59249,83,841,497.5,3555,118498,2,1
59250,83,841.6,497.4,3555,118500,2,1
59251,83,842.1,497.2,3555,118502,2,1
59252,83,842.7,496.9,3555,118504,2,1
59253,83,843.2,496.7,3555,118506,2,1
59254,83,843.5,496.5,3556,118508,2,1
59255,83,843.6,496.4,3556,118510,2,1
59256,83,843.6,496.2,3556,118512,2,1
59257,83,843.6,495.8,3556,118514,2,1
59258,83,843.4,495.4,3556,118516,2,1
59259,83,843.3,495.1,3556,118518,2,1
59260,83,843.1,494.7,3556,118520,2,1
59261,83,842.8,494.3,3556,118522,2,1
59262,83,842.4,494,3556,118524,2,1
59263,83,842,494.1,3556,118526,2,1
59264,83,841.8,494.4,3556,118528,2,1
59265,83,841.8,494.8,3556,118530,2,1
59266,83,841.9,495.1,3556,118532,2,1
59267,83,841.9,495.5,3556,118534,2,1
59268,83,842.2,495.9,3556,118536,2,1
59269,83,842.5,496.9,3556,118538,2,1
59270,83,842.9,497.4,3557,118540,2,1
59271,83,843.5,497.8,3557,118542,2,1
59272,83,843.9,497.8,3557,118544,2,1
59273,83,844.3,497.7,3557,118546,2,1
59274,83,844.8,497.2,3557,118548,2,1
59275,83,845.3,496.7,3557,118550,2,1
59276,83,845.4,495.7,3557,118552,2,1
59277,83,845.5,494.7,3557,118554,2,1
59278,83,845.4,493.8,3557,118556,2,1
59279,83,845.3,493.4,3557,118558,2,1
59280,83,845.1,493.3,3557,118560,2,1
59281,83,844.8,493.4,3557,118562,2,1
59282,83,844.5,493.5,3557,118564,2,1
59283,83,844.4,493.5,3557,118566,2,1
59284,83,844.3,493.6,3557,118568,2,1
59285,83,843.9,493.6,3557,118570,2,1
59286,83,843.5,492.9,3557,118572,2,1
59287,83,843.1,492.2,3558,118574,2,1
59288,83,842.8,491.5,3558,118576,2,1
59289,83,842.6,490.8,3558,118578,2,1
59290,83,842.5,490.5,3558,118580,2,1
59291,83,842.5,490.1,3558,118582,2,1
59292,83,842.8,489.8,3558,118584,2,1
59293,83,843.1,489.8,3558,118586,2,1
59294,83,843.4,489.9,3558,118588,2,1
59295,83,843.6,489.6,3558,118590,2,1
59296,83,843.2,489.1,3558,118592,2,1
59297,83,842.8,488.6,3558,118594,2,1
59298,83,842.4,488.1,3558,118596,2,1
59299,83,842.4,487.4,3558,118598,2,1
59300,83,842.4,486.8,3558,118600,2,1
59301,83,842.4,486.2,3558,118602,2,1
59302,83,842.4,486.2,3558,118604,2,1
59303,83,842.7,486.1,3558,118606,2,1
59304,83,842.2,486.2,3559,118608,2,1
59305,83,841.4,486.2,3559,118610,2,1
59306,83,840,486.4,3559,118612,2,1
59307,83,837.1,483.8,3559,118614,2,1
59308,83,833.2,479.2,3559,118616,2,1
59309,83,828.7,473.3,3559,118618,2,1
59310,83,823.4,465.5,3559,118620,2,1
59311,83,816.9,455.9,3559,118622,2,1
59312,83,810.7,445,3559,118624,2,1
59313,83,803.5,432.6,3559,118626,2,1
59314,83,797.7,423,3559,118628,2,1
59315,83,791.4,415.2,3559,118630,2,1
59316,83,785,408.7,3559,118632,2,1
59317,83,779.5,404.2,3559,118634,2,1
59318,83,775.6,401,3559,118636,2,1
59319,83,771.4,399.2,3559,118638,2,1
59320,83,768.4,398.9,3560,118640,2,1
59321,83,765.4,398.6,3560,118642,2,1
59322,83,762.8,398.4,3560,118644,2,1
59323,83,761.2,398.2,3560,118646,2,1
59324,83,759.5,397.9,3560,118648,2,1
59325,83,758.1,397.9,3560,118650,2,1
59326,83,756.9,397.7,3560,118652,2,1
59327,83,755.9,397.4,3560,118654,2,1
59328,83,754.8,397.1,3560,118656,2,1
59329,83,754.8,396.4,3560,118658,2,1
59330,83,754.6,395.6,3560,118660,2,1
59331,83,754.5,394.8,3560,118662,2,1
59332,83,754.4,394,3560,118664,2,1
59333,83,754.3,393.3,3560,118666,2,1
59334,83,754.1,392.8,3560,118668,2,1
59335,83,753.8,392.2,3560,118670,2,1
59336,83,753.3,391.8,3560,118672,2,1
59337,83,752.9,391.6,3561,118674,2,1
59338,83,752.7,391.6,3561,118676,2,1
59339,83,752.9,391.6,3561,118678,2,1
59340,83,753,391.8,3561,118680,2,1
59341,83,753.2,392.5,3561,118682,2,1
59342,83,753.5,393.2,3561,118684,2,1
59343,83,754,393.9,3561,118686,2,1
59344,83,754.5,394.4,3561,118688,2,1
59345,83,754.8,394.8,3561,118690,2,1
59346,83,754.7,394.6,3561,118692,2,1
59347,83,754.7,394.3,3561,118694,2,1
59348,83,754.9,393.6,3561,118696,2,1
59349,83,755.1,392.9,3561,118698,2,1
59350,83,755.2,392.1,3561,118700,2,1
59351,83,755.3,391.4,3561,118702,2,1
59352,83,755.1,391,3561,118704,2,1
59353,83,754.9,391.3,3561,118706,2,1
59354,83,754.7,391.6,3562,118708,2,1
59355,83,754.1,391.8,3562,118710,2,1
59356,83,753.6,392.1,3562,118712,2,1
59357,83,753.2,392.4,3562,118714,2,1
59358,83,753.1,392.6,3562,118716,2,1
59359,83,753.6,392.6,3562,118718,2,1
59360,83,754.2,392.5,3562,118720,2,1
59361,83,754.9,391.9,3562,118722,2,1
59362,83,755.7,391.3,3562,118724,2,1
59363,83,756.4,390.9,3562,118726,2,1
59364,83,757,390.3,3562,118728,2,1
59365,83,757.4,389.7,3562,118730,2,1
59366,83,757.4,389.2,3562,118732,2,1
59367,83,757,388.8,3562,118734,2,1
59368,83,756.4,388.6,3562,118736,2,1
59369,83,755.9,388.5,3562,118738,2,1
59370,83,755.4,388.3,3563,118740,2,1
59371,83,755,388.3,3563,118742,2,1
59372,83,754.6,388.3,3563,118744,2,1
59373,83,754.3,388.3,3563,118746,2,1
59374,83,754.3,388.5,3563,118748,2,1
59375,83,754.4,388.5,3563,118750,2,1
59376,83,754.4,389.1,3563,118752,2,1
59377,83,754.4,389.7,3563,118754,2,1
59378,83,754.3,390.2,3563,118756,2,1
59379,83,754.2,390.7,3563,118758,2,1
59380,83,754.1,391.4,3563,118760,2,1
59381,83,753.8,391.9,3563,118762,2,1
59382,83,753.5,392.6,3563,118764,2,1
59383,83,752.8,392.7,3563,118766,2,1
59384,83,752.1,392.9,3563,118768,2,1
59385,83,751.5,393.1,3563,118770,2,1
59386,83,750.9,393.4,3563,118772,2,1
59387,83,750.2,394,3564,118774,2,1
59388,83,749.7,394.5,3564,118776,2,1
59389,83,749.2,394.9,3564,118778,2,1
59390,83,749.2,395.3,3564,118780,2,1
59391,83,749.2,395.5,3564,118782,2,1
59392,83,749.1,396.1,3564,118784,2,1
59393,83,749.1,396.5,3564,118786,2,1
59394,83,749.2,396.6,3564,118788,2,1
59395,83,749.3,396.6,3564,118790,2,1
59396,83,749.3,396.5,3564,118792,2,1
59397,83,749.3,395.9,3564,118794,2,1
59398,83,749.3,395,3564,118796,2,1
59399,83,749.4,394,3564,118798,2,1
59400,83,749.4,393.5,3564,118800,2,1
59401,83,749.3,393.2,3564,118802,2,1
59402,83,749.3,393.3,3564,118804,2,1
59403,83,749.2,393.8,3564,118806,2,1
59404,83,749.3,394.5,3565,118808,2,1
59405,83,749.2,395.2,3565,118810,2,1
59406,83,749.2,395.9,3565,118812,2,1
59407,83,749.2,396.3,3565,118814,2,1
59408,83,749.1,396.6,3565,118816,2,1
59409,83,749.2,397.2,3565,118818,2,1
59410,83,749.3,397.5,3565,118820,2,1
59411,83,749.3,398.2,3565,118822,2,1
59412,83,749.1,399.3,3565,118824,2,1
59413,83,749.1,400.5,3565,118826,2,1
59414,83,749,401.6,3565,118828,2,1
59415,83,748.9,402.4,3565,118830,2,1
59416,83,748.7,402.7,3565,118832,2,1
59417,83,748.4,403,3565,118834,2,1
59418,83,748.2,403.5,3565,118836,2,1
59419,83,748,403.8,3565,118838,2,1
59420,83,747.9,404,3566,118840,2,1
59421,83,747.6,404.1,3566,118842,2,1
59422,83,747.3,404.2,3566,118844,2,1
59423,83,746.9,404.4,3566,118846,2,1
59424,83,746.5,404.6,3566,118848,2,1
59425,83,745.8,404.6,3566,118850,2,1
59426,83,745.1,404.4,3566,118852,2,1
59427,83,744.4,404.1,3566,118854,2,1
59428,83,744,403.8,3566,118856,2,1
59429,83,744.1,403.5,3566,118858,2,1
59430,83,744.5,403.2,3566,118860,2,1
59431,83,745,402.8,3566,118862,2,1
59432,83,745.8,402.3,3566,118864,2,1
59433,83,746.6,401.8,3566,118866,2,1
59434,83,747.4,401.2,3566,118868,2,1
59435,83,747.9,401.1,3566,118870,2,1
59436,83,748.1,401.2,3566,118872,2,1
59437,83,748,401.3,3567,118874,2,1
59438,83,747.9,401.6,3567,118876,2,1
59439,83,747.7,401.9,3567,118878,2,1
59440,83,747.6,402.2,3567,118880,2,1
59441,83,747,402.5,3567,118882,2,1
59442,83,746.3,402.7,3567,118884,2,1
59443,83,745.7,403,3567,118886,2,1
59444,83,745.1,403.4,3567,118888,2,1
59445,83,744.4,403.8,3567,118890,2,1
59446,83,743.8,404.2,3567,118892,2,1
59447,83,743.1,404.7,3567,118894,2,1
59448,83,743,405.1,3567,118896,2,1
59449,83,742.9,405.4,3567,118898,2,1
59450,83,742.9,405.7,3567,118900,2,1
59451,83,742.8,405.9,3567,118902,2,1
59452,83,742.9,406.2,3567,118904,2,1
59453,83,743.1,406.4,3567,118906,2,1
59454,83,743.4,406.5,3568,118908,2,1
59455,83,743.7,406.7,3568,118910,2,1
59456,83,743.9,407.2,3568,118912,2,1
59457,83,743.9,407.7,3568,118914,2,1
59458,83,743.9,408.2,3568,118916,2,1
59459,83,743.8,408.3,3568,118918,2,1
59460,83,743.7,408.2,3568,118920,2,1
59461,83,743.4,408.2,3568,118922,2,1
59462,83,743.1,408.3,3568,118924,2,1
59463,83,742.6,408.6,3568,118926,2,1
59464,83,742.3,408.7,3568,118928,2,1
59465,83,741.9,408.9,3568,118930,2,1
59466,83,741.7,408.9,3568,118932,2,1
59467,83,741.5,409,3568,118934,2,1
59468,83,741.3,409,3568,118936,2,1
59469,83,741.1,409.1,3568,118938,2,1
59470,83,740.8,409,3569,118940,2,1
59471,83,740.5,409.1,3569,118942,2,1
59472,83,740.2,409.2,3569,118944,2,1
59473,83,739.9,409.3,3569,118946,2,1
59474,83,739.6,409.6,3569,118948,2,1
59475,83,739.3,409.8,3569,118950,2,1
59476,83,739.2,409.9,3569,118952,2,1
59477,83,739.3,410.1,3569,118954,2,1
59478,83,739.4,410,3569,118956,2,1
59479,83,739.3,410,3569,118958,2,1
59480,83,739.1,409.7,3569,118960,2,1
59481,83,738.9,409.5,3569,118962,2,1
59482,83,738.8,409.3,3569,118964,2,1
59483,83,738.4,409.1,3569,118966,2,1
59484,83,738.1,409,3569,118968,2,1
59485,83,737.7,408.8,3569,118970,2,1
59486,83,737.6,408.6,3569,118972,2,1
59487,83,737.4,408.8,3570,118974,2,1
59488,83,737.2,409,3570,118976,2,1
59489,83,736.9,409.2,3570,118978,2,1
59490,83,736.7,409.5,3570,118980,2,1
59491,83,736.6,410,3570,118982,2,1
59492,83,736.6,410.5,3570,118984,2,1
59493,83,736.6,411,3570,118986,2,1
59494,83,736.6,411.4,3570,118988,2,1
59495,83,736.6,411.7,3570,118990,2,1
59496,83,736.6,412,3570,118992,2,1
59497,83,736.6,412,3570,118994,2,1
59498,83,736.7,411.9,3570,118996,2,1
59499,83,736.5,411.9,3570,118998,2,1
59500,83,736.4,412,3570,119000,2,1
59501,83,736.3,412,3570,119002,2,1
59502,83,736.1,412.2,3570,119004,2,1
59503,83,736,412.4,3570,119006,2,1
59504,83,735.8,412.7,3571,119008,2,1
59505,83,735.6,412.9,3571,119010,2,1
59506,83,735.7,413,3571,119012,2,1
59507,83,735.7,412.8,3571,119014,2,1
59508,83,735.6,412.6,3571,119016,2,1
59509,83,735.5,412.3,3571,119018,2,1
59510,83,735.4,412.3,3571,119020,2,1
59511,83,735.1,412.3,3571,119022,2,1
59512,83,734.8,412.2,3571,119024,2,1
59513,83,734.5,412.3,3571,119026,2,1
59514,83,733.9,412.7,3571,119028,2,1
59515,83,733.5,413,3571,119030,2,1
59516,83,733.1,413.3,3571,119032,2,1
59517,83,732.7,413.3,3571,119034,2,1
59518,83,732.4,413.2,3571,119036,2,1
59519,83,732.2,413.3,3571,119038,2,1
59520,83,732,413.4,3572,119040,2,1
59521,83,732,413.2,3572,119042,2,1
59522,83,732.1,413,3572,119044,2,1
59523,83,732.2,412.8,3572,119046,2,1
59524,83,732.3,412.5,3572,119048,2,1
59525,83,732.4,412.2,3572,119050,2,1
59526,83,732.6,411.8,3572,119052,2,1
59527,83,732.7,411.5,3572,119054,2,1
59528,83,732.9,411.3,3572,119056,2,1
59529,83,733.2,411,3572,119058,2,1
59530,83,733.4,410.7,3572,119060,2,1
59531,83,733.6,410.3,3572,119062,2,1
59532,83,733.9,409.8,3572,119064,2,1
59533,83,734.7,408.4,3572,119066,2,1
59534,83,735.6,406.6,3572,119068,2,1
59535,83,736.6,404.5,3572,119070,2,1
59536,83,737.5,402.3,3572,119072,2,1
59537,83,738.3,400.1,3573,119074,2,1
59538,83,738.6,398.3,3573,119076,2,1
59539,83,738.8,399.6,3573,119078,2,1
59540,83,738.1,403.5,3573,119080,2,1
59541,83,736.9,413,3573,119082,2,1
59542,83,734.4,435,3573,119084,2,1
59543,83,729.8,470,3573,119086,2,1
59544,83,733.5,526.2,3573,119088,2,1
59545,83,747,602.3,3573,119090,2,1
59546,83,768.2,717.3,3573,119092,2,1
59547,83,789.5,600.8,3573,119094,2,1
59548,83,816.7,277.4,3573,119096,2,1
59549,83,869.1,-9999,3573,119098,2,1
59550,83,-9999,-9999,3573,119100,2,1
59551,83,-9999,-9999,3573,119102,2,1
59552,83,-9999,-9999,3573,119104,2,1
59553,83,-9999,-9999,3573,119106,2,1
59554,83,-9999,-9999,3574,119108,2,1
59555,83,-9999,-9999,3574,119110,2,1
59556,83,-9999,-9999,3574,119112,2,1
59557,83,-9999,-9999,3574,119114,2,1
59558,83,-9999,-9999,3574,119116,2,1
59559,83,-9999,-9999,3574,119118,2,1
59560,83,-9999,-9999,3574,119120,2,1
59561,83,-9999,-9999,3574,119122,2,1
59562,83,-9999,-9999,3574,119124,2,1
59563,83,-9999,-9999,3574,119126,2,1
59564,83,-9999,-9999,3574,119128,2,1
59565,83,-9999,-9999,3574,119130,2,1
59566,83,-9999,-9999,3574,119132,2,1
59567,83,-9999,-9999,3574,119134,2,1
59568,83,-9999,-9999,3574,119136,2,1
59569,83,-9999,-9999,3574,119138,2,1
59570,83,-9999,-9999,3575,119140,2,1
59571,83,-9999,-9999,3575,119142,2,1
59572,83,-9999,-9999,3575,119144,2,1
59573,83,-9999,-9999,3575,119146,2,1
59574,83,-9999,-9999,3575,119148,2,1
59575,83,-9999,-9999,3575,119150,2,1
59576,83,-9999,-9999,3575,119152,2,1
59577,83,-9999,-9999,3575,119154,2,1
59578,83,-9999,-9999,3575,119156,2,1
59579,83,-9999,-9999,3575,119158,2,1
59580,83,-9999,-9999,3575,119160,2,1
59581,83,-9999,-9999,3575,119162,2,1
59582,83,-9999,-9999,3575,119164,2,1
59583,83,-9999,-9999,3575,119166,2,1
59584,83,-9999,-9999,3575,119168,2,1
59585,83,-9999,-9999,3575,119170,2,1
59586,83,-9999,-9999,3575,119172,2,1
59587,83,-9999,-9999,3576,119174,2,1
59588,83,-9999,-9999,3576,119176,2,1
59589,83,-9999,-9999,3576,119178,2,1
59590,83,-9999,-9999,3576,119180,2,1
59591,83,-9999,-9999,3576,119182,2,1
59592,83,-9999,-9999,3576,119184,2,1
59593,83,-9999,-9999,3576,119186,2,1
59594,83,-9999,-9999,3576,119188,2,1
59595,83,-9999,-9999,3576,119190,2,1
59596,83,-9999,-9999,3576,119192,2,1
59597,83,-9999,-9999,3576,119194,2,1
59598,83,-9999,-9999,3576,119196,2,1
59599,83,-9999,-9999,3576,119198,2,1
59600,83,-9999,-9999,3576,119200,2,1
59601,83,-9999,-9999,3576,119202,2,1
59602,83,-9999,-9999,3576,119204,2,1
59603,83,-9999,-9999,3576,119206,2,1
59604,83,-9999,-9999,3577,119208,2,1
59605,83,-9999,-9999,3577,119210,2,1
59606,83,-9999,-9999,3577,119212,2,1
59607,83,-9999,-9999,3577,119214,2,1
59608,83,-9999,-9999,3577,119216,2,1
59609,83,-9999,-9999,3577,119218,2,1
59610,83,-9999,-9999,3577,119220,2,1
59611,83,-9999,-9999,3577,119222,2,1
59612,83,-9999,-9999,3577,119224,2,1
59613,83,-9999,-9999,3577,119226,2,1
59614,83,-9999,-9999,3577,119228,2,1
59615,83,-9999,-9999,3577,119230,2,1
59616,83,-9999,-9999,3577,119232,2,1
59617,83,-9999,-9999,3577,119234,2,1
59618,83,-9999,-9999,3577,119236,2,1
59619,83,-9999,-9999,3577,119238,2,1
59620,83,-9999,-9999,3578,119240,2,1
59621,83,-9999,-9999,3578,119242,2,1
59622,83,-9999,-9999,3578,119244,2,1
59623,83,-9999,-9999,3578,119246,2,1
59624,83,-9999,-9999,3578,119248,2,1
59625,83,-9999,-9999,3578,119250,2,1
59626,83,-9999,-9999,3578,119252,2,1
59627,83,-9999,-9999,3578,119254,2,1
59628,83,-9999,-9999,3578,119256,2,1
59629,83,-9999,-9999,3578,119258,2,1
59630,83,-9999,-9999,3578,119260,2,1
59631,83,-9999,-9999,3578,119262,2,1
59632,83,-9999,-9999,3578,119264,2,1
59633,83,-9999,-9999,3578,119266,2,1
59634,83,-9999,-9999,3578,119268,2,1
59635,83,-9999,-9999,3578,119270,2,1
59636,83,-9999,-9999,3578,119272,2,1
59637,83,-9999,-9999,3579,119274,2,1
59638,83,-9999,-9999,3579,119276,2,1
59639,83,-9999,-9999,3579,119278,2,1
59640,83,-9999,-9999,3579,119280,2,1
59641,83,-9999,-9999,3579,119282,2,1
59642,83,-9999,-9999,3579,119284,2,1
59643,83,-9999,-9999,3579,119286,2,1
59644,83,-9999,-9999,3579,119288,2,1
59645,83,-9999,-9999,3579,119290,2,1
59646,83,-9999,-9999,3579,119292,2,1
59647,83,-9999,-9999,3579,119294,2,1
59648,83,-9999,-9999,3579,119296,2,1
59649,83,-9999,-9999,3579,119298,2,1
59650,83,-9999,-9999,3579,119300,2,1
59651,83,-9999,-9999,3579,119302,2,1
59652,83,-9999,-9999,3579,119304,2,1
59653,83,-9999,-9999,3579,119306,2,1
59654,83,-9999,-9999,3580,119308,2,1
59655,83,-9999,-9999,3580,119310,2,1
59656,83,-9999,-9999,3580,119312,2,1
59657,83,-9999,-9999,3580,119314,2,1
59658,83,-9999,-9999,3580,119316,2,1
59659,83,-9999,-9999,3580,119318,2,1
59660,83,-9999,-9999,3580,119320,2,1
59661,83,-9999,-9999,3580,119322,2,1
59662,83,-9999,-9999,3580,119324,2,1
59663,83,-9999,-9999,3580,119326,2,1
59664,83,-9999,-9999,3580,119328,2,1
59665,83,-9999,-9999,3580,119330,2,1
59666,83,-9999,-9999,3580,119332,2,1
59667,83,-9999,-9999,3580,119334,2,1
59668,83,-9999,-9999,3580,119336,2,1
59669,83,-9999,-9999,3580,119338,2,1
59670,83,-9999,-9999,3581,119340,2,1
59671,83,-9999,-9999,3581,119342,2,1
59672,83,-9999,-9999,3581,119344,2,1
59673,83,-9999,-9999,3581,119346,2,1
59674,83,-9999,-9999,3581,119348,2,1
59675,83,-9999,-9999,3581,119350,2,1
59676,83,-9999,-9999,3581,119352,2,1
59677,83,-9999,-9999,3581,119354,2,1
59678,83,-9999,-9999,3581,119356,2,1
59679,83,-9999,-9999,3581,119358,2,1
59680,83,-9999,-9999,3581,119360,2,1
59681,83,-9999,-9999,3581,119362,2,1
59682,83,-9999,-9999,3581,119364,2,1
59683,83,-9999,-9999,3581,119366,2,1
59684,83,-9999,-9999,3581,119368,2,1
59685,83,-9999,-9999,3581,119370,2,1
59686,83,-9999,-9999,3581,119372,2,1
59687,83,-9999,-9999,3582,119374,2,1
59688,83,-9999,-9999,3582,119376,2,1
59689,83,-9999,-9999,3582,119378,2,1
59690,83,-9999,-9999,3582,119380,2,1
59691,83,-9999,-9999,3582,119382,2,1
59692,83,-9999,-9999,3582,119384,2,1
59693,83,-9999,-9999,3582,119386,2,1
59694,83,-9999,-9999,3582,119388,2,1
59695,83,-9999,-9999,3582,119390,2,1
59696,83,-9999,-9999,3582,119392,2,1
59697,83,-9999,-9999,3582,119394,2,1
59698,83,-9999,-9999,3582,119396,2,1
59699,83,-9999,-9999,3582,119398,2,1
59700,83,-9999,-9999,3582,119400,2,1
59701,83,-9999,-9999,3582,119402,2,1
59702,83,-9999,-9999,3582,119404,2,1
59703,83,-9999,-9999,3582,119406,2,1
59704,83,-9999,-9999,3583,119408,2,1
59705,83,-9999,-9999,3583,119410,2,1
59706,83,-9999,-9999,3583,119412,2,1
59707,83,-9999,-9999,3583,119414,2,1
59708,83,-9999,-9999,3583,119416,2,1
59709,83,-9999,-9999,3583,119418,2,1
59710,83,-9999,-9999,3583,119420,2,1
59711,83,-9999,-9999,3583,119422,2,1
59712,83,-9999,-9999,3583,119424,2,1
59713,83,-9999,-9999,3583,119426,2,1
59714,83,-9999,-9999,3583,119428,2,1
59715,83,-9999,-9999,3583,119430,2,1
59716,83,-9999,-9999,3583,119432,2,1
59717,83,-9999,-9999,3583,119434,2,1
59718,83,-9999,-9999,3583,119436,2,1
59719,83,-9999,-9999,3583,119438,2,1
59720,83,-9999,-9999,3584,119440,2,1
59721,83,-9999,-9999,3584,119442,2,1
59722,83,-9999,-9999,3584,119444,2,1
59723,83,-9999,-9999,3584,119446,2,1
59724,83,-9999,-9999,3584,119448,2,1
59725,83,-9999,-9999,3584,119450,2,1
59726,83,-9999,-9999,3584,119452,2,1
59727,83,-9999,-9999,3584,119454,2,1
59728,83,-9999,-9999,3584,119456,2,1
59729,83,-9999,-9999,3584,119458,2,1
59730,83,-9999,-9999,3584,119460,2,1
59731,83,-9999,-9999,3584,119462,2,1
59732,83,-9999,-9999,3584,119464,2,1
59733,83,-9999,-9999,3584,119466,2,1
59734,83,-9999,-9999,3584,119468,2,1
59735,83,-9999,-9999,3584,119470,2,1
59736,83,-9999,-9999,3584,119472,2,1
59737,83,-9999,-9999,3585,119474,2,1
59738,83,-9999,-9999,3585,119476,2,1
59739,83,-9999,-9999,3585,119478,2,1
59740,83,-9999,-9999,3585,119480,2,1
59741,83,-9999,-9999,3585,119482,2,1
59742,83,-9999,-9999,3585,119484,2,1
59743,83,-9999,-9999,3585,119486,2,1
59744,83,-9999,-9999,3585,119488,2,1
59745,83,-9999,-9999,3585,119490,2,1
59746,83,-9999,-9999,3585,119492,2,1
59747,83,-9999,-9999,3585,119494,2,1
59748,83,-9999,-9999,3585,119496,2,1
59749,83,-9999,-9999,3585,119498,2,1
59750,83,-9999,-9999,3585,119500,2,1
59751,83,-9999,-9999,3585,119502,2,1
59752,83,-9999,-9999,3585,119504,2,1
59753,83,-9999,-9999,3585,119506,2,1
59754,83,-9999,-9999,3586,119508,2,1
59755,83,-9999,-9999,3586,119510,2,1
59756,83,-9999,-9999,3586,119512,2,1
59757,83,-9999,-9999,3586,119514,2,1
59758,83,-9999,-9999,3586,119516,2,1
59759,83,-9999,-9999,3586,119518,2,1
59760,83,-9999,-9999,3586,119520,2,1
59761,83,-9999,-9999,3586,119522,2,1
59762,83,-9999,-9999,3586,119524,2,1
59763,83,-9999,-9999,3586,119526,2,1
59764,83,-9999,-9999,3586,119528,2,1
59765,83,-9999,-9999,3586,119530,2,1
59766,83,-9999,-9999,3586,119532,2,1
59767,83,-9999,-9999,3586,119534,2,1
59768,83,-9999,-9999,3586,119536,2,1
59769,83,-9999,-9999,3586,119538,2,1
59770,83,-9999,-9999,3587,119540,2,1
59771,83,-9999,-9999,3587,119542,2,1
59772,83,-9999,-9999,3587,119544,2,1
59773,83,-9999,-9999,3587,119546,2,1
59774,83,-9999,-9999,3587,119548,2,1
59775,83,-9999,-9999,3587,119550,2,1
59776,83,-9999,-9999,3587,119552,2,1
59777,83,-9999,-9999,3587,119554,2,1
59778,83,-9999,-9999,3587,119556,2,1
59779,83,-9999,-9999,3587,119558,2,1
59780,83,-9999,-9999,3587,119560,2,1
59781,83,-9999,-9999,3587,119562,2,1
59782,83,-9999,-9999,3587,119564,2,1
59783,83,-9999,-9999,3587,119566,2,1
59784,83,-9999,-9999,3587,119568,2,1
59785,83,-9999,-9999,3587,119570,2,1
59786,83,-9999,-9999,3587,119572,2,1
59787,83,-9999,-9999,3588,119574,2,1
59788,83,-9999,-9999,3588,119576,2,1
59789,83,-9999,-9999,3588,119578,2,1
59790,83,-9999,-9999,3588,119580,2,1
59791,83,-9999,-9999,3588,119582,2,1
59792,83,-9999,-9999,3588,119584,2,1
59793,83,-9999,-9999,3588,119586,2,1
59794,83,-9999,-9999,3588,119588,2,1
59795,83,-9999,-9999,3588,119590,2,1
59796,83,-9999,-9999,3588,119592,2,1
59797,83,-9999,-9999,3588,119594,2,1
59798,83,-9999,-9999,3588,119596,2,1
59799,83,-9999,-9999,3588,119598,2,1
59800,83,-9999,-9999,3588,119600,2,1
59801,83,-9999,-9999,3588,119602,2,1
59802,83,-9999,-9999,3588,119604,2,1
59803,83,-9999,-9999,3588,119606,2,1
59804,83,-9999,-9999,3589,119608,2,1
59805,83,-9999,-9999,3589,119610,2,1
59806,83,-9999,-9999,3589,119612,2,1
59807,83,-9999,-9999,3589,119614,2,1
59808,83,-9999,-9999,3589,119616,2,1
59809,83,-9999,-9999,3589,119618,2,1
59810,83,-9999,-9999,3589,119620,2,1
59811,83,-9999,-9999,3589,119622,2,1
59812,83,-9999,-9999,3589,119624,2,1
59813,83,-9999,-9999,3589,119626,2,1
59814,83,-9999,-9999,3589,119628,2,1
59815,83,-9999,-9999,3589,119630,2,1
59816,83,-9999,-9999,3589,119632,2,1
59817,83,-9999,-9999,3589,119634,2,1
59818,83,-9999,-9999,3589,119636,2,1
59819,83,-9999,-9999,3589,119638,2,1
59820,83,-9999,-9999,3590,119640,2,1
59821,83,-9999,-9999,3590,119642,2,1
59822,83,-9999,-9999,3590,119644,2,1
59823,83,-9999,-9999,3590,119646,2,1
59824,83,-9999,-9999,3590,119648,2,1
59825,83,-9999,-9999,3590,119650,2,1
59826,83,-9999,-9999,3590,119652,2,1
59827,83,-9999,-9999,3590,119654,2,1
59828,83,-9999,-9999,3590,119656,2,1
59829,83,-9999,-9999,3590,119658,2,1
59830,83,-9999,-9999,3590,119660,2,1
59831,83,-9999,-9999,3590,119662,2,1
59832,83,-9999,-9999,3590,119664,2,1
59833,83,-9999,-9999,3590,119666,2,1
59834,83,-9999,-9999,3590,119668,2,1
59835,83,-9999,-9999,3590,119670,2,1
59836,83,-9999,-9999,3590,119672,2,1
59837,83,-9999,-9999,3591,119674,2,1
59838,83,-9999,-9999,3591,119676,2,1
59839,83,-9999,-9999,3591,119678,2,1
59840,83,-9999,-9999,3591,119680,2,1
59841,83,-9999,-9999,3591,119682,2,1
59842,83,-9999,-9999,3591,119684,2,1
59843,83,-9999,-9999,3591,119686,2,1
59844,83,-9999,-9999,3591,119688,2,1
59845,83,-9999,-9999,3591,119690,2,1
59846,83,-9999,-9999,3591,119692,2,1
59847,83,-9999,-9999,3591,119694,2,1
59848,83,-9999,-9999,3591,119696,2,1
59849,83,-9999,-9999,3591,119698,2,1
59850,83,-9999,-9999,3591,119700,2,1
59851,83,-9999,-9999,3591,119702,2,1
59852,83,-9999,-9999,3591,119704,2,1
59853,83,-9999,-9999,3591,119706,2,1
59854,83,-9999,-9999,3592,119708,2,1
59855,83,-9999,-9999,3592,119710,2,1
59856,83,-9999,-9999,3592,119712,2,1
59857,83,-9999,-9999,3592,119714,2,1
59858,83,-9999,-9999,3592,119716,2,1
59859,83,-9999,-9999,3592,119718,2,1
59860,83,-9999,-9999,3592,119720,2,1
59861,83,-9999,-9999,3592,119722,2,1
59862,83,-9999,-9999,3592,119724,2,1
59863,83,-9999,-9999,3592,119726,2,1
59864,83,-9999,-9999,3592,119728,2,1
59865,83,-9999,-9999,3592,119730,2,1
59866,83,-9999,-9999,3592,119732,2,1
59867,83,-9999,-9999,3592,119734,2,1
59868,83,-9999,-9999,3592,119736,2,1
59869,83,-9999,-9999,3592,119738,2,1
59870,83,-9999,-9999,3593,119740,2,1
59871,83,-9999,-9999,3593,119742,2,1
59872,83,-9999,-9999,3593,119744,2,1
59873,83,-9999,-9999,3593,119746,2,1
59874,83,-9999,-9999,3593,119748,2,1
59875,83,-9999,-9999,3593,119750,2,1
59876,83,-9999,-9999,3593,119752,2,1
59877,83,-9999,-9999,3593,119754,2,1
59878,83,-9999,-9999,3593,119756,2,1
59879,83,-9999,-9999,3593,119758,2,1
59880,83,-9999,-9999,3593,119760,2,1
59881,83,-9999,-9999,3593,119762,2,1
59882,83,-9999,-9999,3593,119764,2,1
59883,83,-9999,-9999,3593,119766,2,1
59884,83,-9999,-9999,3593,119768,2,1
59885,83,-9999,-9999,3593,119770,2,1
59886,83,-9999,-9999,3593,119772,2,1
59887,83,-9999,-9999,3594,119774,2,1
59888,83,-9999,-9999,3594,119776,2,1
59889,83,-9999,-9999,3594,119778,2,1
59890,83,-9999,-9999,3594,119780,2,1
59891,83,-9999,-9999,3594,119782,2,1
59892,83,-9999,-9999,3594,119784,2,1
59893,83,-9999,-9999,3594,119786,2,1
59894,83,-9999,-9999,3594,119788,2,1
59895,83,-9999,-9999,3594,119790,2,1
59896,83,-9999,-9999,3594,119792,2,1
59897,83,-9999,-9999,3594,119794,2,1
59898,83,-9999,-9999,3594,119796,2,1
59899,83,-9999,-9999,3594,119798,2,1
59900,83,-9999,-9999,3594,119800,2,1
59901,83,-9999,-9999,3594,119802,2,1
59902,83,-9999,-9999,3594,119804,2,1
59903,83,-9999,-9999,3594,119806,2,1
59904,83,-9999,-9999,3595,119808,2,1
59905,83,-9999,-9999,3595,119810,2,1
59906,83,-9999,-9999,3595,119812,2,1
59907,83,-9999,-9999,3595,119814,2,1
59908,83,-9999,-9999,3595,119816,2,1
59909,83,-9999,-9999,3595,119818,2,1
59910,83,-9999,-9999,3595,119820,2,1
59911,83,-9999,-9999,3595,119822,2,1
59912,83,-9999,-9999,3595,119824,2,1
59913,83,-9999,-9999,3595,119826,2,1
59914,83,-9999,-9999,3595,119828,2,1
59915,83,-9999,-9999,3595,119830,2,1
59916,83,-9999,-9999,3595,119832,2,1
59917,83,-9999,-9999,3595,119834,2,1
59918,83,-9999,-9999,3595,119836,2,1
59919,83,-9999,-9999,3595,119838,2,1
59920,83,-9999,-9999,3596,119840,2,1
59921,83,-9999,-9999,3596,119842,2,1
59922,83,-9999,-9999,3596,119844,2,1
59923,83,-9999,-9999,3596,119846,2,1
59924,83,-9999,-9999,3596,119848,2,1
59925,83,-9999,-9999,3596,119850,2,1
59926,83,-9999,-9999,3596,119852,2,1
59927,83,-9999,-9999,3596,119854,2,1
59928,83,-9999,-9999,3596,119856,2,1
59929,83,-9999,-9999,3596,119858,2,1
59930,83,-9999,-9999,3596,119860,2,1
59931,83,-9999,-9999,3596,119862,2,1
59932,83,-9999,-9999,3596,119864,2,1
59933,83,-9999,-9999,3596,119866,2,1
59934,83,-9999,-9999,3596,119868,2,1
59935,83,-9999,-9999,3596,119870,2,1
59936,83,-9999,-9999,3596,119872,2,1
59937,83,-9999,-9999,3597,119874,2,1
59938,83,-9999,-9999,3597,119876,2,1
59939,83,-9999,-9999,3597,119878,2,1
59940,83,777.8,-9999,3597,119880,2,1
59941,83,792.7,-9999,3597,119882,2,1
59942,83,805.3,-9999,3597,119884,2,1
59943,83,820.6,-9999,3597,119886,2,1
59944,83,833,-9999,3597,119888,2,1
59945,83,835.5,1013.2,3597,119890,2,1
59946,83,837.8,954.1,3597,119892,2,1
59947,83,838,905.7,3597,119894,2,1
59948,83,838.6,861.4,3597,119896,2,1
59949,83,839.1,819.6,3597,119898,2,1
59950,83,839.3,778.7,3597,119900,2,1
59951,83,841.1,745.7,3597,119902,2,1
59952,83,842.9,711.8,3597,119904,2,1
59953,83,845.6,686.3,3597,119906,2,1
59954,83,848,659.8,3598,119908,2,1
59955,83,849.8,634.8,3598,119910,2,1
59956,83,852.9,609.6,3598,119912,2,1
59957,83,855.7,583.1,3598,119914,2,1
59958,83,857.9,559.8,3598,119916,2,1
59959,83,860.1,536.8,3598,119918,2,1
59960,83,861.3,516.8,3598,119920,2,1
59961,83,862.7,497.4,3598,119922,2,1
59962,83,865.2,474.7,3598,119924,2,1
59963,83,866.7,454.9,3598,119926,2,1
59964,83,869.3,435.2,3598,119928,2,1
59965,83,873,416.1,3598,119930,2,1
59966,83,875.8,402.2,3598,119932,2,1
59967,83,877.6,389.6,3598,119934,2,1
59968,83,875.6,386.1,3598,119936,2,1
59969,83,872.2,388.9,3598,119938,2,1
59970,83,867.9,394,3599,119940,2,1
59971,83,861.7,406.1,3599,119942,2,1
59972,83,854.5,418.9,3599,119944,2,1
59973,83,848.1,430.7,3599,119946,2,1
59974,83,842.8,441.2,3599,119948,2,1
59975,83,841.1,446.4,3599,119950,2,1
59976,83,840.4,450,3599,119952,2,1
59977,83,840.5,451.6,3599,119954,2,1
59978,83,841.4,451.1,3599,119956,2,1
59979,83,842.3,450,3599,119958,2,1
59980,83,843.1,448.2,3599,119960,2,1
59981,83,843.7,446.1,3599,119962,2,1
59982,83,844.3,443.7,3599,119964,2,1
59983,83,844.2,441.2,3599,119966,2,1
59984,83,844,438.8,3599,119968,2,1
59985,83,843.8,437.4,3599,119970,2,1
59986,83,843.6,436.3,3599,119972,2,1
59987,83,843.5,436.1,3600,119974,2,1
59988,83,843.3,436.1,3600,119976,2,1
59989,83,843.1,436.2,3600,119978,2,1
59990,83,843.1,436.4,3600,119980,2,1
59991,83,843.1,436.5,3600,119982,2,1
59992,83,842.9,437,3600,119984,2,1
59993,83,842.7,437.2,3600,119986,2,1
59994,83,842,437.2,3600,119988,2,1
59995,83,841.3,437.2,3600,119990,2,1
59996,83,840.7,437.2,3600,119992,2,1
59997,83,840.1,436.9,3600,119994,2,1
59998,83,839.5,436.7,3600,119996,2,1
59999,83,839.1,436.4,3600,119998,2,1
60000,83,838.8,436,3600,120000,2,1
60001,83,838.7,435.6,3600,120002,2,1
60002,83,838.6,435.2,3600,120004,2,1
60003,83,838.6,434.9,3600,120006,2,1
